#name,chrom,strand,txStart,txEnd,exonCount,exonStarts,exonEnds,score,name2
XR_007064838.1,chr1,-,77944054,77979072,23,"77944054,77945505,77946529,77949154,77955254,77956571,77960183,77960343,77962769,77963573,77964061,77964253,77964645,77964869,77965068,77966693,77966883,77967048,77967626,77968164,77969021,77969924,77978884,","77944269,77945642,77946576,77949300,77955329,77956700,77960263,77960495,77962930,77963715,77964162,77964356,77964747,77964968,77965231,77966751,77966955,77967098,77967666,77968203,77969084,77970015,77979072,",0,FUBP1
XR_007064840.1,chr1,-,77944054,77979501,23,"77944054,77945505,77946529,77949154,77955254,77956571,77960183,77960343,77962769,77963573,77964061,77964253,77964645,77964869,77965068,77966693,77966883,77967048,77967626,77968164,77969924,77978884,77979396,","77944269,77945642,77946576,77949300,77955329,77956700,77960263,77960495,77962930,77963715,77964162,77964356,77964747,77964968,77965231,77966751,77966955,77967098,77967666,77968203,77970015,77979059,77979501,",0,FUBP1
XR_007064839.1,chr1,-,77944054,77979501,23,"77944054,77945505,77946529,77949154,77955254,77956571,77960183,77960343,77962769,77963573,77964061,77964253,77964645,77964869,77965068,77966693,77966883,77967048,77967626,77968164,77969924,77978884,77979396,","77944269,77945642,77946576,77949300,77955329,77956700,77960263,77960495,77962930,77963715,77964162,77964356,77964747,77964968,77965231,77966751,77966955,77967101,77967666,77968203,77970015,77979059,77979501,",0,FUBP1
XR_007064841.1,chr1,-,77944054,77979072,22,"77944054,77945505,77949154,77955254,77956571,77960183,77960343,77962769,77963573,77964061,77964253,77964645,77964869,77965068,77966693,77966883,77967048,77967626,77968164,77969021,77969924,77978884,","77944269,77948774,77949300,77955329,77956700,77960263,77960495,77962930,77963715,77964162,77964356,77964747,77964968,77965231,77966751,77966955,77967101,77967666,77968203,77969084,77970015,77979072,",0,FUBP1
XR_007064842.1,chr1,-,77944054,77979072,22,"77944054,77945505,77949154,77955254,77956571,77960183,77960343,77962769,77963573,77964061,77964253,77964645,77964869,77965068,77966693,77966883,77967048,77967626,77968164,77969021,77969924,77978884,","77944269,77948774,77949300,77955329,77956700,77960263,77960495,77962930,77963715,77964162,77964356,77964747,77964968,77965231,77966751,77966955,77967098,77967666,77968203,77969084,77970015,77979072,",0,FUBP1
XR_007064843.1,chr1,-,77944054,77979072,21,"77944054,77945505,77949154,77955254,77956571,77960183,77960343,77962769,77963573,77964061,77964253,77964645,77964869,77965068,77966693,77966883,77967048,77967626,77968164,77969924,77978884,","77944269,77948774,77949300,77955329,77956700,77960263,77960495,77962930,77963715,77964162,77964356,77964747,77964968,77965231,77966751,77966955,77967101,77967666,77968203,77970015,77979072,",0,FUBP1
XR_007064844.1,chr1,-,77944054,77979072,21,"77944054,77945505,77949154,77955254,77956571,77960183,77960343,77962769,77963573,77964061,77964253,77964645,77964869,77965068,77966693,77966883,77967048,77967626,77968164,77969924,77978884,","77944269,77948774,77949300,77955329,77956700,77960263,77960495,77962930,77963715,77964162,77964356,77964747,77964968,77965231,77966751,77966955,77967098,77967666,77968203,77970015,77979072,",0,FUBP1
XM_047422550.1,chr1,+,9687632,9729114,24,"9687632,9691466,9710423,9715540,9715848,9716439,9716958,9717536,9718693,9719920,9720111,9720610,9720741,9721126,9721443,9721760,9721974,9722243,9722527,9723124,9723968,9724275,9724803,9726908,","9688313,9691571,9710596,9715769,9716078,9716619,9717108,9717626,9718915,9720017,9720242,9720661,9720909,9721248,9721587,9721860,9722153,9722356,9722606,9723292,9724092,9724421,9724936,9729114,",0,PIK3CD
XM_047422551.1,chr1,+,9629972,9729114,24,"9629972,9691466,9710423,9715540,9715848,9716439,9716958,9717536,9718693,9719920,9720111,9720610,9720741,9721126,9721443,9721760,9721974,9722243,9722527,9723124,9723968,9724275,9724803,9726908,","9630224,9691571,9710596,9715769,9716078,9716619,9717108,9717626,9718915,9720017,9720242,9720661,9720909,9721248,9721587,9721860,9722153,9722356,9722606,9723292,9724092,9724421,9724936,9729114,",0,PIK3CD
XM_047422552.1,chr1,+,9651730,9729114,25,"9651730,9664595,9691466,9710423,9715540,9715848,9716439,9716958,9717536,9718693,9719920,9720111,9720610,9720741,9721126,9721443,9721760,9721974,9722243,9722527,9723124,9723968,9724275,9724803,9726908,","9651802,9664758,9691571,9710596,9715769,9716078,9716619,9717108,9717626,9718915,9720017,9720242,9720661,9720909,9721248,9721587,9721860,9722153,9722356,9722606,9723292,9724092,9724421,9724936,9729114,",0,PIK3CD
XM_047422553.1,chr1,+,9629912,9729114,25,"9629912,9630137,9691466,9710423,9715540,9715848,9716439,9716958,9717536,9718693,9719920,9720111,9720610,9720741,9721126,9721443,9721760,9721974,9722243,9722527,9723124,9723968,9724275,9724803,9726908,","9629995,9630224,9691571,9710596,9715769,9716078,9716619,9717108,9717626,9718915,9720017,9720242,9720661,9720909,9721248,9721587,9721860,9722153,9722356,9722606,9723292,9724092,9724421,9724936,9729114,",0,PIK3CD
XM_047422554.1,chr1,+,9651730,9729114,25,"9651730,9691466,9710104,9710423,9715540,9715848,9716439,9716958,9717536,9718693,9719920,9720111,9720610,9720741,9721126,9721443,9721760,9721974,9722243,9722527,9723124,9723968,9724275,9724803,9726908,","9651802,9691571,9710280,9710596,9715769,9716078,9716619,9717108,9717626,9718915,9720017,9720242,9720661,9720909,9721248,9721587,9721860,9722153,9722356,9722606,9723292,9724092,9724421,9724936,9729114,",0,PIK3CD
XM_047422555.1,chr1,+,9629972,9729114,25,"9629972,9691466,9710104,9710423,9715540,9715848,9716439,9716958,9717536,9718693,9719920,9720111,9720610,9720741,9721126,9721443,9721760,9721974,9722243,9722527,9723124,9723968,9724275,9724803,9726908,","9630224,9691571,9710280,9710596,9715769,9716078,9716619,9717108,9717626,9718915,9720017,9720242,9720661,9720909,9721248,9721587,9721860,9722153,9722356,9722606,9723292,9724092,9724421,9724936,9729114,",0,PIK3CD
XM_047422556.1,chr1,+,9687632,9729114,25,"9687632,9691466,9710104,9710423,9715540,9715848,9716439,9716958,9717536,9718693,9719920,9720111,9720610,9720741,9721126,9721443,9721760,9721974,9722243,9722527,9723124,9723968,9724275,9724803,9726908,","9688313,9691571,9710280,9710596,9715769,9716078,9716619,9717108,9717626,9718915,9720017,9720242,9720661,9720909,9721248,9721587,9721860,9722153,9722356,9722606,9723292,9724092,9724421,9724936,9729114,",0,PIK3CD
XM_047422557.1,chr1,+,9627257,9729114,26,"9627257,9628479,9630137,9691466,9710423,9715540,9715848,9716439,9716958,9717536,9718693,9719920,9720111,9720610,9720741,9721126,9721443,9721760,9721974,9722243,9722527,9723124,9723968,9724275,9724803,9726908,","9627540,9628702,9630224,9691571,9710596,9715769,9716078,9716619,9717108,9717626,9718915,9720017,9720242,9720661,9720909,9721248,9721587,9721860,9722153,9722356,9722606,9723292,9724092,9724421,9724936,9729114,",0,PIK3CD
XM_047422558.1,chr1,+,9689812,9729114,24,"9689812,9691466,9710423,9715540,9715848,9716439,9716958,9717536,9718693,9719920,9720111,9720610,9720741,9721126,9721443,9721760,9721974,9722243,9722527,9723124,9723968,9724275,9724803,9726908,","9690826,9691571,9710596,9715769,9716078,9716619,9717108,9717626,9718915,9720017,9720242,9720661,9720909,9721248,9721587,9721860,9722153,9722356,9722606,9723292,9724092,9724421,9724936,9729114,",0,PIK3CD
XM_047422560.1,chr1,+,9693471,9729114,23,"9693471,9710423,9715540,9715848,9716439,9716958,9717536,9718693,9719920,9720111,9720610,9720741,9721126,9721443,9721760,9721974,9722243,9722527,9723124,9723968,9724275,9724803,9726908,","9693571,9710596,9715769,9716078,9716619,9717108,9717626,9718915,9720017,9720242,9720661,9720909,9721248,9721587,9721860,9722153,9722356,9722606,9723292,9724092,9724421,9724936,9729114,",0,PIK3CD
XM_047422559.1,chr1,+,9693481,9729114,24,"9693481,9710104,9710423,9715540,9715848,9716439,9716958,9717536,9718693,9719920,9720111,9720610,9720741,9721126,9721443,9721760,9721974,9722243,9722527,9723124,9723968,9724275,9724803,9726908,","9693571,9710280,9710596,9715769,9716078,9716619,9717108,9717626,9718915,9720017,9720242,9720661,9720909,9721248,9721587,9721860,9722153,9722356,9722606,9723292,9724092,9724421,9724936,9729114,",0,PIK3CD
XM_047422561.1,chr1,+,9629972,9729114,24,"9629972,9691466,9710423,9715540,9715848,9716439,9716958,9717536,9718693,9719920,9720111,9720610,9720744,9721126,9721443,9721760,9721974,9722243,9722527,9723124,9723968,9724275,9724803,9726908,","9630224,9691571,9710596,9715769,9716078,9716619,9717108,9717626,9718915,9720017,9720242,9720661,9720909,9721248,9721587,9721860,9722153,9722356,9722606,9723292,9724092,9724421,9724936,9729114,",0,PIK3CD
XM_047422562.1,chr1,+,9651730,9729114,25,"9651730,9664595,9691466,9710423,9715540,9715848,9716439,9716958,9717536,9718693,9719920,9720111,9720610,9720744,9721126,9721443,9721760,9721974,9722243,9722527,9723124,9723968,9724275,9724803,9726908,","9651802,9664758,9691571,9710596,9715769,9716078,9716619,9717108,9717626,9718915,9720017,9720242,9720661,9720909,9721248,9721587,9721860,9722153,9722356,9722606,9723292,9724092,9724421,9724936,9729114,",0,PIK3CD
XM_047422563.1,chr1,+,9687632,9729114,24,"9687632,9691466,9710423,9715540,9715848,9716439,9716958,9717536,9718693,9719920,9720111,9720610,9720744,9721126,9721443,9721760,9721974,9722243,9722527,9723124,9723968,9724275,9724803,9726908,","9688313,9691571,9710596,9715769,9716078,9716619,9717108,9717626,9718915,9720017,9720242,9720661,9720909,9721248,9721587,9721860,9722153,9722356,9722606,9723292,9724092,9724421,9724936,9729114,",0,PIK3CD
XM_047422564.1,chr1,+,9651730,9729114,25,"9651730,9691466,9710104,9710423,9715540,9715848,9716439,9716958,9717536,9718693,9719920,9720111,9720610,9720744,9721126,9721443,9721760,9721974,9722243,9722527,9723124,9723968,9724275,9724803,9726908,","9651802,9691571,9710280,9710596,9715769,9716078,9716619,9717108,9717626,9718915,9720017,9720242,9720661,9720909,9721248,9721587,9721860,9722153,9722356,9722606,9723292,9724092,9724421,9724936,9729114,",0,PIK3CD
XM_047422565.1,chr1,+,9651730,9729114,23,"9651730,9710423,9715540,9715848,9716439,9716958,9717536,9718693,9719920,9720111,9720610,9720744,9721126,9721443,9721760,9721974,9722243,9722527,9723124,9723968,9724275,9724803,9726908,","9651802,9710596,9715769,9716078,9716619,9717108,9717626,9718915,9720017,9720242,9720661,9720909,9721248,9721587,9721860,9722153,9722356,9722606,9723292,9724092,9724421,9724936,9729114,",0,PIK3CD
XM_047422566.1,chr1,+,9689543,9729114,24,"9689543,9691466,9710423,9715540,9715848,9716439,9717045,9717536,9718693,9719920,9720111,9720610,9720741,9721126,9721443,9721760,9721974,9722243,9722527,9723124,9723968,9724275,9724803,9726908,","9689721,9691571,9710596,9715769,9716078,9716619,9717108,9717626,9718915,9720017,9720242,9720661,9720909,9721248,9721587,9721860,9722153,9722356,9722606,9723292,9724092,9724421,9724936,9729114,",0,PIK3CD
XM_047422567.1,chr1,+,9689998,9729114,24,"9689998,9691466,9710423,9715540,9715848,9716439,9717045,9717536,9718693,9719920,9720111,9720610,9720741,9721126,9721443,9721760,9721974,9722243,9722527,9723124,9723968,9724275,9724803,9726908,","9690826,9691571,9710596,9715769,9716078,9716619,9717108,9717626,9718915,9720017,9720242,9720661,9720909,9721248,9721587,9721860,9722153,9722356,9722606,9723292,9724092,9724421,9724936,9729114,",0,PIK3CD
XM_047422568.1,chr1,+,9651730,9729114,25,"9651730,9691466,9710104,9710423,9715540,9715848,9716439,9717045,9717536,9718693,9719920,9720111,9720610,9720741,9721126,9721443,9721760,9721974,9722243,9722527,9723124,9723968,9724275,9724803,9726908,","9651802,9691571,9710280,9710596,9715769,9716078,9716619,9717108,9717626,9718915,9720017,9720242,9720661,9720909,9721248,9721587,9721860,9722153,9722356,9722606,9723292,9724092,9724421,9724936,9729114,",0,PIK3CD
XM_047422570.1,chr1,+,9689543,9729114,24,"9689543,9691466,9710423,9715540,9715848,9716439,9717045,9717536,9718693,9719920,9720111,9720610,9720744,9721126,9721443,9721760,9721974,9722243,9722527,9723124,9723968,9724275,9724803,9726908,","9689721,9691571,9710596,9715769,9716078,9716619,9717108,9717626,9718915,9720017,9720242,9720661,9720909,9721248,9721587,9721860,9722153,9722356,9722606,9723292,9724092,9724421,9724936,9729114,",0,PIK3CD
XM_047422569.1,chr1,+,9651730,9729114,23,"9651730,9710423,9715540,9715848,9716439,9717045,9717536,9718693,9719920,9720111,9720610,9720741,9721126,9721443,9721760,9721974,9722243,9722527,9723124,9723968,9724275,9724803,9726908,","9651802,9710596,9715769,9716078,9716619,9717108,9717626,9718915,9720017,9720242,9720661,9720909,9721248,9721587,9721860,9722153,9722356,9722606,9723292,9724092,9724421,9724936,9729114,",0,PIK3CD
XM_047422571.1,chr1,+,9651730,9729114,24,"9651730,9691466,9710423,9715540,9715848,9716439,9717045,9717536,9718693,9719920,9720111,9720610,9720744,9721126,9721443,9721760,9721974,9722243,9722527,9723124,9723968,9724275,9724803,9726908,","9651802,9691571,9710596,9715769,9716078,9716619,9717108,9717626,9718915,9720017,9720242,9720661,9720909,9721248,9721587,9721860,9722153,9722356,9722606,9723292,9724092,9724421,9724936,9729114,",0,PIK3CD
XM_047422572.1,chr1,+,9687632,9729114,24,"9687632,9691466,9710423,9715540,9715848,9716439,9717045,9717536,9718693,9719920,9720111,9720610,9720744,9721126,9721443,9721760,9721974,9722243,9722527,9723124,9723968,9724275,9724803,9726908,","9688313,9691571,9710596,9715769,9716078,9716619,9717108,9717626,9718915,9720017,9720242,9720661,9720909,9721248,9721587,9721860,9722153,9722356,9722606,9723292,9724092,9724421,9724936,9729114,",0,PIK3CD
XM_047422573.1,chr1,+,9651730,9729114,25,"9651730,9691466,9710104,9710423,9715540,9715848,9716439,9717045,9717536,9718693,9719920,9720111,9720610,9720744,9721126,9721443,9721760,9721974,9722243,9722527,9723124,9723968,9724275,9724803,9726908,","9651802,9691571,9710280,9710596,9715769,9716078,9716619,9717108,9717626,9718915,9720017,9720242,9720661,9720909,9721248,9721587,9721860,9722153,9722356,9722606,9723292,9724092,9724421,9724936,9729114,",0,PIK3CD
XM_047422576.1,chr1,+,9651730,9729114,24,"9651730,9664595,9691466,9710423,9715540,9715848,9716439,9716958,9717536,9718693,9719920,9720111,9720610,9720741,9721126,9721760,9721974,9722243,9722527,9723124,9723968,9724275,9724803,9726908,","9651802,9664758,9691571,9710596,9715769,9716078,9716619,9717108,9717626,9718915,9720017,9720242,9720661,9720909,9721248,9721860,9722153,9722356,9722606,9723292,9724092,9724421,9724936,9729114,",0,PIK3CD
XM_047422577.1,chr1,+,9651730,9729114,22,"9651730,9710423,9715540,9715848,9716439,9716958,9717536,9718693,9719920,9720111,9720610,9720741,9721126,9721760,9721974,9722243,9722527,9723124,9723968,9724275,9724803,9726908,","9651802,9710596,9715769,9716078,9716619,9717108,9717626,9718915,9720017,9720242,9720661,9720909,9721248,9721860,9722153,9722356,9722606,9723292,9724092,9724421,9724936,9729114,",0,PIK3CD
XM_047422578.1,chr1,+,9651730,9729114,23,"9651730,9691466,9710423,9715540,9715848,9716439,9716958,9717536,9718693,9719920,9720111,9720610,9720744,9721126,9721760,9721974,9722243,9722527,9723124,9723968,9724275,9724803,9726908,","9651802,9691571,9710596,9715769,9716078,9716619,9717108,9717626,9718915,9720017,9720242,9720661,9720909,9721248,9721860,9722153,9722356,9722606,9723292,9724092,9724421,9724936,9729114,",0,PIK3CD
XM_047422580.1,chr1,+,9651730,9724421,21,"9651730,9691466,9710423,9715540,9715848,9716439,9716958,9717536,9718693,9719920,9720111,9720610,9720741,9721126,9721443,9721760,9721974,9722243,9722527,9723124,9724275,","9651802,9691571,9710596,9715769,9716078,9716619,9717108,9717626,9718915,9720017,9720242,9720661,9720909,9721248,9721587,9721860,9722153,9722356,9722606,9723292,9724421,",0,PIK3CD
XM_047422589.1,chr1,+,9651730,9721591,15,"9651730,9691466,9710423,9715540,9715848,9716439,9716958,9717536,9718693,9719920,9720111,9720610,9720741,9721126,9721443,","9651802,9691571,9710596,9715769,9716078,9716619,9717108,9717626,9718915,9720017,9720242,9720661,9720909,9721248,9721591,",0,PIK3CD
NR_052021.2,chr1,+,198639039,198693206,3,"198639039,198639225,198692346,","198639137,198639341,198693206,",0,PTPRC
NM_024408.4,chr1,-,119911552,120069662,34,"119911552,119917664,119918405,119919311,119920228,119921712,119922235,119922635,119923636,119925304,119926498,119928975,119935471,119937281,119937856,119940554,119941525,119948413,119949006,119950723,119953542,119955039,119959391,119963573,119965452,119966375,119967432,119968076,119969510,119986959,119996996,120005328,120029905,120069333,","119916694,119917762,119918553,119919613,119920397,119921809,119922446,119922778,119923984,119925810,119926611,119929212,119935604,119937466,119938010,119940756,119941754,119948566,119949126,119950837,119953688,119955232,119959502,119963807,119965566,119966489,119967621,119968232,119969744,119987082,119997332,120005588,120029987,120069662,",0,NOTCH2
XM_011541166.3,chr1,-,11144822,11262551,34,"11144822,11144967,11146675,11150125,11157151,11167441,11199257,11199540,11204560,11209311,11210813,11212311,11212795,11213398,11216147,11228667,11230924,11231299,11232435,11233397,11234142,11237842,11238401,11240302,11241552,11243113,11247624,11247818,11253838,11255991,11256932,11258484,11259247,11262444,","11144848,11145045,11146791,11150226,11157291,11167517,11199403,11199703,11204703,11209458,11210906,11212474,11212908,11213566,11216234,11228918,11231054,11231434,11232528,11233487,11234265,11238048,11238617,11240547,11241681,11243300,11247733,11248094,11253973,11256192,11257165,11258593,11259423,11262551,",0,MTOR
NM_001328648.1,chr1,-,46040139,46174901,10,"46040139,46045917,46046550,46055794,46061928,46066053,46066910,46077514,46080641,46174836,","46043871,46046088,46046625,46055971,46062071,46066179,46067091,46077613,46080750,46174901,",0,PIK3R3
NM_001328650.1,chr1,-,46040139,46131771,10,"46040139,46045917,46046550,46055794,46061928,46066053,46066910,46077514,46080641,46131710,","46043871,46046088,46046625,46055971,46062071,46066179,46067091,46077613,46080750,46131771,",0,PIK3R3
NM_001328649.1,chr1,-,46040139,46133036,10,"46040139,46045917,46046550,46055794,46061928,46066053,46066910,46077514,46080641,46132783,","46043871,46046088,46046625,46055971,46062071,46066179,46067091,46077613,46080750,46133036,",0,PIK3R3
NM_001328651.1,chr1,-,46040139,46130673,10,"46040139,46045917,46046550,46055794,46061928,46066053,46066910,46077514,46080641,46130622,","46043871,46046088,46046625,46055971,46062071,46066179,46067091,46077613,46080750,46130673,",0,PIK3R3
NM_001328652.2,chr1,-,46040139,46132629,9,"46040139,46046550,46055794,46061928,46066053,46066910,46077514,46080641,46131846,","46043871,46046625,46055971,46062071,46066179,46067091,46077613,46080750,46132629,",0,PIK3R3
NM_001328653.2,chr1,-,46040139,46132629,9,"46040139,46045917,46046550,46055794,46061928,46066053,46066910,46077514,46131846,","46043871,46046088,46046625,46055971,46062071,46066179,46067091,46077613,46132629,",0,PIK3R3
NM_001328654.2,chr1,-,46040139,46132629,8,"46040139,46045917,46046550,46055794,46061928,46066053,46066910,46131846,","46043871,46046088,46046625,46055971,46062071,46066179,46067091,46132629,",0,PIK3R3
NM_001007792.1,chr1,+,156815749,156881850,17,"156815749,156842080,156864353,156864727,156866909,156868103,156868504,156871622,156873632,156874570,156874905,156875519,156876079,156876399,156879121,156879998,156881456,","156815838,156842193,156864428,156864799,156866978,156868249,156868647,156871755,156873959,156874626,156875008,156875666,156876210,156876572,156879362,156880157,156881850,",0,NTRK1
NM_001437546.1,chr1,+,9651730,9729114,23,"9651730,9710423,9715540,9715848,9716439,9716958,9717536,9718693,9719920,9720111,9720610,9720741,9721126,9721443,9721760,9721974,9722243,9722527,9723124,9723968,9724275,9724803,9726908,","9651802,9710596,9715769,9716078,9716619,9717108,9717626,9718915,9720017,9720242,9720661,9720909,9721248,9721587,9721860,9722153,9722356,9722606,9723292,9724092,9724421,9724936,9729114,",0,PIK3CD
NM_001437547.1,chr1,+,9651730,9729114,23,"9651730,9691466,9710423,9715540,9715848,9716439,9716958,9717536,9718693,9719920,9720111,9720610,9720741,9721126,9721760,9721974,9722243,9722527,9723124,9723968,9724275,9724803,9726908,","9651802,9691571,9710596,9715769,9716078,9716619,9717108,9717626,9718915,9720017,9720242,9720661,9720909,9721248,9721860,9722153,9722356,9722606,9723292,9724092,9724421,9724936,9729114,",0,PIK3CD
XM_011541309.3,chr1,+,32327143,32333626,10,"32327143,32327535,32329067,32330577,32330767,32331473,32331675,32332089,32332700,32333016,","32327458,32327677,32329160,32330686,32330908,32331582,32331806,32332242,32332749,32333626,",0,HDAC1
NM_005026.5,chr1,+,9651730,9729114,24,"9651730,9691466,9710423,9715540,9715848,9716439,9716958,9717536,9718693,9719920,9720111,9720610,9720741,9721126,9721443,9721760,9721974,9722243,9722527,9723124,9723968,9724275,9724803,9726908,","9651802,9691571,9710596,9715769,9716078,9716619,9717108,9717626,9718915,9720017,9720242,9720661,9720909,9721248,9721587,9721860,9722153,9722356,9722606,9723292,9724092,9724421,9724936,9729114,",0,PIK3CD
NM_183001.5,chr1,-,154962297,154970747,12,"154962297,154965542,154965945,154966161,154966318,154967670,154967979,154968203,154968494,154968770,154969377,154970031,","154963931,154965781,154966077,154966231,154966517,154967797,154968031,154968257,154968614,154968834,154969448,154970747,",0,SHC1
NM_004958.4,chr1,-,11106534,11262551,58,"11106534,11108180,11109289,11109648,11112851,11114317,11114812,11115395,11117003,11121245,11121978,11124497,11126621,11127009,11127623,11128003,11128453,11128854,11129737,11130528,11133079,11134350,11139303,11139532,11144647,11144967,11146675,11150125,11157151,11167441,11199257,11199540,11204560,11209311,11210813,11212311,11212795,11213398,11216147,11228667,11230924,11231299,11232435,11233397,11234142,11237842,11238401,11240302,11241552,11243113,11247624,11247818,11253838,11255991,11256932,11258484,11259247,11262444,","11107500,11108286,11109370,11109729,11112917,11114453,11114887,11115468,11117086,11121368,11122126,11124633,11126796,11127144,11127806,11128126,11128552,11128951,11129838,11130777,11133197,11134466,11139435,11139658,11144755,11145045,11146791,11150226,11157291,11167517,11199403,11199703,11204703,11209458,11210906,11212474,11212908,11213566,11216234,11228918,11231054,11231434,11232528,11233487,11234265,11238048,11238617,11240547,11241681,11243300,11247733,11248094,11253973,11256192,11257165,11258593,11259423,11262551,",0,MTOR
NM_004964.3,chr1,+,32292082,32333626,14,"32292082,32302620,32316664,32324478,32326938,32327535,32329067,32330577,32330767,32331473,32331675,32332089,32332700,32333016,","32292218,32302733,32316782,32324553,32327077,32327677,32329160,32330686,32330908,32331582,32331806,32332242,32332749,32333626,",0,HDAC1
XM_017002081.3,chr1,-,154962297,154970747,11,"154962297,154965542,154965945,154966161,154966318,154967670,154967979,154968494,154968770,154969377,154970031,","154963931,154965781,154966080,154966231,154966517,154967797,154968031,154968614,154968834,154969448,154970747,",0,SHC1
XM_017002083.2,chr1,-,154962297,154974376,12,"154962297,154965542,154965945,154966161,154966318,154967670,154967979,154968494,154968770,154969377,154970031,154974247,","154963931,154965781,154966077,154966231,154966517,154967797,154968031,154968614,154968834,154969448,154970199,154974376,",0,SHC1
XM_005245449.6,chr1,-,154965285,154970747,11,"154965285,154965945,154966161,154966318,154967670,154967979,154968203,154968494,154968770,154969377,154970031,","154965781,154966077,154966231,154966517,154967797,154968031,154968257,154968614,154968834,154969448,154970747,",0,SHC1
XM_005245451.5,chr1,-,154965288,154974376,12,"154965288,154965945,154966161,154966318,154967670,154967979,154968203,154968494,154968770,154969377,154970031,154974247,","154965781,154966077,154966231,154966517,154967797,154968031,154968257,154968614,154968834,154969448,154970199,154974376,",0,SHC1
NM_001350234.2,chr1,+,9689543,9729114,24,"9689543,9691466,9710423,9715540,9715848,9716439,9716958,9717536,9718693,9719920,9720111,9720610,9720744,9721126,9721443,9721760,9721974,9722243,9722527,9723124,9723968,9724275,9724803,9726908,","9689721,9691571,9710596,9715769,9716078,9716619,9717108,9717626,9718915,9720017,9720242,9720661,9720909,9721248,9721587,9721860,9722153,9722356,9722606,9723292,9724092,9724421,9724936,9729114,",0,PIK3CD
NM_001350235.1,chr1,+,9691466,9728925,23,"9691466,9710423,9715540,9715848,9716439,9717045,9717536,9718693,9719920,9720111,9720610,9720741,9721126,9721443,9721760,9721974,9722243,9722527,9723124,9723968,9724275,9724803,9726908,","9691571,9710596,9715769,9716078,9716619,9717108,9717626,9718915,9720017,9720242,9720661,9720909,9721248,9721587,9721860,9722153,9722356,9722606,9723292,9724092,9724421,9724936,9728925,",0,PIK3CD
XM_047427958.1,chr1,-,154962297,154974376,13,"154962297,154965542,154965945,154966161,154966318,154967670,154967979,154968203,154968494,154968770,154969377,154970031,154974247,","154963931,154965781,154966077,154966231,154966517,154967797,154968031,154968257,154968614,154968834,154969448,154973508,154974376,",0,SHC1
XM_047427960.1,chr1,-,154962297,154970747,12,"154962297,154965638,154965945,154966161,154966318,154967670,154967979,154968203,154968494,154968770,154969377,154970031,","154963931,154965781,154966080,154966231,154966544,154967797,154968031,154968257,154968614,154968834,154969448,154970747,",0,SHC1
XM_047427959.1,chr1,-,154962297,154974376,12,"154962297,154965542,154965945,154966161,154966318,154967670,154967979,154968494,154968770,154969377,154970031,154974247,","154963931,154965781,154966077,154966231,154966517,154967797,154968031,154968614,154968834,154969448,154973508,154974376,",0,SHC1
XM_047427961.1,chr1,-,154962297,154970747,12,"154962297,154965638,154965945,154966161,154966318,154967670,154967979,154968203,154968494,154968770,154969377,154970031,","154963931,154965781,154966077,154966231,154966544,154967797,154968031,154968257,154968614,154968834,154969448,154970747,",0,SHC1
XM_047427962.1,chr1,-,154962297,154970747,12,"154962297,154965638,154965945,154966161,154966318,154967670,154967979,154968203,154968494,154968770,154969377,154970031,","154963931,154965781,154966080,154966231,154966517,154967797,154968031,154968257,154968614,154968834,154969448,154970747,",0,SHC1
XM_047427963.1,chr1,-,154962297,154970747,12,"154962297,154965638,154965945,154966161,154966318,154967670,154967979,154968203,154968494,154968770,154969377,154970031,","154963931,154965781,154966077,154966231,154966517,154967797,154968031,154968257,154968614,154968834,154969448,154970747,",0,SHC1
XM_047427964.1,chr1,-,154962297,154970747,11,"154962297,154965638,154965945,154966161,154966318,154967670,154967979,154968494,154968770,154969377,154970031,","154963931,154965781,154966080,154966231,154966517,154967797,154968031,154968614,154968834,154969448,154970747,",0,SHC1
XM_047427967.1,chr1,-,154965288,154974376,13,"154965288,154965945,154966161,154966318,154967670,154967979,154968203,154968494,154968770,154969377,154970031,154973292,154974247,","154965781,154966077,154966231,154966517,154967797,154968031,154968257,154968614,154968834,154969448,154970199,154973508,154974376,",0,SHC1
XM_047427968.1,chr1,-,154965288,154974376,13,"154965288,154965945,154966161,154966318,154967670,154967979,154968203,154968494,154968770,154969377,154970031,154973292,154974247,","154965781,154966077,154966231,154966517,154967797,154968031,154968257,154968614,154968834,154969448,154970199,154974045,154974376,",0,SHC1
XM_047427970.1,chr1,-,154962297,154974376,13,"154962297,154965542,154965945,154966161,154966318,154967670,154967979,154968203,154968494,154968770,154969377,154970031,154974247,","154963931,154965781,154966080,154966231,154966544,154967797,154968031,154968257,154968614,154968834,154969448,154970199,154974376,",0,SHC1
XM_047427969.1,chr1,-,154965288,154974376,13,"154965288,154965945,154966161,154966318,154967670,154967979,154968203,154968494,154968770,154969377,154970031,154973833,154974247,","154965781,154966077,154966231,154966517,154967797,154968031,154968257,154968614,154968834,154969448,154970199,154974045,154974376,",0,SHC1
XM_047427971.1,chr1,-,154962297,154974376,14,"154962297,154965542,154965945,154966161,154966318,154967670,154967979,154968203,154968494,154968770,154969377,154970031,154973292,154974247,","154963931,154965781,154966080,154966231,154966544,154967797,154968031,154968257,154968614,154968834,154969448,154970199,154973508,154974376,",0,SHC1
XM_047427972.1,chr1,-,154962297,154974376,13,"154962297,154965542,154965945,154966161,154966318,154967670,154967979,154968203,154968494,154968770,154969377,154970031,154974247,","154963931,154965781,154966077,154966231,154966544,154967797,154968031,154968257,154968614,154968834,154969448,154970199,154974376,",0,SHC1
XM_047427973.1,chr1,-,154962297,154974376,14,"154962297,154965542,154965945,154966161,154966318,154967670,154967979,154968203,154968494,154968770,154969377,154970031,154973292,154974247,","154963931,154965781,154966077,154966231,154966544,154967797,154968031,154968257,154968614,154968834,154969448,154970199,154973508,154974376,",0,SHC1
XM_047427974.1,chr1,-,154962297,154974376,14,"154962297,154965542,154965945,154966161,154966318,154967670,154967979,154968203,154968494,154968770,154969377,154970031,154973292,154974247,","154963931,154965781,154966080,154966231,154966517,154967797,154968031,154968257,154968614,154968834,154969448,154970199,154973508,154974376,",0,SHC1
XM_047427975.1,chr1,-,154962297,154974376,14,"154962297,154965542,154965945,154966161,154966318,154967670,154967979,154968203,154968494,154968770,154969377,154970031,154973292,154974247,","154963931,154965781,154966080,154966231,154966517,154967797,154968031,154968257,154968614,154968834,154969448,154970199,154974045,154974376,",0,SHC1
XM_047427978.1,chr1,-,154962297,154974376,14,"154962297,154965542,154965945,154966161,154966318,154967670,154967979,154968203,154968494,154968770,154969377,154970031,154973833,154974247,","154963931,154965781,154966080,154966231,154966517,154967797,154968031,154968257,154968614,154968834,154969448,154970199,154974045,154974376,",0,SHC1
XM_047427982.1,chr1,-,154962297,154974376,14,"154962297,154965542,154965945,154966161,154966318,154967670,154967979,154968203,154968494,154968770,154969377,154970031,154973292,154974247,","154963931,154965781,154966077,154966231,154966517,154967797,154968031,154968257,154968614,154968834,154969448,154970199,154973508,154974376,",0,SHC1
XM_047427983.1,chr1,-,154962297,154974376,14,"154962297,154965542,154965945,154966161,154966318,154967670,154967979,154968203,154968494,154968770,154969377,154970031,154973292,154974247,","154963931,154965781,154966077,154966231,154966517,154967797,154968031,154968257,154968614,154968834,154969448,154970199,154974045,154974376,",0,SHC1
XM_047427984.1,chr1,-,154962297,154974376,14,"154962297,154965542,154965945,154966161,154966318,154967670,154967979,154968203,154968494,154968770,154969377,154970031,154973833,154974247,","154963931,154965781,154966077,154966231,154966517,154967797,154968031,154968257,154968614,154968834,154969448,154970199,154974045,154974376,",0,SHC1
XM_047427986.1,chr1,-,154962297,154974376,12,"154962297,154965542,154965945,154966161,154966318,154967670,154967979,154968494,154968770,154969377,154970031,154974247,","154963931,154965781,154966080,154966231,154966517,154967797,154968031,154968614,154968834,154969448,154970199,154974376,",0,SHC1
XM_047427988.1,chr1,-,154962297,154974376,13,"154962297,154965542,154965945,154966161,154966318,154967670,154967979,154968494,154968770,154969377,154970031,154973292,154974247,","154963931,154965781,154966080,154966231,154966517,154967797,154968031,154968614,154968834,154969448,154970199,154973508,154974376,",0,SHC1
XM_047433485.1,chr1,-,77944054,77979501,22,"77944054,77946529,77949154,77955254,77956571,77960183,77960343,77962769,77963573,77964061,77964253,77964645,77964869,77965068,77966693,77966883,77967048,77967626,77968164,77969924,77978884,77979396,","77945642,77946576,77949300,77955329,77956700,77960263,77960495,77962930,77963715,77964162,77964356,77964747,77964968,77965231,77966751,77966955,77967101,77967666,77968203,77970015,77979059,77979501,",0,FUBP1
XM_047427989.1,chr1,-,154962297,154974376,13,"154962297,154965542,154965945,154966161,154966318,154967670,154967979,154968494,154968770,154969377,154970031,154973292,154974247,","154963931,154965781,154966077,154966231,154966517,154967797,154968031,154968614,154968834,154969448,154970199,154973508,154974376,",0,SHC1
XM_047427991.1,chr1,-,154962297,154974376,13,"154962297,154965638,154965945,154966161,154966318,154967670,154967979,154968203,154968494,154968770,154969377,154970031,154974247,","154963931,154965781,154966080,154966231,154966517,154967797,154968031,154968257,154968614,154968834,154969448,154970199,154974376,",0,SHC1
XM_047433487.1,chr1,-,77944054,77979501,22,"77944054,77946529,77949154,77955254,77956571,77960183,77960343,77962769,77963573,77964061,77964253,77964645,77964869,77965068,77966693,77966883,77967048,77967626,77968164,77969924,77978884,77979396,","77945642,77946576,77949300,77955329,77956700,77960263,77960495,77962930,77963715,77964162,77964356,77964747,77964968,77965231,77966751,77966955,77967098,77967666,77968203,77970015,77979059,77979501,",0,FUBP1
XM_047427992.1,chr1,-,154962297,154974376,14,"154962297,154965638,154965945,154966161,154966318,154967670,154967979,154968203,154968494,154968770,154969377,154970031,154973292,154974247,","154963931,154965781,154966080,154966231,154966517,154967797,154968031,154968257,154968614,154968834,154969448,154970199,154973508,154974376,",0,SHC1
XM_047433488.1,chr1,-,77944054,77979501,22,"77944054,77949154,77955254,77956571,77960183,77960343,77962769,77963573,77964061,77964253,77964645,77964869,77965068,77966693,77966883,77967048,77967626,77968164,77969021,77969924,77978884,77979396,","77948774,77949300,77955329,77956700,77960263,77960495,77962930,77963715,77964162,77964356,77964747,77964968,77965231,77966751,77966955,77967101,77967666,77968203,77969084,77970015,77979059,77979501,",0,FUBP1
XM_047427993.1,chr1,-,154962297,154974376,14,"154962297,154965638,154965945,154966161,154966318,154967670,154967979,154968203,154968494,154968770,154969377,154970031,154973833,154974247,","154963931,154965781,154966080,154966231,154966517,154967797,154968031,154968257,154968614,154968834,154969448,154970199,154974045,154974376,",0,SHC1
XM_047433489.1,chr1,-,77944054,77979501,22,"77944054,77949154,77955254,77956571,77960183,77960343,77962769,77963573,77964061,77964253,77964645,77964869,77965068,77966693,77966883,77967048,77967626,77968164,77969021,77969924,77978884,77979396,","77948774,77949300,77955329,77956700,77960263,77960495,77962930,77963715,77964162,77964356,77964747,77964968,77965231,77966751,77966955,77967098,77967666,77968203,77969084,77970015,77979059,77979501,",0,FUBP1
XM_047427994.1,chr1,-,154962297,154974376,13,"154962297,154965638,154965945,154966161,154966318,154967670,154967979,154968203,154968494,154968770,154969377,154970031,154974247,","154963931,154965781,154966077,154966231,154966517,154967797,154968031,154968257,154968614,154968834,154969448,154970199,154974376,",0,SHC1
XM_047433491.1,chr1,-,77944054,77979072,21,"77944054,77949154,77955254,77956571,77960183,77960343,77962769,77963573,77964061,77964253,77964645,77964869,77965068,77966693,77966883,77967048,77967626,77968164,77969021,77969924,77978884,","77947547,77949300,77955329,77956700,77960263,77960495,77962930,77963715,77964162,77964356,77964747,77964968,77965231,77966751,77966955,77967101,77967666,77968203,77969084,77970015,77979072,",0,FUBP1
XM_047427995.1,chr1,-,154962297,154974376,14,"154962297,154965638,154965945,154966161,154966318,154967670,154967979,154968203,154968494,154968770,154969377,154970031,154973292,154974247,","154963931,154965781,154966077,154966231,154966517,154967797,154968031,154968257,154968614,154968834,154969448,154970199,154973508,154974376,",0,SHC1
XM_047433492.1,chr1,-,77944054,77979501,21,"77944054,77949154,77955254,77956571,77960183,77960343,77962769,77963573,77964061,77964253,77964645,77964869,77965068,77966693,77966883,77967048,77967626,77968164,77969924,77978884,77979396,","77948774,77949300,77955329,77956700,77960263,77960495,77962930,77963715,77964162,77964356,77964747,77964968,77965231,77966751,77966955,77967101,77967666,77968203,77970015,77979059,77979501,",0,FUBP1
XM_047433493.1,chr1,-,77944054,77979501,21,"77944054,77949154,77955254,77956571,77960183,77960343,77962769,77963573,77964061,77964253,77964645,77964869,77965068,77966693,77966883,77967048,77967626,77968164,77969924,77978884,77979396,","77948774,77949300,77955329,77956700,77960263,77960495,77962930,77963715,77964162,77964356,77964747,77964968,77965231,77966751,77966955,77967098,77967666,77968203,77970015,77979059,77979501,",0,FUBP1
NM_001438338.1,chr1,+,9689543,9729114,23,"9689543,9691466,9710423,9715540,9715848,9716439,9716958,9717536,9718693,9719920,9720111,9720610,9720741,9721126,9721760,9721974,9722243,9722527,9723124,9723968,9724275,9724803,9726908,","9689721,9691571,9710596,9715769,9716078,9716619,9717108,9717626,9718915,9720017,9720242,9720661,9720909,9721248,9721860,9722153,9722356,9722606,9723292,9724092,9724421,9724936,9729114,",0,PIK3CD
NR_146540.2,chr1,-,77944054,77979072,23,"77944054,77945505,77946529,77947452,77949154,77955254,77956571,77960183,77960343,77962769,77963573,77964061,77964253,77964645,77964869,77965068,77966693,77966883,77967048,77967626,77968164,77969924,77978884,","77944269,77945642,77946576,77947552,77949300,77955329,77956700,77960263,77960495,77962930,77963715,77964162,77964356,77964747,77964968,77965231,77966751,77966955,77967101,77967666,77968203,77970015,77979072,",0,FUBP1
NR_146539.2,chr1,-,77944054,77979072,23,"77944054,77945505,77946529,77947452,77949154,77955254,77956571,77960183,77960343,77962769,77963573,77964061,77964253,77964645,77964869,77965068,77966693,77966883,77967048,77967626,77968164,77969924,77978884,","77944269,77945642,77946576,77947552,77949300,77955329,77956700,77960263,77960495,77962930,77963715,77964162,77964356,77964747,77964968,77965231,77966751,77966955,77967098,77967666,77968203,77970015,77979072,",0,FUBP1
NM_001320923.2,chr1,-,64833228,64966936,26,"64833228,64835395,64836097,64837931,64838464,64839602,64841244,64841450,64844063,64844753,64845512,64846648,64847531,64850803,64855508,64857655,64860104,64864786,64866865,64869310,64873369,64879024,64883276,64886258,64956933,64966880,","64834657,64835506,64836215,64838104,64838589,64839795,64841339,64841601,64844215,64844889,64845640,64846736,64847675,64850910,64855698,64857779,64860262,64864972,64867208,64869474,64873523,64879148,64883475,64886341,64957017,64966936,",0,JAK1
NM_006015.6,chr1,+,26696014,26782104,20,"26696014,26729650,26731151,26732675,26760855,26761383,26762151,26762972,26766220,26766456,26767789,26771118,26772499,26772811,26773345,26773579,26773801,26774328,26775576,26779022,","26697540,26729863,26731604,26732792,26761096,26761473,26762319,26763285,26766366,26766566,26767999,26771326,26772632,26772987,26773496,26773717,26773898,26775220,26775707,26782104,",0,ARID1A
XM_017002739.2,chr1,-,77944054,77979501,23,"77944054,77946529,77949154,77955254,77956571,77960183,77960343,77962769,77963573,77964061,77964253,77964645,77964869,77965068,77966693,77966883,77967048,77967626,77968164,77969021,77969924,77978884,77979396,","77945642,77946576,77949300,77955329,77956700,77960263,77960495,77962930,77963715,77964162,77964356,77964747,77964968,77965231,77966751,77966955,77967101,77967666,77968203,77969084,77970015,77979059,77979501,",0,FUBP1
XM_017002740.3,chr1,-,77944054,77979072,21,"77944054,77949154,77955254,77956571,77960183,77960343,77962769,77963573,77964061,77964253,77964645,77964869,77965068,77966693,77966883,77967048,77967626,77968164,77969021,77969924,77978884,","77947552,77949300,77955329,77956700,77960263,77960495,77962930,77963715,77964162,77964356,77964747,77964968,77965231,77966751,77966955,77967101,77967666,77968203,77969084,77970015,77979072,",0,FUBP1
XM_017002743.3,chr1,-,77944054,77979072,20,"77944054,77949154,77955254,77956571,77960183,77960343,77962769,77963573,77964061,77964253,77964645,77964869,77965068,77966693,77966883,77967048,77967626,77968164,77969924,77978884,","77947552,77949300,77955329,77956700,77960263,77960495,77962930,77963715,77964162,77964356,77964747,77964968,77965231,77966751,77966955,77967098,77967666,77968203,77970015,77979072,",0,FUBP1
NM_001206846.2,chr1,-,197084126,197146669,27,"197084126,197086802,197088255,197089929,197090195,197090849,197091906,197093051,197094083,197095997,197117788,197121914,197122158,197122387,197124109,197124869,197125045,197128489,197129186,197129914,197132284,197133349,197135095,197139766,197142330,197143956,197146140,","197084426,197086972,197088432,197090084,197090388,197091041,197092056,197093261,197094180,197096164,197117983,197122043,197122301,197122595,197124331,197124955,197125191,197128665,197129317,197130056,197132352,197133595,197135242,197139871,197143810,197144100,197146669,",0,ASPM
NM_001618.4,chr1,-,226360690,226408093,23,"226360690,226361968,226363098,226363942,226365001,226365953,226367479,226368198,226370433,226374225,226377107,226379141,226379572,226379921,226381067,226383035,226385503,226386325,226388655,226390409,226392198,226402213,226407809,","226361541,226362083,226363160,226364070,226365154,226366052,226367608,226368321,226370517,226374354,226377303,226379274,226379641,226380164,226381208,226383183,226385680,226386442,226388755,226390624,226392314,226402379,226408093,",0,PARP1
NM_139135.4,chr1,+,26696014,26782104,20,"26696014,26729650,26731151,26732675,26760855,26761383,26762151,26762972,26766220,26766456,26767789,26771118,26772499,26772811,26773345,26773579,26773801,26774979,26775576,26779022,","26697540,26729863,26731604,26732792,26761096,26761473,26762319,26763285,26766366,26766566,26767999,26771326,26772632,26772987,26773496,26773717,26773898,26775220,26775707,26782104,",0,ARID1A
NM_001773.3,chr1,-,207886537,207911125,8,"207886537,207888681,207889160,207889464,207897492,207898972,207899820,207911001,","207888118,207888846,207889213,207889621,207897573,207899226,207900003,207911125,",0,CD34
NR_137329.2,chr1,-,46040139,46132629,9,"46040139,46045917,46046550,46055794,46061928,46066053,46077514,46080641,46131846,","46043871,46046088,46046625,46055971,46062071,46066179,46077613,46080750,46132629,",0,PIK3R3
NM_080921.4,chr1,+,198639039,198757476,30,"198639039,198639225,198692346,198703297,198704471,198706733,198708132,198709686,198712952,198716681,198718093,198722415,198728339,198729136,198731616,198732299,198732479,198734195,198734327,198735126,198741868,198742231,198744053,198748108,198749415,198750491,198752248,198752593,198754268,198755905,","198639137,198639341,198692373,198703372,198704498,198706952,198708261,198709824,198713072,198716840,198718302,198722476,198728448,198729171,198731726,198732390,198732556,198734232,198734425,198735252,198742026,198742367,198744203,198748199,198749549,198750626,198752371,198752772,198754404,198757476,",0,PTPRC
NM_001439206.1,chr1,+,9651730,9729114,24,"9651730,9691466,9710423,9715540,9715848,9716439,9716958,9717536,9718693,9719920,9720111,9720610,9720744,9721126,9721443,9721760,9721974,9722243,9722527,9723124,9723968,9724275,9724803,9726908,","9651802,9691571,9710596,9715769,9716078,9716619,9717108,9717626,9718915,9720017,9720242,9720661,9720909,9721248,9721587,9721860,9722153,9722356,9722606,9723292,9724092,9724421,9724936,9729114,",0,PIK3CD
NM_001202859.2,chr1,-,154962297,154974376,13,"154962297,154965542,154965945,154966161,154966318,154967670,154967979,154968203,154968494,154968770,154969377,154970031,154974247,","154963931,154965781,154966077,154966231,154966517,154967797,154968031,154968257,154968614,154968834,154969448,154970199,154974376,",0,SHC1
NM_002227.4,chr1,-,64833228,64966549,25,"64833228,64835395,64836097,64837931,64838464,64839602,64841244,64841450,64844063,64844753,64845512,64846648,64847531,64850803,64855508,64857655,64860104,64864786,64866865,64869310,64873369,64879024,64883276,64886258,64966332,","64834657,64835506,64836215,64838104,64838589,64839795,64841339,64841601,64844215,64844889,64845640,64846736,64847675,64850910,64855698,64857779,64860262,64864972,64867208,64869474,64873523,64879148,64883475,64886341,64966549,",0,JAK1
NM_001025109.2,chr1,-,207880971,207911125,8,"207880971,207888681,207889160,207889464,207897492,207898972,207899820,207911001,","207887923,207888846,207889213,207889621,207897573,207899226,207900003,207911125,",0,CD34
NM_001410804.1,chr1,-,77944054,77979072,22,"77944054,77946529,77949154,77955254,77956571,77960183,77960343,77962769,77963573,77964061,77964253,77964645,77964869,77965068,77966693,77966883,77967048,77967626,77968164,77969021,77969924,77978884,","77945642,77946576,77949300,77955329,77956700,77960263,77960495,77962930,77963715,77964162,77964356,77964747,77964968,77965231,77966751,77966955,77967098,77967666,77968203,77969084,77970015,77979072,",0,FUBP1
NM_001114172.1,chr1,-,46040139,46133036,11,"46040139,46045917,46046550,46055794,46061928,46066053,46066910,46077514,46080641,46131846,46132783,","46043871,46046088,46046625,46055971,46062071,46066179,46067091,46077613,46080750,46131956,46133036,",0,PIK3R3
XM_006710687.3,chr1,+,9689543,9729114,24,"9689543,9691466,9710423,9715540,9715848,9716439,9716958,9717536,9718693,9719920,9720111,9720610,9720741,9721126,9721443,9721760,9721974,9722243,9722527,9723124,9723968,9724275,9724803,9726908,","9689721,9691571,9710596,9715769,9716078,9716619,9717108,9717626,9718915,9720017,9720242,9720661,9720909,9721248,9721587,9721860,9722153,9722356,9722606,9723292,9724092,9724421,9724936,9729114,",0,PIK3CD
NM_001321852.2,chr1,-,64833228,65067746,25,"64833228,64835395,64836097,64837931,64838464,64839602,64841244,64841450,64844063,64844753,64845512,64846648,64847531,64850803,64855508,64857655,64860104,64864786,64866865,64869310,64873369,64879024,64883276,64886258,65067603,","64834657,64835506,64836215,64838104,64838589,64839795,64841339,64841601,64844215,64844889,64845640,64846736,64847675,64850910,64855698,64857779,64860262,64864972,64867208,64869474,64873523,64879148,64883475,64886341,65067746,",0,JAK1
NM_001321853.2,chr1,-,64833228,65067746,27,"64833228,64835395,64836097,64837931,64838464,64839602,64841244,64841450,64844063,64844753,64845512,64846648,64847531,64850803,64855508,64857655,64860104,64864786,64866865,64869310,64873369,64879024,64883276,64886258,64956933,65066627,65067603,","64834657,64835506,64836215,64838104,64838589,64839795,64841339,64841601,64844215,64844889,64845640,64846736,64847675,64850910,64855698,64857779,64860262,64864972,64867208,64869474,64873523,64879148,64883475,64886341,64957017,65066802,65067746,",0,JAK1
NM_001321854.2,chr1,-,64833228,65067746,26,"64833228,64835395,64836097,64837931,64838464,64839602,64841244,64841450,64844063,64844753,64845512,64846648,64847531,64850803,64855508,64857655,64860104,64864786,64866865,64869310,64873369,64879024,64883276,64886258,65066627,65067603,","64834657,64835506,64836215,64838104,64838589,64839795,64841339,64841601,64844215,64844889,64845640,64846736,64847675,64850910,64855698,64857779,64860262,64864972,64867208,64869474,64873523,64879148,64883475,64886341,65066802,65067746,",0,JAK1
NM_001321855.2,chr1,-,64833228,64966549,26,"64833228,64835395,64836097,64837931,64838464,64839602,64841244,64841450,64844063,64844753,64845512,64846648,64847531,64850803,64855508,64857655,64860104,64864786,64866865,64869310,64873369,64879024,64883276,64886258,64956933,64966332,","64834657,64835506,64836215,64838104,64838589,64839795,64841339,64841601,64844215,64844889,64845640,64846736,64847675,64850910,64855698,64857779,64860262,64864972,64867208,64869474,64873523,64879148,64883475,64886341,64957017,64966549,",0,JAK1
NM_001321856.2,chr1,-,64833228,64966936,25,"64833228,64835395,64836097,64837931,64838464,64839602,64841244,64841450,64844063,64844753,64845512,64846648,64847531,64850803,64855508,64857655,64860104,64864786,64866865,64869310,64873369,64879024,64883276,64886258,64966880,","64834657,64835506,64836215,64838104,64838589,64839795,64841339,64841601,64844215,64844889,64845640,64846736,64847675,64850910,64855698,64857779,64860262,64864972,64867208,64869474,64873523,64879148,64883475,64886341,64966936,",0,JAK1
NM_001321857.2,chr1,-,64833228,64966549,25,"64833228,64835395,64836097,64837931,64838464,64839602,64841244,64841450,64844063,64844753,64845512,64846648,64847531,64850803,64855508,64857655,64860104,64864786,64866865,64869310,64873369,64879024,64883276,64886258,64966332,","64834657,64835506,64836215,64838104,64838589,64839795,64841339,64841601,64844215,64844889,64845640,64846736,64847675,64850910,64855695,64857779,64860262,64864972,64867208,64869474,64873523,64879148,64883475,64886341,64966549,",0,JAK1
NM_002524.5,chr1,-,114704468,114716771,7,"114704468,114708153,114708530,114709568,114713799,114716049,114716657,","114708050,114708192,114708654,114709728,114713978,114716177,114716771,",0,NRAS
NM_002529.4,chr1,+,156860864,156881850,17,"156860864,156864353,156864727,156866909,156868103,156868504,156871622,156873632,156874382,156874570,156874905,156875519,156876079,156876399,156879121,156879998,156881456,","156861146,156864428,156864799,156866978,156868249,156868647,156871755,156873959,156874400,156874626,156875008,156875666,156876210,156876572,156879362,156880157,156881850,",0,NTRK1
XR_946790.4,chr1,-,77944054,77979072,23,"77944054,77945505,77946529,77949154,77955254,77956571,77960183,77960343,77962769,77963573,77964061,77964253,77964645,77964869,77965068,77966693,77966883,77967048,77967626,77968164,77969021,77969924,77978884,","77944269,77945642,77946576,77949300,77955329,77956700,77960263,77960495,77962930,77963715,77964162,77964356,77964747,77964968,77965231,77966751,77966955,77967101,77967666,77968203,77969084,77970015,77979072,",0,FUBP1
XM_047419674.1,chr1,-,64833228,64889490,25,"64833228,64835395,64836097,64837931,64838464,64839602,64841244,64841450,64844063,64844753,64845512,64846648,64847531,64850803,64855508,64857655,64860104,64864786,64866865,64869310,64873369,64879024,64883276,64886258,64889446,","64834657,64835506,64836215,64838104,64838589,64839795,64841339,64841601,64844215,64844889,64845640,64846736,64847675,64850910,64855698,64857779,64860262,64864972,64867208,64869474,64873523,64879148,64883475,64886341,64889490,",0,JAK1
XM_047419675.1,chr1,-,64833228,64956984,25,"64833228,64835395,64836097,64837931,64838464,64839602,64841244,64841450,64844063,64844753,64845512,64846648,64847531,64850803,64855508,64857655,64860104,64864786,64866865,64869310,64873369,64879024,64883276,64886258,64945614,","64834657,64835506,64836215,64838104,64838589,64839795,64841339,64841601,64844215,64844889,64845640,64846736,64847675,64850910,64855698,64857779,64860262,64864972,64867208,64869474,64873523,64879148,64883475,64886341,64956984,",0,JAK1
XM_047419676.1,chr1,-,64833228,65067746,25,"64833228,64835395,64836097,64837931,64838464,64839602,64841244,64841450,64844063,64844753,64845512,64846648,64847531,64850803,64855508,64857655,64860104,64864786,64866865,64869310,64873369,64879024,64883276,64886258,65067603,","64834657,64835506,64836215,64838104,64838589,64839795,64841339,64841601,64844215,64844889,64845640,64846736,64847675,64850910,64855695,64857779,64860262,64864972,64867208,64869474,64873523,64879148,64883475,64886341,65067746,",0,JAK1
XM_047419677.1,chr1,-,64833228,64957017,25,"64833228,64835395,64836097,64837931,64838464,64839602,64841244,64841450,64844063,64844753,64845512,64846648,64847531,64850803,64855508,64857655,64860104,64864786,64866865,64869310,64873369,64879024,64883276,64886258,64956933,","64834657,64835506,64836215,64838104,64838589,64839795,64841339,64841601,64844215,64844889,64845640,64846736,64847675,64850910,64855695,64857779,64860262,64864972,64867208,64869474,64873523,64879148,64883475,64886341,64957017,",0,JAK1
NM_001376055.1,chr1,-,77944054,77979072,21,"77944054,77949154,77955254,77956571,77960183,77960343,77962769,77963573,77964061,77964253,77964645,77964869,77965068,77966693,77966883,77967048,77967626,77968164,77969021,77969924,77978884,","77948774,77949300,77955329,77956700,77960263,77960495,77962930,77963715,77964162,77964356,77964747,77964968,77965231,77966751,77966955,77967098,77967666,77968203,77969084,77970015,77979072,",0,FUBP1
NM_001376056.1,chr1,-,77944054,77979072,21,"77944054,77946529,77949154,77955254,77956571,77960183,77960343,77962769,77963573,77964061,77964253,77964645,77964869,77965068,77966693,77966883,77967048,77967626,77968164,77969924,77978884,","77945642,77946576,77949300,77955329,77956700,77960263,77960495,77962930,77963715,77964162,77964356,77964747,77964968,77965231,77966751,77966955,77967098,77967666,77968203,77970015,77979072,",0,FUBP1
NM_001376057.1,chr1,-,77944054,77979072,20,"77944054,77949154,77955254,77956571,77960183,77960343,77962769,77963573,77964061,77964253,77964645,77964869,77965068,77966693,77966883,77967048,77967626,77968164,77969924,77978884,","77948774,77949300,77955329,77956700,77960263,77960495,77962930,77963715,77964162,77964356,77964747,77964968,77965231,77966751,77966955,77967098,77967666,77968203,77970015,77979072,",0,FUBP1
NM_001130040.2,chr1,-,154962297,154970747,12,"154962297,154965542,154965945,154966161,154966318,154967670,154967979,154968203,154968494,154968770,154969377,154970031,","154963931,154965781,154966080,154966231,154966517,154967797,154968031,154968257,154968614,154968834,154969448,154970747,",0,SHC1
NM_001130041.2,chr1,-,154962297,154974376,13,"154962297,154965542,154965945,154966161,154966318,154967670,154967979,154968203,154968494,154968770,154969377,154970031,154974247,","154963931,154965781,154966077,154966231,154966517,154967797,154968031,154968257,154968614,154968834,154969448,154970199,154974376,",0,SHC1
NM_002838.5,chr1,+,198639039,198757476,33,"198639039,198639225,198692346,198696711,198699563,198702386,198703297,198704471,198706733,198708132,198709686,198712952,198716681,198718093,198722415,198728339,198729136,198731616,198732299,198732479,198734195,198734327,198735126,198741868,198742231,198744053,198748108,198749415,198750491,198752248,198752593,198754268,198755905,","198639137,198639341,198692373,198696909,198699704,198702530,198703372,198704498,198706952,198708261,198709824,198713072,198716840,198718302,198722476,198728448,198729171,198731726,198732390,198732556,198734232,198734425,198735252,198742026,198742367,198744203,198748199,198749549,198750626,198752371,198752772,198754404,198757476,",0,PTPRC
NM_003029.5,chr1,-,154962297,154974376,13,"154962297,154965542,154965945,154966161,154966318,154967670,154967979,154968203,154968494,154968770,154969377,154970031,154974247,","154963931,154965781,154966080,154966231,154966517,154967797,154968031,154968257,154968614,154968834,154969448,154970199,154974376,",0,SHC1
XM_006711472.5,chr1,+,198639039,198757476,32,"198639039,198639225,198692346,198696711,198699563,198703297,198704471,198706733,198708132,198709686,198712952,198716681,198718093,198722415,198728339,198729136,198731616,198732299,198732479,198734195,198734327,198735126,198741868,198742231,198744053,198748108,198749415,198750491,198752248,198752593,198754268,198755905,","198639137,198639341,198692373,198696909,198699704,198703372,198704498,198706952,198708261,198709824,198713072,198716840,198718302,198722476,198728448,198729171,198731726,198732390,198732556,198734232,198734425,198735252,198742026,198742367,198744203,198748199,198749549,198750626,198752371,198752772,198754404,198757476,",0,PTPRC
XM_006711473.4,chr1,+,198639039,198757476,32,"198639039,198639225,198692346,198699563,198702386,198703297,198704471,198706733,198708132,198709686,198712952,198716681,198718093,198722415,198728339,198729136,198731616,198732299,198732479,198734195,198734327,198735126,198741868,198742231,198744053,198748108,198749415,198750491,198752248,198752593,198754268,198755905,","198639137,198639341,198692373,198699704,198702530,198703372,198704498,198706952,198708261,198709824,198713072,198716840,198718302,198722476,198728448,198729171,198731726,198732390,198732556,198734232,198734425,198735252,198742026,198742367,198744203,198748199,198749549,198750626,198752371,198752772,198754404,198757476,",0,PTPRC
XM_006711474.4,chr1,+,198639039,198757476,31,"198639039,198639225,198692346,198699563,198703297,198704471,198706733,198708132,198709686,198712952,198716681,198718093,198722415,198728339,198729136,198731616,198732299,198732479,198734195,198734327,198735126,198741868,198742231,198744053,198748108,198749415,198750491,198752248,198752593,198754268,198755905,","198639137,198639341,198692373,198699704,198703372,198704498,198706952,198708261,198709824,198713072,198716840,198718302,198722476,198728448,198729171,198731726,198732390,198732556,198734232,198734425,198735252,198742026,198742367,198744203,198748199,198749549,198750626,198752371,198752772,198754404,198757476,",0,PTPRC
NM_001386500.1,chr1,-,11106534,11262551,58,"11106534,11108180,11109289,11109648,11112851,11114317,11114812,11115395,11117003,11121245,11121978,11124497,11126621,11127009,11127623,11128003,11128453,11128854,11129737,11130528,11133079,11134350,11139303,11139532,11144647,11144967,11146675,11150125,11157151,11167441,11199257,11199540,11204560,11209311,11210813,11212311,11212795,11213398,11216147,11228667,11230924,11231299,11232435,11233397,11234142,11237842,11238401,11240302,11241552,11243113,11247624,11247818,11253838,11255991,11256932,11258484,11259247,11262444,","11107500,11108286,11109370,11109729,11112917,11114453,11114887,11115468,11117086,11121368,11122126,11124633,11126796,11127144,11127806,11128126,11128552,11128951,11129838,11130777,11133197,11134466,11139435,11139658,11144755,11145045,11146791,11150226,11157291,11167517,11199403,11199703,11204703,11209458,11210906,11212474,11212908,11213566,11216234,11228918,11231054,11231434,11232528,11233487,11234265,11238048,11238617,11240547,11241681,11243300,11247733,11248094,11253973,11256192,11257165,11258593,11259450,11262551,",0,MTOR
NM_001386501.1,chr1,-,11106534,11262551,57,"11106534,11108180,11109289,11109648,11112851,11114317,11114812,11115395,11117003,11121245,11121978,11124497,11126621,11127009,11127623,11128003,11128453,11128854,11129737,11130528,11133079,11134350,11139303,11139532,11144647,11144967,11146675,11150125,11157151,11167441,11199257,11199540,11204560,11209311,11210813,11212311,11212795,11213398,11216147,11228667,11230924,11231299,11232435,11233397,11234142,11237842,11238401,11240302,11241552,11243113,11247818,11253838,11255991,11256932,11258484,11259247,11262444,","11107500,11108286,11109370,11109729,11112917,11114453,11114887,11115468,11117086,11121368,11122126,11124633,11126796,11127144,11127806,11128126,11128552,11128951,11129838,11130777,11133197,11134466,11139435,11139658,11144755,11145045,11146791,11150226,11157291,11167517,11199403,11199703,11204703,11209458,11210906,11212474,11212908,11213566,11216234,11228918,11231054,11231434,11232528,11233487,11234265,11238048,11238617,11240547,11241681,11243300,11248094,11253973,11256192,11257165,11258593,11259423,11262551,",0,MTOR
NM_001267798.2,chr1,+,198639039,198695171,4,"198639039,198639225,198692346,198694017,","198639137,198639341,198692373,198695171,",0,PTPRC
NM_003517.3,chr1,+,149886917,149887411,1,"149886917,","149887411,",0,H2AC20
NM_001200001.2,chr1,-,119935112,120069662,22,"119935112,119937281,119937856,119940554,119941525,119948413,119949006,119950723,119953542,119955039,119959391,119963573,119965452,119966375,119967432,119968076,119969510,119986959,119996996,120005328,120029905,120069333,","119935604,119937466,119938010,119940756,119941754,119948566,119949126,119950837,119953688,119955232,119959502,119963807,119965566,119966489,119967621,119968232,119969744,119987082,119997332,120005588,120029987,120069662,",0,NOTCH2
XR_007058581.1,chr1,-,11115432,11262551,51,"11115432,11117003,11121094,11121978,11124497,11126621,11127009,11127623,11128003,11128453,11128854,11129737,11130528,11133079,11134350,11139303,11139532,11144647,11144967,11146675,11150125,11157151,11167441,11199257,11199540,11204560,11209311,11210813,11212311,11212795,11213398,11216147,11228667,11230924,11231299,11232435,11233397,11234142,11237842,11238401,11240302,11241552,11243113,11247624,11247818,11253838,11255991,11256932,11258484,11259247,11262444,","11115468,11117086,11121368,11122126,11124633,11126796,11127144,11127806,11128126,11128552,11128951,11129838,11130777,11133197,11134466,11139435,11139658,11144755,11145045,11146791,11150226,11157291,11167517,11199403,11199703,11204703,11209458,11210906,11212474,11212908,11213566,11216234,11228918,11231054,11231434,11232528,11233487,11234265,11238048,11238617,11240547,11241681,11243300,11247733,11248094,11253973,11256192,11257165,11258593,11259423,11262551,",0,MTOR
XM_024447664.2,chr1,+,9651730,9729114,24,"9651730,9691466,9710423,9715540,9715848,9716439,9717045,9717536,9718693,9719920,9720111,9720610,9720741,9721126,9721443,9721760,9721974,9722243,9722527,9723124,9723968,9724275,9724803,9726908,","9651802,9691571,9710596,9715769,9716078,9716619,9717108,9717626,9718915,9720017,9720242,9720661,9720909,9721248,9721587,9721860,9722153,9722356,9722606,9723292,9724092,9724421,9724936,9729114,",0,PIK3CD
NR_130152.2,chr1,-,77946481,77979072,21,"77946481,77947452,77949154,77955254,77956571,77960183,77960343,77962769,77963573,77964061,77964253,77964645,77964869,77965068,77966693,77966883,77967048,77967626,77968164,77969924,77978884,","77946576,77947552,77949300,77955329,77956700,77960263,77960495,77962930,77963715,77964162,77964356,77964747,77964968,77965231,77966751,77966955,77967098,77967666,77968203,77970015,77979072,",0,FUBP1
NM_003629.4,chr1,-,46040139,46132629,10,"46040139,46045917,46046550,46055794,46061928,46066053,46066910,46077514,46080641,46131846,","46043871,46046088,46046625,46055971,46062071,46066179,46067091,46077613,46080750,46132629,",0,PIK3R3
NM_001303428.1,chr1,-,46040139,46132795,11,"46040139,46045917,46046550,46055794,46061928,46066053,46066910,46077514,46080641,46131846,46132698,","46043871,46046088,46046625,46055971,46062071,46066179,46067091,46077613,46080750,46131956,46132795,",0,PIK3R3
NM_001303429.2,chr1,-,46040139,46132629,9,"46040139,46045917,46046550,46061928,46066053,46066910,46077514,46080641,46131846,","46043871,46046088,46046625,46062071,46066179,46067091,46077613,46080750,46132629,",0,PIK3R3
NM_001303433.2,chr1,-,77944054,77979072,21,"77944054,77949154,77955254,77956571,77960183,77960343,77962769,77963573,77964061,77964253,77964645,77964869,77965068,77966693,77966883,77967048,77967626,77968164,77969021,77969924,77978884,","77948774,77949300,77955329,77956700,77960263,77960495,77962930,77963715,77964162,77964356,77964747,77964968,77965231,77966751,77966955,77967101,77967666,77968203,77969084,77970015,77979072,",0,FUBP1
NM_018136.5,chr1,-,197084126,197146669,28,"197084126,197086802,197088255,197089929,197090195,197090849,197091906,197093051,197094083,197095997,197100430,197117788,197121914,197122158,197122387,197124109,197124869,197125045,197128489,197129186,197129914,197132284,197133349,197135095,197139766,197142330,197143956,197146140,","197084426,197086972,197088432,197090084,197090388,197091041,197092056,197093261,197094180,197096164,197105185,197117983,197122043,197122301,197122595,197124331,197124955,197125191,197128665,197129317,197130056,197132352,197133595,197135242,197139871,197143810,197144100,197146669,",0,ASPM
NM_001012331.2,chr1,+,156860864,156881850,16,"156860864,156864353,156864727,156866909,156868103,156868504,156871622,156873632,156874570,156874905,156875519,156876079,156876399,156879121,156879998,156881456,","156861146,156864428,156864799,156866978,156868249,156868647,156871755,156873959,156874626,156875008,156875666,156876210,156876572,156879362,156880157,156881850,",0,NTRK1
XM_047426381.1,chr1,+,198638712,198757476,33,"198638712,198639225,198692346,198696711,198699563,198702386,198703297,198704471,198706733,198708132,198709686,198712952,198716681,198718093,198722415,198728339,198729136,198731616,198732299,198732479,198734195,198734327,198735126,198741868,198742231,198744053,198748108,198749415,198750491,198752248,198752593,198754268,198755905,","198638786,198639341,198692373,198696909,198699704,198702530,198703372,198704498,198706952,198708261,198709824,198713072,198716840,198718302,198722476,198728448,198729171,198731726,198732390,198732556,198734232,198734425,198735252,198742026,198742367,198744203,198748199,198749549,198750626,198752371,198752772,198754404,198757476,",0,PTPRC
XM_047426398.1,chr1,+,198638712,198757476,32,"198638712,198639225,198692346,198699563,198702386,198703297,198704471,198706733,198708132,198709686,198712952,198716681,198718093,198722415,198728339,198729136,198731616,198732299,198732479,198734195,198734327,198735126,198741868,198742231,198744053,198748108,198749415,198750491,198752248,198752593,198754268,198755905,","198638786,198639341,198692373,198699704,198702530,198703372,198704498,198706952,198708261,198709824,198713072,198716840,198718302,198722476,198728448,198729171,198731726,198732390,198732556,198734232,198734425,198735252,198742026,198742367,198744203,198748199,198749549,198750626,198752371,198752772,198754404,198757476,",0,PTPRC
XM_047426409.1,chr1,+,198638712,198757476,31,"198638712,198639225,198692346,198699563,198703297,198704471,198706733,198708132,198709686,198712952,198716681,198718093,198722415,198728339,198729136,198731616,198732299,198732479,198734195,198734327,198735126,198741868,198742231,198744053,198748108,198749415,198750491,198752248,198752593,198754268,198755905,","198638786,198639341,198692373,198699704,198703372,198704498,198706952,198708261,198709824,198713072,198716840,198718302,198722476,198728448,198729171,198731726,198732390,198732556,198734232,198734425,198735252,198742026,198742367,198744203,198748199,198749549,198750626,198752371,198752772,198754404,198757476,",0,PTPRC
XM_047426415.1,chr1,+,198638712,198757476,30,"198638712,198639225,198692346,198703297,198704471,198706733,198708132,198709686,198712952,198716681,198718093,198722415,198728339,198729136,198731616,198732299,198732479,198734195,198734327,198735126,198741868,198742231,198744053,198748108,198749415,198750491,198752248,198752593,198754268,198755905,","198638786,198639341,198692373,198703372,198704498,198706952,198708261,198709824,198713072,198716840,198718302,198722476,198728448,198729171,198731726,198732390,198732556,198734232,198734425,198735252,198742026,198742367,198744203,198748199,198749549,198750626,198752371,198752772,198754404,198757476,",0,PTPRC
XM_047426417.1,chr1,+,198731278,198757476,17,"198731278,198731616,198732299,198732479,198734195,198734327,198735126,198741868,198742231,198744053,198748108,198749415,198750491,198752248,198752593,198754268,198755905,","198731462,198731726,198732390,198732556,198734232,198734425,198735252,198742026,198742367,198744203,198748199,198749549,198750626,198752371,198752772,198754404,198757476,",0,PTPRC
XM_047426420.1,chr1,+,198729690,198757476,17,"198729690,198731616,198732299,198732479,198734195,198734327,198735126,198741868,198742231,198744053,198748108,198749415,198750491,198752248,198752593,198754268,198755905,","198729765,198731726,198732390,198732556,198734232,198734425,198735252,198742026,198742367,198744203,198748199,198749549,198750626,198752371,198752772,198754404,198757476,",0,PTPRC
NM_003902.5,chr1,-,77944054,77979072,20,"77944054,77949154,77955254,77956571,77960183,77960343,77962769,77963573,77964061,77964253,77964645,77964869,77965068,77966693,77966883,77967048,77967626,77968164,77969924,77978884,","77948774,77949300,77955329,77956700,77960263,77960495,77962930,77963715,77964162,77964356,77964747,77964968,77965231,77966751,77966955,77967101,77967666,77968203,77970015,77979072,",0,FUBP1
XM_047416721.1,chr1,-,11114807,11262551,51,"11114807,11115395,11121245,11121978,11124497,11126621,11127009,11127623,11128003,11128453,11128854,11129737,11130528,11133079,11134350,11139303,11139532,11144647,11144967,11146675,11150125,11157151,11167441,11199257,11199540,11204560,11209311,11210813,11212311,11212795,11213398,11216147,11228667,11230924,11231299,11232435,11233397,11234142,11237842,11238401,11240302,11241552,11243113,11247624,11247818,11253838,11255991,11256932,11258484,11259247,11262444,","11114887,11115468,11121368,11122126,11124633,11126796,11127144,11127806,11128126,11128552,11128951,11129838,11130777,11133197,11134466,11139435,11139658,11144755,11145045,11146791,11150226,11157291,11167517,11199403,11199703,11204703,11209458,11210906,11212474,11212908,11213566,11216234,11228918,11231054,11231434,11232528,11233487,11234265,11238048,11238617,11240547,11241681,11243300,11247733,11248094,11253973,11256192,11257165,11258593,11259423,11262551,",0,MTOR
XM_047416724.1,chr1,-,11106534,11237759,46,"11106534,11108180,11109289,11109648,11112851,11114317,11114812,11115395,11117003,11121245,11121978,11124497,11126621,11127009,11127623,11128003,11128453,11128854,11129737,11130528,11133079,11134350,11139303,11139532,11144647,11144967,11146675,11150125,11157151,11167441,11199257,11199540,11204560,11209311,11210813,11212311,11212795,11213398,11216147,11228667,11230924,11231299,11232435,11233397,11234142,11237735,","11107500,11108286,11109370,11109729,11112917,11114453,11114887,11115468,11117086,11121368,11122126,11124633,11126796,11127144,11127806,11128126,11128552,11128951,11129838,11130777,11133197,11134466,11139435,11139658,11144755,11145045,11146791,11150226,11157291,11167517,11199403,11199703,11204703,11209458,11210906,11212474,11212908,11213566,11216234,11228918,11231054,11231434,11232528,11233487,11234265,11237759,",0,MTOR
XM_011509892.4,chr1,-,154962297,154970747,12,"154962297,154965542,154965945,154966161,154966318,154967670,154967979,154968203,154968494,154968770,154969377,154970031,","154963931,154965781,154966080,154966231,154966544,154967797,154968031,154968257,154968614,154968834,154969448,154970747,",0,SHC1
XM_011509893.4,chr1,-,154962297,154970747,12,"154962297,154965542,154965945,154966161,154966318,154967670,154967979,154968203,154968494,154968770,154969377,154970031,","154963931,154965781,154966077,154966231,154966544,154967797,154968031,154968257,154968614,154968834,154969448,154970747,",0,SHC1
XM_011509894.4,chr1,-,154962297,154970747,11,"154962297,154965542,154965945,154966161,154966318,154967670,154967979,154968494,154968770,154969377,154970031,","154963931,154965781,154966080,154966231,154966544,154967797,154968031,154968614,154968834,154969448,154970747,",0,SHC1
XM_011509897.2,chr1,-,154962297,154974376,12,"154962297,154965542,154965945,154966161,154966318,154967670,154967979,154968494,154968770,154969377,154970031,154974247,","154963931,154965781,154966080,154966231,154966544,154967797,154968031,154968614,154968834,154969448,154970199,154974376,",0,SHC1
XM_011509898.3,chr1,-,154965288,154974376,11,"154965288,154965945,154966161,154966318,154967670,154967979,154968203,154968494,154968770,154969377,154974247,","154965781,154966077,154966231,154966517,154967797,154968031,154968257,154968614,154968834,154969448,154974376,",0,SHC1
XM_017000900.1,chr1,-,11106534,11258572,55,"11106534,11108180,11109289,11109648,11112851,11114317,11114812,11115395,11117003,11121245,11121978,11124497,11126621,11127009,11127623,11128003,11128453,11128854,11129737,11130528,11133079,11134350,11139303,11139532,11144647,11144967,11146675,11150125,11157151,11167441,11199257,11199540,11204560,11209311,11210813,11212311,11212795,11213398,11216147,11228667,11230924,11231299,11232435,11233397,11234142,11237842,11238401,11240302,11241552,11243113,11247624,11247818,11253838,11255991,11258484,","11107500,11108286,11109370,11109729,11112917,11114453,11114887,11115468,11117086,11121368,11122126,11124633,11126796,11127144,11127806,11128126,11128552,11128951,11129838,11130777,11133197,11134466,11139435,11139658,11144755,11145045,11146791,11150226,11157291,11167517,11199403,11199703,11204703,11209458,11210906,11212474,11212908,11213566,11216234,11228918,11231054,11231434,11232528,11233487,11234265,11238048,11238617,11240547,11241681,11243300,11247733,11248094,11253973,11256192,11258572,",0,MTOR
NR_164755.1,chr1,-,77944054,77979072,22,"77944054,77946529,77947452,77949154,77955254,77956571,77960183,77960343,77962769,77963573,77964061,77964253,77964645,77964869,77965068,77966693,77966883,77967048,77967626,77968164,77969924,77978884,","77945642,77946576,77947552,77949300,77955329,77956700,77960263,77960495,77962930,77963715,77964162,77964356,77964747,77964968,77965231,77966751,77966955,77967101,77967666,77968203,77970015,77979072,",0,FUBP1
NR_164756.1,chr1,-,77944054,77979072,22,"77944054,77946529,77947452,77949154,77955254,77956571,77960183,77960343,77962769,77963573,77964061,77964253,77964645,77964869,77965068,77966693,77966883,77967048,77967626,77968164,77969924,77978884,","77945642,77946576,77947552,77949300,77955329,77956700,77960263,77960495,77962930,77963715,77964162,77964356,77964747,77964968,77965231,77966751,77966955,77967098,77967666,77968203,77970015,77979072,",0,FUBP1
XR_001737514.3,chr1,-,77944054,77979072,22,"77944054,77945505,77949154,77955254,77956571,77960183,77960343,77962769,77963573,77964061,77964253,77964645,77964869,77965068,77966693,77966883,77967048,77967626,77968164,77969021,77969924,77978884,","77944269,77947552,77949300,77955329,77956700,77960263,77960495,77962930,77963715,77964162,77964356,77964747,77964968,77965231,77966751,77966955,77967101,77967666,77968203,77969084,77970015,77979072,",0,FUBP1
XR_001737517.3,chr1,-,77944054,77979072,23,"77944054,77946529,77947452,77949154,77955254,77956571,77960183,77960343,77962769,77963573,77964061,77964253,77964645,77964869,77965068,77966693,77966883,77967048,77967626,77968164,77969021,77969924,77978884,","77945642,77946576,77947552,77949300,77955329,77956700,77960263,77960495,77962930,77963715,77964162,77964356,77964747,77964968,77965231,77966751,77966955,77967101,77967666,77968203,77969084,77970015,77979072,",0,FUBP1
NM_004389.4,chr2,+,79513050,80648780,18,"79513050,79651551,79744386,79858012,79869815,79874075,79909593,80393210,80419448,80544981,80545906,80555692,80574162,80581705,80589303,80604073,80608183,80647584,","79513207,79651658,79744582,79858179,79869935,79874342,79909797,80393291,80419601,80545074,80546063,80555893,80574314,80581819,80589485,80604179,80608318,80648780,",0,CTNNA2
XM_005264175.6,chr2,-,25227873,25316596,23,"25227873,25235706,25236935,25239129,25240301,25240639,25241561,25243897,25244154,25244539,25245252,25246019,25246159,25246619,25247050,25247590,25248036,25274940,25275499,25282440,25300138,25313912,25314238,","25234420,25235825,25237005,25239215,25240450,25240730,25241707,25243982,25244338,25244652,25245332,25246064,25246309,25246776,25247158,25247749,25248252,25275087,25275543,25282711,25300243,25314161,25316596,",0,DNMT3A
NM_001042599.2,chr2,-,211375716,212538802,27,"211375716,211386852,211420440,211422006,211424154,211428407,211430944,211561902,211619176,211623921,211630461,211657753,211665322,211673163,211679051,211701966,211704103,211705317,211712049,211713534,211722392,211725075,211750638,211788024,211947429,212124751,212538448,","211384060,211387150,211420611,211422104,211424301,211428483,211431100,211562088,211619275,211624044,211630594,211657828,211665477,211673257,211679184,211702166,211704194,211705391,211712176,211713648,211722534,211725194,211750704,211788159,211947616,212124903,212538802,",0,ERBB4
XM_005264268.4,chr2,+,42169352,42326142,22,"42169352,42245504,42256500,42261120,42263177,42264705,42264918,42280849,42282822,42284633,42286268,42288226,42295124,42295380,42301240,42303103,42303314,42304483,42315961,42317426,42325466,42326044,","42169636,42245687,42256630,42261294,42263306,42264731,42264951,42280973,42282972,42284703,42286379,42288322,42295259,42295516,42301392,42303229,42303446,42304551,42316050,42317524,42325554,42326142,",0,EML4
NR_135490.2,chr2,-,25227873,25342483,24,"25227873,25235706,25236935,25239129,25239314,25240301,25240639,25241561,25243897,25244154,25244539,25245252,25246019,25246159,25246619,25247050,25247590,25248036,25274940,25275499,25282440,25300138,25313912,25342429,","25234420,25235825,25237005,25239215,25239513,25240450,25240730,25241707,25243982,25244338,25244652,25245332,25246064,25246309,25246776,25247158,25247749,25248252,25275087,25275543,25282711,25300243,25314161,25342483,",0,DNMT3A
NM_001353765.2,chr2,-,29192773,29223823,10,"29192773,29196769,29197541,29207170,29209785,29213983,29220705,29222343,29222516,29223341,","29193922,29196860,29197676,29207272,29209878,29214081,29220835,29222408,29222607,29223823,",0,ALK
NM_019063.5,chr2,+,42169352,42332548,23,"42169352,42245504,42256500,42261120,42263177,42264705,42280849,42282822,42284633,42286268,42288226,42295124,42295380,42301240,42303103,42303314,42304483,42315961,42317426,42325466,42326153,42328885,42329733,","42169636,42245687,42256630,42261294,42263306,42264731,42280973,42282972,42284703,42286379,42288322,42295259,42295516,42301392,42303229,42303446,42304551,42316050,42317524,42325554,42326252,42329016,42332548,",0,EML4
NM_005235.3,chr2,-,211375716,212538802,28,"211375716,211386852,211387944,211420440,211422006,211424154,211428407,211430944,211561902,211619176,211623921,211630461,211657753,211665322,211673163,211679051,211701966,211704103,211705317,211712049,211713534,211722392,211725075,211750638,211788024,211947429,212124751,212538448,","211384060,211387150,211387992,211420611,211422104,211424301,211428483,211431100,211562088,211619275,211624044,211630594,211657828,211665477,211673257,211679184,211702166,211704194,211705391,211712176,211713648,211722534,211725194,211750704,211788159,211947616,212124903,212538802,",0,ERBB4
NM_005378.6,chr2,+,15940549,15947004,3,"15940549,15941947,15945492,","15940743,15942854,15947004,",0,MYCN
NM_153759.3,chr2,-,25232960,25252315,19,"25232960,25235706,25236935,25239129,25240301,25240639,25241561,25243897,25244154,25244539,25245252,25246019,25246159,25246619,25247050,25247590,25248036,25249656,25252193,","25234420,25235825,25237005,25239215,25240450,25240730,25241707,25243982,25244338,25244652,25245332,25246064,25246309,25246776,25247158,25247749,25248252,25249724,25252315,",0,DNMT3A
XR_001738688.3,chr2,-,29226986,29921586,18,"29226986,29227573,29228957,29232303,29233564,29239679,29251104,29275098,29275401,29296887,29318303,29320750,29328349,29383731,29531914,29694849,29717577,29919992,","29227074,29227672,29229066,29232448,29233696,29239830,29251267,29275227,29275496,29297057,29318404,29320882,29328481,29383859,29532116,29695014,29717697,29921586,",0,ALK
NM_005544.3,chr2,-,226731311,226799820,2,"226731311,226794988,","226736250,226799820,",0,IRS1
XM_047443447.1,chr2,+,79513050,80632777,19,"79513050,79651551,79744386,79858012,79869815,79874075,79909593,80393210,80419448,80544981,80545906,80555692,80574162,80581705,80589303,80604073,80608183,80619084,80632649,","79513207,79651658,79744582,79858179,79869935,79874342,79909797,80393291,80419601,80545074,80546063,80555893,80574314,80581819,80589485,80604179,80608318,80619228,80632777,",0,CTNNA2
NM_005633.4,chr2,-,38981548,39121051,23,"38981548,38987472,38989269,38995122,38996921,38997252,39006411,39007030,39010583,39012125,39013459,39013866,39014764,39022569,39024009,39035211,39035389,39051143,39054613,39056701,39058672,39067627,39120335,","38986315,38987591,38989314,38995387,38997038,38997425,39006529,39007193,39010703,39012348,39013563,39013989,39014846,39023225,39024137,39035310,39035500,39051287,39054823,39056866,39058804,39067753,39121051,",0,SOS1
NM_001320810.2,chr2,+,80305112,80648780,13,"80305112,80393210,80419448,80544981,80545906,80555692,80574162,80581705,80589303,80604073,80608183,80619084,80647584,","80305323,80393291,80419601,80545074,80546063,80555893,80574314,80581819,80589485,80604179,80608318,80619228,80648780,",0,CTNNA2
XM_047443592.1,chr2,-,25227873,25282588,21,"25227873,25235706,25236935,25239129,25240301,25240639,25241561,25243897,25244154,25244539,25245252,25246019,25246159,25246619,25247050,25247590,25248036,25274940,25275499,25276063,25282440,","25234420,25235825,25237005,25239215,25240450,25240730,25241707,25243982,25244338,25244652,25245332,25246064,25246309,25246776,25247158,25247749,25248252,25275087,25275543,25276166,25282588,",0,DNMT3A
XM_047443593.1,chr2,-,25235711,25341925,21,"25235711,25239129,25240301,25240639,25241561,25243897,25244154,25244539,25245252,25246019,25246159,25246619,25247050,25247590,25248036,25274940,25275499,25282440,25300138,25313912,25341825,","25235825,25239215,25240450,25240730,25241707,25243982,25244338,25244652,25245332,25246064,25246309,25246776,25247158,25247749,25248252,25275087,25275543,25282711,25300243,25314161,25341925,",0,DNMT3A
XM_047443594.1,chr2,-,25227873,25277392,21,"25227873,25235706,25236935,25239129,25240301,25240639,25241561,25243897,25244154,25244539,25245252,25246019,25246159,25246619,25247050,25247590,25248036,25274940,25275499,25276063,25277220,","25234420,25235825,25237005,25239215,25240450,25240730,25241707,25243982,25244338,25244652,25245332,25246064,25246309,25246776,25247158,25247749,25248252,25275087,25275543,25276166,25277392,",0,DNMT3A
XM_047443596.1,chr2,-,25227873,25252131,19,"25227873,25235706,25236935,25239129,25240301,25240639,25241561,25243897,25244154,25244539,25245252,25246019,25246159,25246619,25247050,25247590,25248036,25249656,25251911,","25234420,25235825,25237005,25239215,25240450,25240730,25241707,25243982,25244338,25244652,25245332,25246064,25246309,25246776,25247158,25247749,25248252,25249724,25252131,",0,DNMT3A
XM_047443597.1,chr2,-,25227873,25252131,19,"25227873,25235706,25236935,25239129,25240301,25240639,25241561,25243897,25244154,25244539,25245252,25246019,25246159,25246619,25247050,25247590,25248036,25249617,25251911,","25234420,25235825,25237005,25239215,25240450,25240730,25241707,25243982,25244338,25244652,25245332,25246064,25246309,25246776,25247158,25247749,25248252,25249724,25252131,",0,DNMT3A
XM_047443598.1,chr2,-,25227873,25253198,18,"25227873,25235706,25236935,25239129,25240301,25240639,25241561,25243897,25244154,25244539,25245252,25246019,25246159,25246619,25247050,25247590,25248036,25252794,","25234420,25235825,25237005,25239215,25240450,25240730,25241707,25243982,25244338,25244652,25245332,25246064,25246309,25246776,25247158,25247749,25248252,25253198,",0,DNMT3A
XM_047443599.1,chr2,-,25239226,25252315,15,"25239226,25240301,25240639,25241561,25243897,25244154,25244539,25245252,25246019,25246159,25246619,25247050,25247590,25248036,25252193,","25239513,25240450,25240730,25241707,25243982,25244338,25244652,25245332,25246064,25246309,25246776,25247158,25247749,25248252,25252315,",0,DNMT3A
NM_001430.5,chr2,+,46297406,46386697,16,"46297406,46346872,46356150,46356723,46360637,46360884,46369826,46375689,46376538,46377893,46378656,46380226,46381595,46381974,46382424,46384508,","46297937,46347063,46356302,46356808,46360756,46361090,46369933,46375837,46376753,46378087,46378767,46380717,46381722,46382089,46382598,46386697,",0,EPAS1
NM_001320892.2,chr2,-,25281451,25341925,4,"25281451,25300138,25313912,25341825,","25282711,25300243,25314161,25341925,",0,DNMT3A
NM_001320893.1,chr2,-,25232960,25252131,18,"25232960,25235706,25236935,25239129,25240301,25240639,25241561,25243897,25244154,25244539,25245252,25246019,25246159,25246619,25247050,25247590,25248036,25251911,","25234420,25235825,25237005,25239215,25240450,25240730,25241707,25243982,25244338,25244652,25245332,25246064,25246309,25246776,25247158,25247749,25248252,25252131,",0,DNMT3A
NM_005896.4,chr2,-,208236228,208255071,10,"208236228,208239070,208239862,208241993,208243426,208245318,208248368,208251429,208253885,208254938,","208237169,208239233,208240003,208242145,208243604,208245424,208248660,208251567,208253959,208255071,",0,IDH1
XM_011532556.3,chr2,+,79513050,80648780,20,"79513050,79633697,79651551,79744386,79858012,79869815,79874075,79909593,80393210,80419448,80544981,80545906,80555692,80574162,80581705,80589303,80604073,80608183,80619084,80647584,","79513207,79633840,79651658,79744582,79858179,79869935,79874342,79909797,80393291,80419601,80545074,80546063,80555893,80574314,80581819,80589485,80604179,80608318,80619228,80648780,",0,CTNNA2
XM_011532557.3,chr2,+,80506193,80648780,11,"80506193,80544981,80545906,80555692,80574162,80581705,80589303,80604073,80608183,80619084,80647584,","80506348,80545074,80546063,80555893,80574314,80581819,80589485,80604179,80608318,80619228,80648780,",0,CTNNA2
XM_011532662.3,chr2,-,25227873,25292195,21,"25227873,25235706,25236935,25239129,25240301,25240639,25241561,25243897,25244154,25244539,25245252,25246019,25246159,25246619,25247050,25247590,25248036,25274940,25275499,25282440,25290913,","25234420,25235825,25237005,25239215,25240450,25240730,25241707,25243982,25244338,25244652,25245332,25246064,25246309,25246776,25247158,25247749,25248252,25275087,25275543,25282711,25292195,",0,DNMT3A
XM_011532664.3,chr2,-,25239226,25341925,20,"25239226,25240301,25240639,25241561,25243897,25244154,25244539,25245252,25246019,25246159,25246619,25247050,25247590,25248036,25274940,25275499,25282440,25300138,25313912,25341825,","25239513,25240450,25240730,25241707,25243982,25244338,25244652,25245332,25246064,25246309,25246776,25247158,25247749,25248252,25275087,25275543,25282711,25300243,25314161,25341925,",0,DNMT3A
XM_011532666.3,chr2,-,25227873,25252315,19,"25227873,25235706,25236935,25239129,25240301,25240639,25241561,25243897,25244154,25244539,25245252,25246019,25246159,25246619,25247050,25247590,25248036,25249617,25252193,","25234420,25235825,25237005,25239215,25240450,25240730,25241707,25243982,25244338,25244652,25245332,25246064,25246309,25246776,25247158,25247749,25248252,25249724,25252315,",0,DNMT3A
XM_011532667.4,chr2,-,25227873,25259614,18,"25227873,25235706,25236935,25239129,25240301,25240639,25241561,25243897,25244154,25244539,25245252,25246019,25246159,25246619,25247050,25247590,25248036,25259552,","25234420,25235825,25237005,25239215,25240450,25240730,25241707,25243982,25244338,25244652,25245332,25246064,25246309,25246776,25247158,25247749,25248252,25259614,",0,DNMT3A
XM_011532698.3,chr2,+,46313446,46386697,16,"46313446,46346872,46356150,46356723,46360637,46360884,46369826,46375689,46376538,46377893,46378656,46380226,46381595,46381974,46382424,46384508,","46325876,46347063,46356302,46356808,46360756,46361090,46369933,46375837,46376753,46378087,46378767,46380717,46381722,46382089,46382598,46386697,",0,EPAS1
XM_047443953.1,chr2,+,42169352,42332548,26,"42169352,42207928,42210179,42245504,42256500,42261120,42263177,42264705,42264918,42280849,42282822,42284633,42286268,42288226,42295124,42295380,42301240,42303103,42303314,42304483,42315961,42317426,42325466,42326153,42328885,42329733,","42169636,42208082,42210457,42245687,42256630,42261294,42263306,42264731,42264951,42280973,42282972,42284703,42286379,42288322,42295259,42295516,42301392,42303229,42303446,42304551,42316050,42317524,42325554,42326252,42329016,42332548,",0,EML4
XM_047443954.1,chr2,+,42227492,42332548,24,"42227492,42245504,42256500,42261120,42263177,42264705,42264918,42280849,42282822,42284633,42286268,42288226,42295124,42295380,42301240,42303103,42303314,42304483,42315961,42317426,42325466,42326153,42328885,42329733,","42245414,42245687,42256630,42261294,42263306,42264731,42264951,42280973,42282972,42284703,42286379,42288322,42295259,42295516,42301392,42303229,42303446,42304551,42316050,42317524,42325554,42326252,42329016,42332548,",0,EML4
NM_001439005.1,chr2,-,211375716,212538802,28,"211375716,211386852,211387944,211420440,211422006,211424154,211428407,211430944,211561902,211619176,211623921,211630461,211657949,211665322,211673163,211679051,211701966,211704103,211705317,211712049,211713534,211722392,211725075,211750638,211788024,211947429,212124751,212538448,","211384060,211387150,211387992,211420611,211422104,211424301,211428483,211431100,211562088,211619275,211624044,211630594,211657994,211665477,211673257,211679184,211702166,211704194,211705391,211712176,211713648,211722534,211725194,211750704,211788159,211947616,212124903,212538802,",0,ERBB4
NM_001439006.1,chr2,-,211375716,212538802,27,"211375716,211386852,211420440,211422006,211424154,211428407,211430944,211561902,211619176,211623921,211630461,211657949,211665322,211673163,211679051,211701966,211704103,211705317,211712049,211713534,211722392,211725075,211750638,211788024,211947429,212124751,212538448,","211384060,211387150,211420611,211422104,211424301,211428483,211431100,211562088,211619275,211624044,211630594,211657994,211665477,211673257,211679184,211702166,211704194,211705391,211712176,211713648,211722534,211725194,211750704,211788159,211947616,212124903,212538802,",0,ERBB4
XM_047444223.1,chr2,-,226790440,226799820,2,"226790440,226794988,","226792385,226799820,",0,IRS1
XM_047444224.1,chr2,-,226784146,226799820,2,"226784146,226794988,","226786311,226799820,",0,IRS1
XM_011533064.3,chr2,-,38981548,39079082,23,"38981548,38987472,38989269,38995122,38996921,38997252,39006411,39007030,39010583,39012125,39013459,39013866,39014764,39022569,39024009,39035211,39035389,39051143,39054613,39056701,39058672,39067627,39075406,","38986315,38987591,38989314,38995387,38997038,38997425,39006529,39007193,39010703,39012348,39013563,39013989,39014846,39023225,39024137,39035310,39035500,39051287,39054823,39056866,39058804,39067753,39079082,",0,SOS1
XM_017003403.3,chr2,+,79513050,80648780,19,"79513050,79633697,79651551,79744386,79858012,79869815,79874075,79909593,80393210,80419448,80544981,80545906,80555692,80574162,80581705,80589303,80604073,80608183,80647584,","79513207,79633840,79651658,79744582,79858179,79869935,79874342,79909797,80393291,80419601,80545074,80546063,80555893,80574314,80581819,80589485,80604179,80608318,80648780,",0,CTNNA2
XM_017003405.3,chr2,+,79513050,80632600,19,"79513050,79651551,79744386,79858012,79869815,79874075,79909593,80393210,80419448,80544981,80545906,80555692,80574162,80581705,80589303,80604073,80608183,80619084,80632071,","79513207,79651658,79744582,79858179,79869935,79874342,79909797,80393291,80419601,80545074,80546063,80555893,80574314,80581819,80589485,80604179,80608318,80619228,80632600,",0,CTNNA2
XM_047444434.1,chr2,+,15941798,15947004,2,"15941798,15945492,","15942854,15947004,",0,MYCN
NM_001399737.1,chr2,+,79185376,80648780,22,"79185376,79197958,79312708,79373830,79505053,79651551,79744386,79858012,79869815,79874075,79909593,80393210,80419448,80544981,80545906,80555692,80574162,80581705,80589303,80604073,80608183,80647584,","79185431,79198076,79312796,79374013,79505182,79651658,79744582,79858179,79869935,79874342,79909797,80393291,80419601,80545074,80546063,80555893,80574314,80581819,80589485,80604179,80608318,80648780,",0,CTNNA2
NM_001410776.1,chr2,+,42169352,42332548,24,"42169352,42245504,42256500,42261120,42263177,42264705,42264918,42280849,42282822,42284633,42286268,42288226,42295124,42295380,42301240,42303103,42303314,42304483,42315961,42317426,42325466,42326153,42328885,42329733,","42169636,42245687,42256630,42261294,42263306,42264731,42264951,42280973,42282972,42284703,42286379,42288322,42295259,42295516,42301392,42303229,42303446,42304551,42316050,42317524,42325554,42326252,42329016,42332548,",0,EML4
XM_017003526.2,chr2,-,25227873,25314488,23,"25227873,25235706,25236935,25239129,25240301,25240639,25241561,25243897,25244154,25244539,25245252,25246019,25246159,25246619,25247050,25247590,25248036,25274940,25275499,25282440,25300138,25313912,25314338,","25234420,25235825,25237005,25239215,25240450,25240730,25241707,25243982,25244338,25244652,25245332,25246064,25246309,25246776,25247158,25247749,25248252,25275087,25275543,25282711,25300243,25314161,25314488,",0,DNMT3A
XM_017003527.2,chr2,-,25227873,25256050,18,"25227873,25235706,25236935,25239129,25240301,25240639,25241561,25243897,25244154,25244539,25245252,25246019,25246159,25246619,25247050,25247590,25248036,25255880,","25234420,25235825,25237005,25239215,25240450,25240730,25241707,25243982,25244338,25244652,25245332,25246064,25246309,25246776,25247158,25247749,25248252,25256050,",0,DNMT3A
XM_017003577.3,chr2,-,211375716,212538802,30,"211375716,211386852,211387944,211420440,211422006,211424154,211428407,211430944,211561902,211619176,211623921,211630461,211657753,211657949,211665322,211673163,211679051,211701966,211704103,211705317,211712049,211713534,211722392,211725075,211750638,211781457,211788024,211947429,212124751,212538448,","211384060,211387150,211387992,211420611,211422104,211424301,211428483,211431100,211562088,211619275,211624044,211630594,211657828,211657994,211665477,211673257,211679184,211702166,211704194,211705391,211712176,211713648,211722534,211725194,211750704,211781535,211788159,211947616,212124903,212538802,",0,ERBB4
XM_017003578.3,chr2,-,211375716,212538802,29,"211375716,211386852,211387944,211420440,211422006,211424154,211428407,211430944,211561902,211619176,211623921,211630461,211657753,211665322,211673163,211679051,211701966,211704103,211705317,211712049,211713534,211722392,211725075,211750638,211781457,211788024,211947429,212124751,212538448,","211384060,211387150,211387992,211420611,211422104,211424301,211428483,211431100,211562088,211619275,211624044,211630594,211657828,211665477,211673257,211679184,211702166,211704194,211705391,211712176,211713648,211722534,211725194,211750704,211781535,211788159,211947616,212124903,212538802,",0,ERBB4
XM_017003580.3,chr2,-,211375716,212538802,29,"211375716,211386852,211387944,211420440,211422006,211424154,211428407,211430944,211561902,211619176,211623921,211630461,211657949,211665322,211673163,211679051,211701966,211704103,211705317,211712049,211713534,211722392,211725075,211750638,211781457,211788024,211947429,212124751,212538448,","211384060,211387150,211387992,211420611,211422104,211424301,211428483,211431100,211562088,211619275,211624044,211630594,211657994,211665477,211673257,211679184,211702166,211704194,211705391,211712176,211713648,211722534,211725194,211750704,211781535,211788159,211947616,212124903,212538802,",0,ERBB4
XM_017003579.3,chr2,-,211375716,212538802,29,"211375716,211386852,211420440,211422006,211424154,211428407,211430944,211561902,211619176,211623921,211630461,211657753,211657949,211665322,211673163,211679051,211701966,211704103,211705317,211712049,211713534,211722392,211725075,211750638,211781457,211788024,211947429,212124751,212538448,","211384060,211387150,211420611,211422104,211424301,211428483,211431100,211562088,211619275,211624044,211630594,211657828,211657994,211665477,211673257,211679184,211702166,211704194,211705391,211712176,211713648,211722534,211725194,211750704,211781535,211788159,211947616,212124903,212538802,",0,ERBB4
XM_017003581.3,chr2,-,211375716,212538802,28,"211375716,211386852,211420440,211422006,211424154,211428407,211430944,211561902,211619176,211623921,211630461,211657753,211665322,211673163,211679051,211701966,211704103,211705317,211712049,211713534,211722392,211725075,211750638,211781457,211788024,211947429,212124751,212538448,","211384060,211387150,211420611,211422104,211424301,211428483,211431100,211562088,211619275,211624044,211630594,211657828,211665477,211673257,211679184,211702166,211704194,211705391,211712176,211713648,211722534,211725194,211750704,211781535,211788159,211947616,212124903,212538802,",0,ERBB4
XM_017003582.2,chr2,-,211375716,211734619,25,"211375716,211386852,211387944,211420440,211422006,211424154,211428407,211430944,211561902,211619176,211623921,211630461,211657753,211657949,211665322,211673163,211679051,211701966,211704103,211705317,211712049,211713534,211722392,211725075,211734240,","211384060,211387150,211387992,211420611,211422104,211424301,211428483,211431100,211562088,211619275,211624044,211630594,211657828,211657994,211665477,211673257,211679184,211702166,211704194,211705391,211712176,211713648,211722534,211725194,211734619,",0,ERBB4
NM_001282386.1,chr2,-,208236226,208254458,10,"208236226,208239070,208239862,208241993,208243426,208245318,208248368,208251429,208253885,208254342,","208237169,208239233,208240003,208242145,208243604,208245424,208248660,208251567,208253959,208254458,",0,IDH1
NM_001282387.1,chr2,-,208236226,208254303,10,"208236226,208239070,208239862,208241993,208243426,208245318,208248368,208251429,208253885,208254030,","208237169,208239233,208240003,208242145,208243604,208245424,208248660,208251567,208253959,208254303,",0,IDH1
NM_001375819.1,chr2,-,25232975,25252263,18,"25232975,25235706,25236935,25239129,25240301,25240639,25241561,25243897,25244154,25244539,25245252,25246019,25246159,25246619,25247050,25247590,25248036,25252193,","25234420,25235825,25237005,25239215,25240450,25240730,25241707,25243982,25244338,25244652,25245332,25246064,25246309,25246776,25247158,25247749,25248252,25252263,",0,DNMT3A
XM_047444771.1,chr2,-,140350834,142131016,77,"140350834,140352952,140356341,140357978,140358820,140364660,140370709,140371178,140373007,140378179,140385892,140442503,140444329,140444562,140450567,140456454,140457462,140475137,140485342,140487616,140492607,140495564,140501686,140502962,140506795,140509927,140514652,140516888,140525843,140526236,140534020,140536580,140540972,140541778,140598630,140601449,140700249,140701720,140702140,140702426,140715972,140716681,140769212,140770880,140776097,140813656,140839990,140840917,140850101,140851651,140867589,140868098,140883816,140886137,140902919,140907876,140922964,140950234,140951859,140982159,140989531,140993994,141005334,141013555,141015695,141019921,141048985,141055115,141058882,141062050,141188420,141229182,141247225,141254521,141480395,141810278,142130647,","140350965,140353072,140356476,140358116,140358946,140364783,140370842,140371285,140373137,140378286,140386009,140442623,140444449,140444679,140450661,140456603,140457651,140475337,140485524,140487739,140492693,140495748,140501874,140503103,140506918,140510056,140514772,140517011,140525993,140526350,140534140,140536709,140541098,140541971,140598835,140601639,140700621,140701845,140702292,140702553,140716102,140716816,140769344,140771006,140776238,140813806,140840085,140841092,140850329,140851783,140867834,140868263,140884021,140886335,140903165,140908077,140923147,140950402,140951940,140982276,140989657,140994135,141005457,141013745,141015915,141020102,141049222,141055259,141059054,141062273,141188583,141229440,141247354,141254641,141480533,141810401,142131016,",0,LRP1B
NM_001282600.2,chr2,+,80305112,80648780,12,"80305112,80393210,80419448,80544981,80545906,80555692,80574162,80581705,80589303,80604073,80608183,80647584,","80305323,80393291,80419601,80545074,80546063,80555893,80574314,80581819,80589485,80604179,80608318,80648780,",0,CTNNA2
NM_001282597.3,chr2,+,79513050,80648780,19,"79513050,79651551,79744386,79858012,79869815,79874075,79909593,80393210,80419448,80544981,80545906,80555692,80574162,80581705,80589303,80604073,80608183,80619084,80647584,","79513207,79651658,79744582,79858179,79869935,79874342,79909797,80393291,80419601,80545074,80546063,80555893,80574314,80581819,80589485,80604179,80608318,80619228,80648780,",0,CTNNA2
NM_001282598.2,chr2,+,79523182,80648780,18,"79523182,79651551,79744386,79858012,79869815,79874075,79909593,80393210,80419448,80544981,80545906,80555692,80574162,80581705,80589303,80604073,80608183,80647584,","79523309,79651658,79744582,79858179,79869935,79874342,79909797,80393291,80419601,80545074,80546063,80555893,80574314,80581819,80589485,80604179,80608318,80648780,",0,CTNNA2
NM_001282599.2,chr2,+,80313378,80648780,12,"80313378,80393210,80419448,80544981,80545906,80555692,80574162,80581705,80589303,80604073,80608183,80647584,","80313654,80393291,80419601,80545074,80546063,80555893,80574314,80581819,80589485,80604179,80608318,80648780,",0,CTNNA2
NM_022552.5,chr2,-,25227873,25341925,23,"25227873,25235706,25236935,25239129,25240301,25240639,25241561,25243897,25244154,25244539,25245252,25246019,25246159,25246619,25247050,25247590,25248036,25274940,25275499,25282440,25300138,25313912,25341825,","25234420,25235825,25237005,25239215,25240450,25240730,25241707,25243982,25244338,25244652,25245332,25246064,25246309,25246776,25247158,25247749,25248252,25275087,25275543,25282711,25300243,25314161,25341925,",0,DNMT3A
XM_017004341.2,chr2,-,140231422,142115448,91,"140231422,140234785,140238151,140239441,140247085,140270241,140274423,140297807,140314934,140321962,140323892,140325761,140334452,140335614,140350796,140352952,140356341,140357978,140358820,140364660,140370709,140371178,140373007,140378179,140385892,140442503,140444329,140444562,140450567,140456454,140457462,140475137,140485342,140487616,140492607,140495564,140501686,140502962,140506795,140509927,140514652,140516888,140525843,140526236,140534020,140536580,140540972,140541778,140598630,140601449,140700249,140701720,140702140,140702426,140715972,140716681,140769212,140770880,140776097,140813656,140839990,140840917,140850101,140851651,140867589,140868098,140883816,140886137,140902919,140907876,140922964,140950234,140951859,140982159,140989531,140993994,141005334,141013555,141015695,141019921,141048985,141055115,141058882,141062050,141188420,141229182,141247225,141254521,141480395,141810278,142108859,","140233326,140234884,140238296,140239532,140247162,140270346,140274598,140297969,140315099,140322088,140324066,140325878,140334559,140335838,140351038,140353072,140356476,140358116,140358946,140364783,140370842,140371285,140373137,140378286,140386009,140442623,140444449,140444679,140450661,140456603,140457651,140475337,140485524,140487739,140492693,140495748,140501874,140503103,140506918,140510056,140514772,140517011,140525993,140526350,140534140,140536709,140541098,140541971,140598835,140601639,140700621,140701845,140702292,140702553,140716102,140716816,140769344,140771006,140776238,140813806,140840085,140841092,140850329,140851783,140867834,140868263,140884021,140886335,140903165,140908077,140923147,140950402,140951940,140982276,140989657,140994135,141005457,141013745,141015915,141020102,141049222,141055259,141059054,141062273,141188583,141229440,141247354,141254641,141480533,141810401,142115448,",0,LRP1B
XM_017004342.1,chr2,-,140231422,140840997,62,"140231422,140234785,140238151,140239441,140247085,140270241,140274423,140297807,140314934,140321962,140323892,140325761,140334452,140335614,140350796,140352952,140356341,140357978,140358820,140364660,140370709,140371178,140373007,140378179,140385892,140442503,140444329,140444562,140450567,140456454,140457462,140475137,140485342,140487616,140492607,140495564,140501686,140502962,140506795,140509927,140514652,140516888,140525843,140526236,140534020,140536580,140540972,140541778,140598630,140601449,140700249,140701720,140702140,140702426,140715972,140716681,140769212,140770880,140776097,140813656,140839990,140840912,","140233326,140234884,140238296,140239532,140247162,140270346,140274598,140297969,140315099,140322088,140324066,140325878,140334559,140335838,140351038,140353072,140356476,140358116,140358946,140364783,140370842,140371285,140373137,140378286,140386009,140442623,140444449,140444679,140450661,140456603,140457651,140475337,140485524,140487739,140492693,140495748,140501874,140503103,140506918,140510056,140514772,140517011,140525993,140526350,140534140,140536709,140541098,140541971,140598835,140601639,140700621,140701845,140702292,140702553,140716102,140716816,140769344,140771006,140776238,140813806,140840085,140840997,",0,LRP1B
NM_175630.1,chr2,-,25281451,25342590,4,"25281451,25300138,25313912,25342429,","25282711,25300243,25314161,25342590,",0,DNMT3A
NM_175629.2,chr2,-,25232960,25342590,23,"25232960,25235706,25236935,25239129,25240301,25240639,25241561,25243897,25244154,25244539,25245252,25246019,25246159,25246619,25247050,25247590,25248036,25274940,25275499,25282440,25300138,25313912,25342429,","25234420,25235825,25237005,25239215,25240450,25240730,25241707,25243982,25244338,25244652,25245332,25246064,25246309,25246776,25247158,25247749,25248252,25275087,25275543,25282711,25300243,25314161,25342590,",0,DNMT3A
XM_024452714.2,chr2,+,79505053,80648780,19,"79505053,79651551,79744386,79858012,79869815,79874075,79909593,80393210,80419448,80544981,80545906,80555692,80574162,80581705,80589303,80604073,80608183,80619084,80647584,","79505182,79651658,79744582,79858179,79869935,79874342,79909797,80393291,80419601,80545074,80546063,80555893,80574314,80581819,80589485,80604179,80608318,80619228,80648780,",0,CTNNA2
XM_024452715.2,chr2,+,79634559,80648780,20,"79634559,79645599,79651551,79744386,79858012,79869815,79874075,79909593,80393210,80419448,80544981,80545906,80555692,80574162,80581705,80589303,80604073,80608183,80619084,80647584,","79634699,79645852,79651658,79744582,79858179,79869935,79874342,79909797,80393291,80419601,80545074,80546063,80555893,80574314,80581819,80589485,80604179,80608318,80619228,80648780,",0,CTNNA2
XM_047445581.1,chr2,-,38981548,39124868,22,"38981548,38987472,38995122,38996921,38997252,39006411,39007030,39010583,39012125,39013459,39013866,39014764,39022569,39024009,39035211,39035389,39051143,39054613,39056701,39058672,39067627,39124663,","38986315,38987591,38995387,38997038,38997425,39006529,39007193,39010703,39012348,39013563,39013989,39014846,39023225,39024137,39035310,39035500,39051287,39054823,39056866,39058804,39067753,39124868,",0,SOS1
XM_047445582.1,chr2,-,38981548,39120396,23,"38981548,38987472,38989269,38995122,38996921,38997252,39006411,39007030,39010583,39012125,39013459,39013866,39014764,39022569,39024009,39035211,39035389,39051143,39054613,39056701,39058672,39067627,39120090,","38986315,38987591,38989314,38995387,38997038,38997425,39006529,39007193,39010703,39012348,39013563,39013989,39014846,39023225,39024137,39035310,39035500,39051287,39054823,39056866,39058804,39067753,39120396,",0,SOS1
XM_047445583.1,chr2,-,38981551,39121051,23,"38981551,38987472,38989269,38995122,38996921,38997252,39006411,39007030,39010583,39012125,39013459,39013866,39014764,39022569,39024009,39035211,39035389,39051143,39054613,39056701,39058672,39067627,39120335,","38985363,38987591,38989314,38995387,38997038,38997425,39006529,39007193,39010703,39012348,39013563,39013989,39014846,39023225,39024137,39035310,39035500,39051287,39054823,39056866,39058804,39067753,39121051,",0,SOS1
XM_047445584.1,chr2,-,38981551,39121051,22,"38981551,38987472,38995122,38996921,38997252,39006411,39007030,39010583,39012125,39013459,39013866,39014764,39022569,39024009,39035211,39035389,39051143,39054613,39056701,39058672,39067627,39120335,","38985363,38987591,38995387,38997038,38997425,39006529,39007193,39010703,39012348,39013563,39013989,39014846,39023225,39024137,39035310,39035500,39051287,39054823,39056866,39058804,39067753,39121051,",0,SOS1
XM_047445585.1,chr2,-,38981548,39034795,16,"38981548,38987472,38989269,38995122,38996921,38997252,39006411,39007030,39010583,39012125,39013459,39013866,39014764,39022569,39024009,39034771,","38986315,38987591,38989314,38995387,38997038,38997425,39006529,39007193,39010703,39012348,39013563,39013989,39014846,39023225,39024137,39034795,",0,SOS1
XM_047445586.1,chr2,-,38981548,39014848,13,"38981548,38987472,38989269,38995122,38996921,38997252,39006411,39007030,39010583,39012125,39013459,39013866,39014764,","38986315,38987591,38989314,38995387,38997038,38997425,39006529,39007193,39010703,39012348,39013563,39013989,39014848,",0,SOS1
NM_001293228.2,chr2,+,15940549,15947004,3,"15940549,15941947,15945492,","15941053,15942854,15947004,",0,MYCN
NM_001293231.2,chr2,+,15940549,15947004,2,"15940549,15945492,","15940743,15947004,",0,MYCN
NM_001293233.2,chr2,+,15940549,15947004,3,"15940549,15941947,15945492,","15940743,15942854,15947004,",0,MYCN
NM_003466.4,chr2,-,113215996,113278921,12,"113215996,113220091,113227154,113235393,113236600,113241550,113242007,113242689,113244426,113246753,113278369,113278830,","113218609,113220178,113227256,113235582,113236721,113241726,113242130,113242778,113244624,113246919,113278469,113278921,",0,PAX8
NM_001145076.3,chr2,+,42169352,42332548,22,"42169352,42245504,42256500,42263177,42264705,42280849,42282822,42284633,42286268,42288226,42295124,42295380,42301240,42303103,42303314,42304483,42315961,42317426,42325466,42326153,42328885,42329733,","42169636,42245687,42256630,42263306,42264731,42280973,42282972,42284703,42286379,42288322,42295259,42295516,42301392,42303229,42303446,42304551,42316050,42317524,42325554,42326252,42329016,42332548,",0,EML4
NM_001382394.1,chr2,-,38981548,39124868,23,"38981548,38987472,38989269,38995122,38996921,38997252,39006411,39007030,39010583,39012125,39013459,39013866,39014764,39022569,39024009,39035211,39035389,39051143,39054613,39056701,39058672,39067627,39124663,","38986315,38987591,38989314,38995387,38997038,38997425,39006529,39007193,39010703,39012348,39013563,39013989,39014846,39023225,39024137,39035310,39035500,39051287,39054823,39056866,39058804,39067753,39124868,",0,SOS1
NM_001382395.1,chr2,-,38981548,39121051,22,"38981548,38987472,38995122,38996921,38997252,39006411,39007030,39010583,39012125,39013459,39013866,39014764,39022569,39024009,39035211,39035389,39051143,39054613,39056701,39058672,39067627,39120335,","38986315,38987591,38995387,38997038,38997425,39006529,39007193,39010703,39012348,39013563,39013989,39014846,39023225,39024137,39035310,39035500,39051287,39054823,39056866,39058804,39067753,39121051,",0,SOS1
XM_006711991.2,chr2,+,42169352,42332548,23,"42169352,42245504,42256500,42263177,42264705,42264918,42280849,42282822,42284633,42286268,42288226,42295124,42295380,42301240,42303103,42303314,42304483,42315961,42317426,42325466,42326153,42328885,42329733,","42169636,42245687,42256630,42263306,42264731,42264951,42280973,42282972,42284703,42286379,42288322,42295259,42295516,42301392,42303229,42303446,42304551,42316050,42317524,42325554,42326252,42329016,42332548,",0,EML4
XM_006711992.3,chr2,+,42169352,42332548,25,"42169352,42207928,42245504,42256500,42261120,42263177,42264705,42264918,42280849,42282822,42284633,42286268,42288226,42295124,42295380,42301240,42303103,42303314,42304483,42315961,42317426,42325466,42326153,42328885,42329733,","42169636,42208082,42245687,42256630,42261294,42263306,42264731,42264951,42280973,42282972,42284703,42286379,42288322,42295259,42295516,42301392,42303229,42303446,42304551,42316050,42317524,42325554,42326252,42329016,42332548,",0,EML4
NM_001164883.2,chr2,+,79513050,80648780,17,"79513050,79651551,79744386,79858012,79869815,79874075,79909593,80393210,80419448,80544981,80545906,80555692,80574162,80581705,80589303,80604073,80647584,","79513207,79651658,79744582,79858179,79869935,79874342,79909797,80393291,80419601,80545074,80546063,80555893,80574314,80581819,80589485,80604179,80648780,",0,CTNNA2
XM_006712364.4,chr2,-,211375716,212538802,29,"211375716,211386852,211387944,211420440,211422006,211424154,211428407,211430944,211561902,211619176,211623921,211630461,211657753,211657949,211665322,211673163,211679051,211701966,211704103,211705317,211712049,211713534,211722392,211725075,211750638,211788024,211947429,212124751,212538448,","211384060,211387150,211387992,211420611,211422104,211424301,211428483,211431100,211562088,211619275,211624044,211630594,211657828,211657994,211665477,211673257,211679184,211702166,211704194,211705391,211712176,211713648,211722534,211725194,211750704,211788159,211947616,212124903,212538802,",0,ERBB4
NM_013952.4,chr2,-,113215996,113278921,12,"113215996,113220091,113227154,113235393,113236600,113241550,113242007,113242689,113244426,113246753,113278369,113278830,","113218609,113220178,113227256,113235503,113236721,113241726,113242130,113242778,113244624,113246919,113278469,113278921,",0,PAX8
NM_013953.4,chr2,-,113215996,113278921,10,"113215996,113220091,113227154,113241550,113242007,113242689,113244426,113246753,113278369,113278830,","113218609,113220178,113227256,113241726,113242130,113242778,113244624,113246919,113278469,113278921,",0,PAX8
NM_013992.4,chr2,-,113215996,113278921,9,"113215996,113220091,113241550,113242007,113242689,113244426,113246753,113278369,113278830,","113218609,113220178,113241726,113242130,113242778,113244624,113246919,113278469,113278921,",0,PAX8
NM_018557.3,chr2,-,140231422,142131016,91,"140231422,140234785,140238151,140239441,140247085,140270241,140274423,140297807,140314934,140321962,140323892,140325761,140334452,140335614,140350796,140352952,140356341,140357978,140358820,140364660,140370709,140371178,140373007,140378179,140385892,140442503,140444329,140444562,140450567,140456454,140457462,140475137,140485342,140487616,140492607,140495564,140501686,140502962,140506795,140509927,140514652,140516888,140525843,140526236,140534020,140536580,140540972,140541778,140598630,140601449,140700249,140701720,140702140,140702426,140715972,140716681,140769212,140770880,140776097,140813656,140839990,140840917,140850101,140851651,140867589,140868098,140883816,140886137,140902919,140907876,140922964,140950234,140951859,140982159,140989531,140993994,141005334,141013555,141015695,141019921,141048985,141055115,141058882,141062050,141188420,141229182,141247225,141254521,141480395,141810278,142130647,","140233326,140234884,140238296,140239532,140247162,140270346,140274598,140297969,140315099,140322088,140324066,140325878,140334559,140335838,140351038,140353072,140356476,140358116,140358946,140364783,140370842,140371285,140373137,140378286,140386009,140442623,140444449,140444679,140450661,140456603,140457651,140475337,140485524,140487739,140492693,140495748,140501874,140503103,140506918,140510056,140514772,140517011,140525993,140526350,140534140,140536709,140541098,140541971,140598835,140601639,140700621,140701845,140702292,140702553,140716102,140716816,140769344,140771006,140776238,140813806,140840085,140841092,140850329,140851783,140867834,140868263,140884021,140886335,140903165,140908077,140923147,140950402,140951940,140982276,140989657,140994135,141005457,141013745,141015915,141020102,141049222,141055259,141059054,141062273,141188583,141229440,141247354,141254641,141480533,141810401,142131016,",0,LRP1B
NM_004304.5,chr2,-,29192773,29921586,29,"29192773,29196769,29197541,29207170,29209785,29213983,29220705,29222343,29222516,29223341,29225460,29226921,29227573,29228883,29232303,29233564,29239679,29251104,29275098,29275401,29296887,29318303,29320750,29328349,29383731,29531914,29694849,29717577,29919992,","29193922,29196860,29197676,29207272,29209878,29214081,29220835,29222408,29222607,29223528,29225565,29227074,29227672,29229066,29232448,29233696,29239830,29251267,29275227,29275496,29297057,29318404,29320882,29328481,29383859,29532116,29695014,29717697,29921586,",0,ALK
NM_001437286.1,chr3,-,138652697,138834928,23,"138652697,138656141,138657689,138663905,138665035,138681966,138683677,138684624,138688874,138690999,138694785,138698906,138704442,138707158,138712207,138714467,138733360,138734633,138737706,138742557,138755753,138759172,138834694,","138655526,138656274,138657835,138664029,138665203,138682045,138683787,138684803,138688974,138691143,138694907,138699095,138704493,138707289,138712304,138714719,138733438,138734804,138737886,138742781,138755979,138759359,138834928,",0,PIK3CB
NM_001437287.1,chr3,-,138652697,138834928,25,"138652697,138656141,138657689,138663905,138665035,138681966,138683677,138684624,138688874,138690999,138694785,138698906,138704442,138707158,138712207,138714467,138733360,138734633,138737706,138742557,138755753,138759172,138770050,138796462,138834694,","138655526,138656274,138657835,138664029,138665203,138682045,138683787,138684803,138688974,138691143,138694907,138699095,138704493,138707289,138712304,138714719,138733438,138734804,138737886,138742781,138755979,138759359,138770117,138796567,138834928,",0,PIK3CB
NM_001437288.1,chr3,-,138652697,138834928,24,"138652697,138656141,138657689,138663905,138665035,138681966,138683677,138684624,138688874,138690999,138694785,138698906,138704442,138707158,138712207,138714467,138733360,138734633,138737706,138742557,138755753,138759172,138796462,138834467,","138655526,138656274,138657835,138664029,138665203,138682045,138683787,138684803,138688974,138691143,138694907,138699095,138704493,138707289,138712304,138714719,138733438,138734804,138737886,138742781,138755979,138759359,138796567,138834928,",0,PIK3CB
NM_001437290.1,chr3,-,138652697,138834928,22,"138652697,138656141,138657689,138663905,138665035,138681966,138683677,138684624,138688874,138690999,138694785,138698906,138707158,138712207,138714467,138733360,138734633,138737706,138742557,138755753,138759172,138834694,","138655526,138656274,138657835,138664029,138665203,138682045,138683787,138684803,138688974,138691143,138694907,138699095,138707289,138712304,138714719,138733438,138734804,138737886,138742781,138755979,138759359,138834928,",0,PIK3CB
NM_001437289.1,chr3,-,138652697,138834928,23,"138652697,138656141,138657689,138663905,138665035,138681966,138683677,138684624,138688874,138690999,138694785,138698906,138707158,138712207,138714467,138733360,138734633,138737706,138742557,138755753,138759172,138796462,138834694,","138655526,138656274,138657835,138664029,138665203,138682045,138683787,138684803,138688974,138691143,138694907,138699095,138707289,138712304,138714719,138733438,138734804,138737886,138742781,138755979,138759359,138796567,138834928,",0,PIK3CB
NM_001437291.1,chr3,-,138652697,138834928,23,"138652697,138656141,138657689,138663905,138665035,138681966,138683677,138684624,138688874,138690999,138694785,138698906,138707158,138712207,138714467,138733360,138734633,138737706,138742557,138755753,138759172,138796462,138834467,","138655526,138656274,138657835,138664029,138665203,138682045,138683787,138684803,138688974,138691143,138694907,138699095,138707289,138712304,138714719,138733438,138734804,138737886,138742781,138755979,138759359,138796567,138834928,",0,PIK3CB
NM_001437292.1,chr3,-,138652697,138834928,24,"138652697,138656141,138657689,138663905,138665035,138681966,138683677,138684624,138688874,138690999,138694785,138698906,138707158,138712207,138714467,138733360,138734633,138737706,138742557,138755753,138759172,138770050,138796462,138834694,","138655526,138656274,138657835,138664029,138665203,138682045,138683787,138684803,138688974,138691143,138694907,138699095,138707289,138712304,138714719,138733438,138734804,138737886,138742781,138755979,138759359,138770117,138796567,138834928,",0,PIK3CB
NM_001437293.1,chr3,-,138652697,138834928,25,"138652697,138656141,138657689,138663905,138665035,138681966,138683677,138684624,138688874,138690999,138694785,138698906,138704442,138707158,138712207,138714467,138733360,138734633,138737706,138742557,138755753,138759172,138760781,138796462,138834694,","138655526,138656274,138657835,138664029,138665203,138682045,138683787,138684803,138688974,138691143,138694907,138699095,138704493,138707289,138712304,138714719,138733438,138734804,138737886,138742781,138755979,138759359,138760903,138796567,138834928,",0,PIK3CB
NM_000249.4,chr3,+,36993517,37050846,19,"36993517,36996618,37000954,37004400,37006990,37008813,37011819,37012010,37014431,37017505,37020309,37025636,37028783,37040185,37042267,37047518,37048516,37048903,37050485,","36993663,36996709,37001053,37004474,37007063,37008905,37011862,37012099,37014544,37017599,37020463,37026007,37028932,37040294,37042331,37047683,37048609,37049017,37050846,",0,MLH1
NM_001290040.2,chr3,+,77040098,77649964,28,"77040098,77098013,77477413,77481098,77493243,77522774,77527402,77546337,77550817,77557943,77562650,77563166,77564953,77568312,77574498,77577489,77579946,77588750,77595141,77596622,77602209,77607797,77617512,77622226,77632473,77634869,77644703,77646053,","77040846,77098340,77477571,77481219,77493382,77522902,77527414,77546462,77550989,77558149,77562732,77563329,77565120,77568434,77574730,77577614,77580118,77588933,77595184,77596750,77602491,77607954,77617773,77622432,77632656,77635043,77644904,77649964,",0,ROBO2
NM_001290039.2,chr3,+,77040098,77649964,27,"77040098,77098013,77477413,77481098,77493243,77522774,77527402,77546337,77550817,77557943,77562650,77563166,77564953,77568312,77574498,77577489,77579946,77588750,77595141,77596622,77602209,77607797,77617512,77622226,77634869,77644703,77646053,","77040846,77098340,77477571,77481219,77493382,77522902,77527414,77546462,77550989,77558149,77562732,77563329,77565120,77568434,77574730,77577614,77580118,77588933,77595184,77596750,77602491,77607954,77617773,77622432,77635043,77644904,77649964,",0,ROBO2
NM_001290065.2,chr3,+,77040098,77649964,27,"77040098,77098013,77477413,77481098,77493243,77522774,77546337,77550817,77557943,77562650,77563166,77564449,77564953,77568312,77574498,77577489,77579946,77588750,77595141,77596622,77602209,77607797,77617512,77622226,77634869,77644703,77646053,","77040846,77098340,77477571,77481219,77493382,77522902,77546462,77550989,77558149,77562732,77563329,77564588,77565120,77568434,77574730,77577614,77580118,77588933,77595184,77596750,77602491,77607954,77617773,77622432,77635043,77644904,77649964,",0,ROBO2
NM_001378200.1,chr3,+,75906674,77649964,28,"75906674,75937480,77098013,77477413,77481098,77493243,77522774,77527402,77546337,77550817,77557943,77562650,77563166,77564953,77568312,77574498,77577489,77579946,77588750,77595141,77596622,77602209,77607797,77617512,77622226,77634869,77644703,77646053,","75906960,75937602,77098340,77477571,77481219,77493382,77522902,77527414,77546462,77550989,77558149,77562732,77563329,77565120,77568434,77574730,77577614,77580118,77588933,77595184,77596750,77602491,77607954,77617773,77622432,77635043,77644904,77649964,",0,ROBO2
NM_001378190.1,chr3,+,75906674,77649964,29,"75906674,75937480,77098013,77477413,77481098,77493243,77522774,77527402,77546337,77550817,77557943,77562650,77563166,77564953,77568312,77574498,77577489,77579946,77588750,77595141,77596622,77602209,77607797,77617512,77622226,77634869,77642670,77644703,77646053,","75906960,75937602,77098340,77477571,77481219,77493382,77522902,77527414,77546462,77550989,77558149,77562732,77563329,77565120,77568434,77574730,77577614,77580118,77588933,77595184,77596750,77602491,77607954,77617773,77622432,77635043,77642943,77644904,77649964,",0,ROBO2
NM_001378201.1,chr3,+,75906674,77649964,28,"75906674,75937480,77098013,77477413,77481098,77493243,77522774,77527402,77546337,77550817,77557943,77562650,77563166,77564953,77568312,77574498,77577489,77579946,77588750,77595141,77596622,77602209,77607797,77617512,77622226,77634869,77644703,77646053,","75906960,75937602,77098340,77477571,77481219,77493382,77522902,77527414,77546462,77550989,77558149,77562732,77563329,77565120,77568434,77574730,77577614,77580118,77588933,77595184,77596750,77602491,77607954,77617773,77622432,77635043,77644895,77649964,",0,ROBO2
NM_001378191.1,chr3,+,75906674,77649964,30,"75906674,75937480,77098013,77477413,77481098,77493243,77522774,77527402,77546337,77550817,77557943,77562650,77563166,77564953,77568312,77574498,77577489,77579946,77588750,77595141,77596622,77602209,77602934,77607797,77617512,77622226,77634869,77642670,77644703,77646053,","75906960,75937602,77098340,77477571,77481219,77493382,77522902,77527414,77546462,77550989,77558149,77562732,77563329,77565120,77568434,77574730,77577614,77580118,77588933,77595184,77596750,77602491,77603060,77607954,77617773,77622432,77635043,77642943,77644904,77649964,",0,ROBO2
NM_001378202.1,chr3,+,77040098,77649964,27,"77040098,77098013,77477413,77481098,77493243,77522774,77527402,77546337,77550817,77557943,77562650,77563166,77564953,77568312,77574498,77577489,77579946,77588750,77595141,77596622,77602209,77607797,77617512,77622226,77634869,77644703,77646053,","77040846,77098340,77477571,77481219,77493382,77522902,77527414,77546462,77550989,77558149,77562732,77563329,77565120,77568434,77574730,77577614,77580118,77588933,77595184,77596750,77602482,77607954,77617773,77622432,77635043,77644904,77649964,",0,ROBO2
NM_001378192.1,chr3,+,76310879,77649964,28,"76310879,77098013,77477413,77481098,77493243,77522774,77527402,77546337,77550817,77557943,77562650,77563166,77564953,77568312,77574498,77577489,77579946,77588750,77595141,77596622,77602209,77607797,77617512,77622226,77634869,77642670,77644703,77646053,","76311417,77098340,77477571,77481219,77493382,77522902,77527414,77546462,77550989,77558149,77562732,77563329,77565120,77568434,77574730,77577614,77580118,77588933,77595184,77596750,77602491,77607954,77617773,77622432,77635043,77642943,77644904,77649964,",0,ROBO2
NM_001378203.1,chr3,+,75906674,77649964,27,"75906674,75937480,77098013,77477413,77481098,77493243,77522774,77527402,77546337,77550817,77557943,77562650,77563166,77564953,77568312,77574498,77577489,77579946,77588750,77595141,77596622,77602209,77607797,77617512,77622226,77644703,77646053,","75906960,75937602,77098340,77477571,77481219,77493382,77522902,77527414,77546462,77550989,77558149,77562732,77563329,77565120,77568434,77574730,77577614,77580118,77588933,77595184,77596750,77602491,77607954,77617773,77622432,77644895,77649964,",0,ROBO2
NM_001378193.1,chr3,+,77040098,77649964,27,"77040098,77098013,77477413,77481098,77493243,77522774,77546337,77550817,77557943,77562650,77563166,77564953,77568312,77574498,77577489,77579946,77588750,77595141,77596622,77602209,77607797,77617512,77622226,77634869,77642670,77644703,77646053,","77040846,77098340,77477571,77481219,77493382,77522902,77546462,77550989,77558149,77562732,77563329,77565120,77568434,77574730,77577614,77580118,77588933,77595184,77596750,77602491,77607954,77617773,77622432,77635043,77642943,77644904,77649964,",0,ROBO2
NM_001378194.1,chr3,+,76310879,77649964,28,"76310879,77098013,77477413,77481098,77493243,77522774,77527402,77546337,77550817,77557943,77562650,77563166,77564953,77568312,77574498,77577489,77579946,77588750,77595141,77596622,77602209,77602934,77607797,77617512,77622226,77634869,77644703,77646053,","76311417,77098340,77477571,77481219,77493382,77522902,77527414,77546462,77550989,77558149,77562732,77563329,77565120,77568434,77574730,77577614,77580118,77588933,77595184,77596750,77602482,77603060,77607954,77617773,77622432,77635043,77644895,77649964,",0,ROBO2
NM_001378195.1,chr3,+,75906674,77649964,29,"75906674,75937480,77098013,77477413,77481098,77493243,77522774,77527402,77546337,77550817,77557943,77562650,77563166,77564953,77568312,77574498,77577489,77579946,77588750,77595141,77596622,77602209,77602934,77607797,77617512,77622226,77634869,77644703,77646053,","75906960,75937602,77098340,77477571,77481219,77493382,77522902,77527414,77546462,77550989,77558149,77562732,77563329,77565120,77568434,77574730,77577614,77580118,77588933,77595184,77596750,77602491,77603060,77607954,77617773,77622432,77635043,77644904,77649964,",0,ROBO2
NM_001378196.1,chr3,+,75906674,77649964,29,"75906674,75937480,77098013,77477413,77481098,77493243,77522774,77527402,77546337,77550817,77557943,77562650,77563166,77564953,77568312,77574498,77577489,77579946,77588750,77595141,77596622,77602209,77602934,77607797,77617512,77622226,77634869,77644703,77646053,","75906960,75937602,77098340,77477571,77481219,77493382,77522902,77527414,77546462,77550989,77558149,77562732,77563329,77565120,77568434,77574730,77577614,77580118,77588933,77595184,77596750,77602491,77603060,77607954,77617773,77622432,77635043,77644895,77649964,",0,ROBO2
NM_001378197.1,chr3,+,77040098,77649964,27,"77040098,77098013,77477413,77481098,77493243,77522774,77546337,77550817,77557943,77562650,77563166,77564953,77568312,77574498,77577489,77579946,77588750,77595141,77596622,77602209,77602934,77607797,77617512,77622226,77634869,77644703,77646053,","77040846,77098340,77477571,77481219,77493382,77522902,77546462,77550989,77558149,77562732,77563329,77565120,77568434,77574730,77577614,77580118,77588933,77595184,77596750,77602491,77603060,77607954,77617773,77622432,77635043,77644904,77649964,",0,ROBO2
NM_001378198.1,chr3,+,76310879,77649964,27,"76310879,77098013,77477413,77481098,77493243,77522774,77527402,77546337,77550817,77557943,77562650,77563166,77564953,77568312,77574498,77577489,77579946,77588750,77595141,77596622,77602209,77607797,77617512,77622226,77634869,77644703,77646053,","76311417,77098340,77477571,77481219,77493382,77522902,77527414,77546462,77550989,77558149,77562732,77563329,77565120,77568434,77574730,77577614,77580118,77588933,77595184,77596750,77602491,77607954,77617773,77622432,77635043,77644904,77649964,",0,ROBO2
NM_001378199.1,chr3,+,76310879,77649964,27,"76310879,77098013,77477413,77481098,77493243,77522774,77527402,77546337,77550817,77557943,77562650,77563166,77564953,77568312,77574498,77577489,77579946,77588750,77595141,77596622,77602209,77607797,77617512,77622226,77634869,77644703,77646053,","76311417,77098340,77477571,77481219,77493382,77522902,77527414,77546462,77550989,77558149,77562732,77563329,77565120,77568434,77574730,77577614,77580118,77588933,77595184,77596750,77602491,77607954,77617773,77622432,77635043,77644895,77649964,",0,ROBO2
XM_047447228.1,chr3,-,136336235,136625271,33,"136336235,136338369,136340490,136341440,136343831,136349157,136357719,136359147,136363365,136366942,136369107,136377659,136398748,136417884,136421092,136422409,136422767,136422951,136433555,136443286,136452032,136464880,136472412,136473538,136477288,136500222,136502627,136521212,136542118,136568764,136604308,136623145,136625204,","136338277,136338450,136340605,136341551,136344006,136349363,136357848,136359296,136363467,136367082,136369282,136377752,136398829,136417972,136421163,136422613,136422857,136423044,136433659,136443404,136452147,136464988,136472492,136473637,136477412,136500296,136502779,136521417,136542195,136568861,136604473,136623248,136625271,",0,STAG1
XM_047447230.1,chr3,-,136336235,136604326,32,"136336235,136338369,136340490,136341440,136343831,136349157,136357719,136359147,136363365,136366942,136369107,136377659,136398748,136417884,136421092,136422409,136422767,136422951,136433555,136443286,136452032,136464880,136472412,136473538,136477288,136500222,136502627,136521212,136542118,136568764,136586801,136604308,","136338277,136338450,136340605,136341551,136344006,136349363,136357848,136359296,136363467,136367082,136369282,136377752,136398829,136417972,136421163,136422613,136422857,136423044,136433659,136443404,136452147,136464988,136472492,136473637,136477412,136500296,136502779,136521417,136542195,136568861,136586926,136604326,",0,STAG1
XM_047447229.1,chr3,-,136336235,136630938,32,"136336235,136338369,136340490,136341440,136343831,136349157,136357719,136359147,136363365,136366942,136369107,136377659,136398748,136417884,136421092,136422409,136422767,136422951,136433555,136443286,136452032,136464880,136472412,136473538,136477288,136500222,136502627,136521212,136542118,136568764,136604308,136630869,","136338277,136338450,136340605,136341551,136344006,136349363,136357848,136359296,136363467,136367082,136369282,136377752,136398829,136417972,136421163,136422613,136422857,136423044,136433659,136443404,136452147,136464988,136472492,136473637,136477412,136500296,136502779,136521417,136542195,136568861,136604473,136630938,",0,STAG1
XM_047447231.1,chr3,-,136336235,136604406,30,"136336235,136338369,136340490,136341440,136343831,136349157,136357719,136359147,136363365,136366942,136369107,136377659,136398748,136417884,136421092,136422409,136422767,136422951,136433555,136443286,136452032,136464880,136472412,136473538,136477288,136500222,136502627,136521212,136542118,136604308,","136338277,136338450,136340605,136341551,136344006,136349363,136357848,136359296,136363467,136367082,136369282,136377752,136398829,136417972,136421163,136422613,136422857,136423044,136433659,136443404,136452147,136464988,136472492,136473637,136477412,136500296,136502779,136521417,136542195,136604406,",0,STAG1
XM_047447235.1,chr3,-,136336235,136518390,28,"136336235,136338369,136340490,136341440,136343831,136349157,136357719,136359147,136363365,136366942,136369107,136377659,136398748,136417884,136421092,136422409,136422767,136422951,136433555,136443286,136452032,136464880,136472412,136473538,136477288,136500222,136502627,136518247,","136338277,136338450,136340605,136341551,136344006,136349363,136357848,136359296,136363467,136367082,136369282,136377752,136398829,136417972,136421163,136422613,136422857,136423044,136433659,136443404,136452147,136464988,136472492,136473637,136477412,136500296,136502779,136518390,",0,STAG1
NM_001018115.3,chr3,+,10026436,10101932,44,"10026436,10028624,10032831,10034468,10034694,10035172,10036286,10039278,10039720,10041622,10042558,10043049,10043483,10043828,10046579,10047916,10049373,10052386,10060293,10062150,10063791,10064355,10064728,10065393,10065863,10067208,10072870,10073252,10074529,10078080,10081099,10081345,10085811,10087133,10088448,10088827,10090291,10092180,10093284,10094288,10095199,10096325,10098719,10101187,","10026473,10028721,10032972,10034536,10034798,10035233,10036339,10039357,10039845,10041710,10042663,10043150,10043592,10043864,10046723,10048051,10049505,10052497,10060403,10062211,10063911,10064429,10064875,10065494,10065979,10067317,10072981,10073362,10074673,10078197,10081228,10081464,10085922,10087264,10088542,10088950,10090385,10092252,10093323,10094363,10095274,10096472,10098815,10101932,",0,FANCD2
XM_047447478.1,chr3,+,41200390,41240443,15,"41200390,41224020,41224525,41224953,41225333,41225659,41227207,41233340,41233528,41234138,41235723,41236348,41236587,41238015,41239133,","41202388,41224081,41224753,41225207,41225572,41225861,41227352,41233444,41233867,41234297,41235843,41236499,41236709,41238076,41240443,",0,CTNNB1
XM_047447480.1,chr3,+,41200390,41240443,16,"41200390,41224020,41224525,41224953,41225333,41225659,41227207,41233340,41233528,41234138,41235723,41236348,41236587,41238015,41239133,41239818,","41202388,41224081,41224753,41225207,41225572,41225861,41227352,41233444,41233867,41234297,41235843,41236499,41236709,41238076,41239354,41240443,",0,CTNNB1
XM_047447479.1,chr3,+,41203056,41240443,16,"41203056,41224020,41224525,41224953,41225333,41225659,41227207,41233340,41233528,41234138,41235723,41236348,41236587,41238015,41239133,41239818,","41222345,41224081,41224753,41225207,41225572,41225861,41227352,41233444,41233867,41234297,41235843,41236499,41236709,41238076,41239354,41240443,",0,CTNNB1
XM_047447482.1,chr3,+,41203056,41240443,16,"41203056,41224020,41224189,41224525,41224953,41225333,41225659,41227207,41233340,41233528,41234138,41235723,41236348,41236587,41238015,41239133,","41222345,41224081,41224321,41224753,41225207,41225572,41225861,41227352,41233444,41233867,41234297,41235843,41236499,41236709,41238076,41240443,",0,CTNNB1
XM_006713658.5,chr3,+,179148125,179240093,21,"179148125,179198749,179199689,179201289,179203543,179204502,179209594,179210185,179210430,179218209,179219195,179219570,179219948,179220985,179224080,179224699,179225961,179229271,179230003,179230224,179234093,","179148219,179199177,179199899,179201540,179203789,179204588,179209700,179210338,179210565,179218334,179219277,179219735,179220052,179221157,179224187,179224821,179226040,179229442,179230121,179230376,179240093,",0,PIK3CA
NM_001374253.1,chr3,+,10026436,10101932,43,"10026436,10028624,10032831,10034468,10034694,10035172,10036286,10039278,10039720,10041622,10042558,10043049,10043483,10043828,10046579,10047916,10049373,10060293,10062150,10063791,10064355,10064728,10065393,10065863,10067208,10072870,10073252,10074529,10078080,10081099,10081345,10085811,10087133,10088448,10088827,10090291,10092180,10093284,10094288,10095199,10096325,10098719,10101187,","10026473,10028721,10032972,10034536,10034798,10035233,10036339,10039357,10039845,10041710,10042663,10043150,10043592,10043864,10046723,10048051,10049505,10060403,10062211,10063911,10064429,10064875,10065494,10065979,10067317,10072981,10073362,10074673,10078197,10081228,10081464,10085922,10087264,10088542,10088950,10090385,10092252,10093323,10094363,10095274,10096472,10098815,10101932,",0,FANCD2
NM_001350074.2,chr3,-,52545366,52685599,32,"52545366,52550420,52550746,52561766,52563282,52564049,52576540,52579053,52586424,52587352,52589069,52603520,52609312,52615350,52617261,52624896,52627272,52628893,52634601,52641953,52643247,52644703,52648343,52651741,52658198,52662132,52668497,52678499,52679573,52681694,52682091,52685435,","52548235,52550637,52550817,52561968,52563493,52564233,52576698,52579199,52586688,52587510,52589255,52603732,52609955,52615456,52617538,52624941,52627370,52629035,52634815,52642045,52643343,52644789,52648442,52651810,52658315,52662276,52668645,52678597,52679726,52681820,52682233,52685599,",0,PBRM1
NM_001374254.1,chr3,+,10026436,10099343,42,"10026436,10028624,10032831,10034468,10034694,10035172,10036286,10039278,10039720,10041622,10042558,10043049,10043483,10043828,10046579,10047916,10049373,10052386,10060293,10062150,10063791,10064355,10064728,10065393,10065863,10067208,10072870,10073252,10074529,10078080,10081099,10081345,10085811,10087133,10088448,10088827,10090291,10092180,10094288,10095199,10096325,10098719,","10026473,10028721,10032972,10034536,10034798,10035233,10036339,10039357,10039845,10041710,10042663,10043150,10043592,10043864,10046723,10048051,10049505,10052497,10060403,10062211,10063911,10064429,10064875,10065494,10065979,10067317,10072981,10073362,10074673,10078197,10081228,10081464,10085922,10087264,10088542,10088950,10090385,10092252,10094363,10095274,10096472,10099343,",0,FANCD2
NM_001350075.2,chr3,-,52545366,52685913,30,"52545366,52550420,52550746,52554723,52561766,52563282,52564049,52576540,52579053,52586424,52587352,52589069,52603520,52609312,52615350,52617261,52627272,52628893,52634601,52641953,52643247,52644703,52648343,52651741,52658198,52662132,52668497,52678499,52679573,52685748,","52548235,52550637,52550817,52554879,52561968,52563493,52564233,52576698,52579199,52586688,52587510,52589255,52603732,52609955,52615456,52617538,52627370,52629035,52634815,52642045,52643343,52644789,52648442,52651810,52658315,52662276,52668645,52678597,52679726,52685913,",0,PBRM1
NM_001374255.1,chr3,+,10026436,10040686,10,"10026436,10028624,10032831,10034468,10034694,10035172,10036286,10039278,10039720,10040536,","10026626,10028721,10032972,10034536,10034798,10035233,10036339,10039357,10039845,10040686,",0,FANCD2
NM_001350076.2,chr3,-,52545366,52685913,32,"52545366,52550420,52550746,52561766,52563282,52564049,52576540,52579053,52586424,52587352,52589069,52603520,52609312,52615350,52617261,52624896,52627272,52628893,52634601,52641953,52643247,52644703,52648343,52651741,52658198,52662132,52668497,52678499,52679573,52681694,52682091,52685748,","52548235,52550637,52550817,52561968,52563493,52564233,52576698,52579199,52586688,52587510,52589252,52603732,52609955,52615456,52617538,52624941,52627370,52629035,52634815,52642045,52643343,52644789,52648442,52651810,52658315,52662276,52668645,52678597,52679726,52681820,52682233,52685913,",0,PBRM1
NM_001350077.2,chr3,-,52545366,52685599,33,"52545366,52550420,52550746,52561766,52563282,52564049,52576540,52579053,52586424,52587352,52589069,52603520,52609312,52615350,52617261,52624896,52627272,52628893,52634601,52641953,52643247,52644703,52648343,52651741,52658198,52662132,52668497,52678499,52679573,52681703,52682091,52684855,52685435,","52548235,52550637,52550817,52561968,52563493,52564233,52576698,52579199,52586688,52587510,52589255,52603732,52609955,52615456,52617538,52624941,52627370,52629035,52634815,52642045,52643343,52644789,52648442,52651810,52658315,52662276,52668645,52678597,52679726,52681820,52682233,52684914,52685599,",0,PBRM1
NM_001350078.2,chr3,-,52545366,52685913,32,"52545366,52550420,52550746,52561766,52563282,52564049,52576540,52579053,52586424,52587352,52589069,52603520,52609312,52615350,52617261,52624896,52627272,52628893,52634601,52641953,52643247,52644703,52648343,52651741,52658198,52662132,52668497,52678499,52679573,52681694,52682091,52685748,","52548235,52550637,52550817,52561968,52563493,52564233,52576698,52579199,52586688,52587510,52589255,52603732,52609955,52615456,52617538,52624941,52627370,52629035,52634815,52642045,52643343,52644789,52648442,52651810,52658315,52662276,52668645,52678597,52679726,52681820,52682233,52685913,",0,PBRM1
NM_001350079.2,chr3,-,52545366,52685913,31,"52545366,52550420,52550746,52561766,52563282,52564049,52576540,52579053,52586424,52587352,52589069,52603520,52609312,52615350,52617261,52627272,52628893,52634601,52641953,52643247,52644703,52648343,52651741,52658198,52662132,52668497,52678499,52679573,52681694,52682091,52685748,","52548235,52550637,52550817,52561968,52563493,52564233,52576698,52579199,52586688,52587435,52589255,52603732,52609955,52615456,52617538,52627370,52629035,52634815,52642045,52643343,52644789,52648442,52651810,52658315,52662276,52668645,52678597,52679726,52681820,52682233,52685913,",0,PBRM1
XM_005265161.3,chr3,+,36993517,37050846,17,"36993517,36996618,37000954,37004400,37006990,37008813,37011819,37012010,37020309,37025636,37028783,37040185,37042267,37047518,37048516,37048903,37050485,","36993663,36996709,37001053,37004474,37007063,37008905,37011862,37012099,37020463,37026007,37028932,37040294,37042331,37047683,37048609,37049017,37050846,",0,MLH1
NM_001354579.2,chr3,-,142449234,142578733,46,"142449234,142453127,142457603,142458957,142459226,142461939,142465096,142466323,142467933,142469336,142470085,142485139,142493131,142496360,142497012,142498596,142499626,142503361,142505138,142507930,142512259,142513500,142515394,142519668,142522727,142523992,142535079,142536107,142538481,142540903,142542664,142547724,142549478,142550131,142553226,142553639,142553824,142555876,142556382,142558623,142559250,142561242,142562231,142566120,142568062,142578645,","142449602,142453233,142457755,142459111,142459383,142462090,142465240,142466533,142468068,142469569,142470183,142485282,142493311,142496520,142497192,142498774,142499718,142503453,142505303,142508109,142512470,142513638,142515515,142519784,142522841,142524199,142535205,142536201,142538625,142541034,142542757,142547910,142549673,142550302,142553398,142553740,142554015,142556139,142556575,142558776,142559441,142561421,142563109,142566261,142568154,142578733,",0,ATR
NM_001354615.2,chr3,+,36993517,37050846,18,"36993517,36996618,37000954,37004400,37006990,37011819,37012010,37014431,37017505,37020309,37025636,37028783,37040185,37042267,37047518,37048516,37048903,37050485,","36993663,36996709,37001048,37004474,37007063,37011862,37012099,37014544,37017599,37020463,37026007,37028932,37040294,37042331,37047683,37048609,37049017,37050846,",0,MLH1
NM_001354616.2,chr3,+,36993517,37050846,18,"36993517,36996623,37000954,37004400,37006990,37011819,37012010,37014431,37017505,37020309,37025636,37028783,37040185,37042267,37047518,37048516,37048903,37050485,","36993663,36996709,37001053,37004474,37007063,37011862,37012099,37014544,37017599,37020463,37026007,37028932,37040294,37042331,37047683,37048609,37049017,37050846,",0,MLH1
NM_001354617.2,chr3,+,36993517,37050846,19,"36993517,36996623,37000954,37004400,37006990,37008813,37011819,37012010,37014431,37017505,37020309,37025636,37028783,37040185,37042267,37047518,37048516,37048903,37050485,","36993663,36996709,37001053,37004474,37007063,37008905,37011862,37012099,37014544,37017599,37020463,37026007,37028932,37040294,37042331,37047683,37048609,37049017,37050846,",0,MLH1
NM_001354618.2,chr3,+,36993517,37050846,19,"36993517,36996618,37000954,37004400,37006990,37008813,37011819,37012010,37014431,37017505,37020309,37025636,37028783,37040185,37042267,37047518,37048516,37048903,37050485,","36993890,36996709,37001053,37004474,37007063,37008905,37011862,37012099,37014544,37017599,37020463,37026007,37028932,37040294,37042331,37047683,37048609,37049017,37050846,",0,MLH1
NM_001354620.2,chr3,+,36993517,37050846,19,"36993517,36996623,37000954,37004400,37006990,37008813,37011819,37012010,37014431,37017505,37020309,37025636,37028783,37040185,37042267,37047518,37048516,37048903,37050485,","36993663,36996709,37001048,37004474,37007063,37008905,37011862,37012099,37014544,37017599,37020463,37026007,37028932,37040294,37042331,37047683,37048609,37049017,37050846,",0,MLH1
NM_001354619.2,chr3,+,36993517,37050846,20,"36993517,36994829,36996618,37000954,37004400,37006990,37008813,37011819,37012010,37014431,37017505,37020309,37025636,37028783,37040185,37042267,37047518,37048516,37048903,37050485,","36993890,36994953,36996709,37001053,37004474,37007063,37008905,37011862,37012099,37014544,37017599,37020463,37026007,37028932,37040294,37042331,37047683,37048609,37049017,37050846,",0,MLH1
NM_001354621.2,chr3,+,36993517,37050846,17,"36993517,36996618,37000954,37004400,37006990,37008813,37011819,37012010,37020309,37025636,37028783,37040185,37042267,37047518,37048516,37048903,37050485,","36993890,36996709,37001053,37004474,37007063,37008905,37011862,37012099,37020463,37026007,37028932,37040294,37042331,37047683,37048609,37049017,37050846,",0,MLH1
NM_001354622.2,chr3,+,36993517,37050846,18,"36993517,36996618,37000954,37004400,37006990,37008813,37011819,37012010,37014431,37020309,37025636,37028783,37040185,37042267,37047518,37048516,37048903,37050485,","36993890,36996709,37001053,37004474,37007063,37008905,37011862,37012099,37014544,37020463,37026007,37028932,37040294,37042331,37047683,37048609,37049017,37050846,",0,MLH1
NM_001354623.2,chr3,+,36993517,37050846,17,"36993517,37000954,37004400,37006990,37008813,37011819,37012010,37014431,37020309,37025636,37028783,37040185,37042267,37047518,37048516,37048903,37050485,","36993890,37001053,37004474,37007063,37008905,37011862,37012099,37014544,37020463,37026007,37028932,37040294,37042331,37047683,37048609,37049017,37050846,",0,MLH1
NM_001354624.2,chr3,+,36993517,37050846,17,"36993517,36996618,37000954,37004400,37006990,37008813,37011819,37012010,37014431,37025636,37028783,37040185,37042267,37047518,37048516,37048903,37050485,","36993663,36996709,37001053,37004474,37007063,37008905,37011862,37012099,37014544,37026007,37028932,37040294,37042331,37047683,37048609,37049017,37050846,",0,MLH1
NM_001354625.2,chr3,+,36993517,37050846,16,"36993517,36996623,37000954,37004400,37006990,37011819,37012010,37014431,37025636,37028783,37040185,37042267,37047518,37048516,37048903,37050485,","36993663,36996709,37001048,37004474,37007063,37011862,37012099,37014544,37026007,37028932,37040294,37042331,37047683,37048609,37049017,37050846,",0,MLH1
NM_001354626.2,chr3,+,36993517,37050846,17,"36993517,36996623,37000954,37004400,37006990,37008813,37011819,37012010,37014431,37025636,37028783,37040185,37042267,37047518,37048516,37048903,37050485,","36993663,36996709,37001053,37004474,37007063,37008905,37011862,37012099,37014544,37026007,37028932,37040294,37042331,37047683,37048609,37049017,37050846,",0,MLH1
NM_001354627.2,chr3,+,36993517,37050846,17,"36993517,36996618,37000954,37004400,37006990,37008813,37011819,37012010,37014431,37025636,37028783,37040185,37042267,37047518,37048516,37048903,37050485,","36993890,36996709,37001053,37004474,37007063,37008905,37011862,37012099,37014544,37026007,37028932,37040294,37042331,37047683,37048609,37049017,37050846,",0,MLH1
NM_001354628.2,chr3,+,36993517,37050846,18,"36993517,36996618,37000954,37004400,37006990,37008813,37011819,37012010,37014431,37017505,37020309,37025636,37028783,37040185,37042267,37047518,37048903,37050485,","36993663,36996709,37001053,37004474,37007063,37008905,37011862,37012099,37014544,37017599,37020463,37026007,37028932,37040294,37042331,37047683,37049017,37050846,",0,MLH1
NM_001354630.2,chr3,+,36993517,37050846,18,"36993517,36996618,37000954,37004400,37006990,37008813,37011819,37012010,37014431,37017505,37020309,37025636,37028783,37040185,37042267,37048516,37048903,37050485,","36993663,36996709,37001053,37004474,37007063,37008905,37011862,37012099,37014544,37017599,37020463,37026007,37028932,37040294,37042331,37048609,37049017,37050846,",0,MLH1
NM_001354629.2,chr3,+,36993517,37050846,18,"36993517,36996618,37004400,37006990,37008813,37011819,37012010,37014431,37017505,37020309,37025636,37028783,37040185,37042267,37047518,37048516,37048903,37050485,","36993663,36996709,37004474,37007063,37008905,37011862,37012099,37014544,37017599,37020463,37026007,37028932,37040294,37042331,37047683,37048609,37049017,37050846,",0,MLH1
XM_017006725.2,chr3,-,52545366,52685913,34,"52545366,52550420,52550746,52554723,52558248,52561766,52563282,52564049,52576540,52579053,52586424,52587352,52589069,52603520,52609312,52615350,52617261,52624896,52627272,52628893,52634601,52641953,52643247,52644703,52648343,52651741,52658198,52662132,52668497,52678499,52679573,52681694,52682091,52685748,","52548235,52550637,52550817,52554879,52558413,52561968,52563493,52564233,52576698,52579199,52586688,52587510,52589255,52603732,52609955,52615456,52617538,52624941,52627370,52629035,52634815,52642045,52643343,52644789,52648442,52651810,52658342,52662276,52668645,52678597,52679726,52681820,52682233,52685913,",0,PBRM1
XM_017006726.2,chr3,-,52545366,52685599,35,"52545366,52550420,52550746,52554723,52558248,52561766,52563282,52564049,52576540,52579053,52586424,52587352,52589069,52603520,52609312,52615350,52617261,52624896,52627272,52628893,52634601,52641953,52643247,52644703,52648343,52651741,52658198,52662132,52668497,52678499,52679573,52681694,52682091,52684855,52685435,","52548235,52550637,52550817,52554879,52558413,52561968,52563493,52564233,52576698,52579199,52586688,52587510,52589255,52603732,52609955,52615456,52617538,52624941,52627370,52629035,52634815,52642045,52643343,52644789,52648442,52651810,52658342,52662276,52668645,52678597,52679726,52681820,52682233,52684914,52685599,",0,PBRM1
XM_017006727.2,chr3,-,52545366,52685913,35,"52545366,52550420,52550746,52554723,52558248,52561766,52563282,52564049,52576540,52579053,52586424,52587352,52589069,52603520,52609312,52615350,52617261,52624896,52627272,52628893,52634601,52641953,52643247,52644703,52648343,52651741,52658198,52662132,52668497,52678499,52679573,52681694,52682091,52684855,52685748,","52548235,52550637,52550817,52554879,52558413,52561968,52563493,52564233,52576698,52579199,52586688,52587510,52589255,52603732,52609955,52615456,52617538,52624941,52627370,52629035,52634815,52642045,52643343,52644789,52648442,52651810,52658342,52662276,52668645,52678597,52679726,52681820,52682233,52684914,52685913,",0,PBRM1
NM_001394212.1,chr3,+,76310879,77649964,28,"76310879,77098013,77477413,77481098,77493243,77522774,77546337,77550817,77557943,77562650,77563166,77564953,77568312,77574498,77577489,77579946,77588750,77595141,77596622,77602209,77602934,77607797,77617512,77622226,77634869,77642670,77644703,77646053,","76311417,77098340,77477571,77481219,77493382,77522902,77546462,77550989,77558149,77562732,77563329,77565120,77568434,77574730,77577614,77580118,77588933,77595184,77596750,77602491,77603060,77607954,77617773,77622432,77635043,77642943,77644904,77649964,",0,ROBO2
XM_017006728.2,chr3,-,52545366,52685599,34,"52545366,52550420,52550746,52554723,52558248,52561766,52563282,52564049,52576540,52579053,52586424,52587352,52589069,52603520,52609312,52615350,52617261,52624896,52627272,52628893,52634601,52641953,52643247,52644703,52648343,52651741,52658198,52662132,52668497,52678499,52679573,52681694,52682091,52685435,","52548235,52550637,52550817,52554879,52558413,52561968,52563493,52564233,52576698,52579199,52586688,52587510,52589255,52603732,52609955,52615456,52617538,52624941,52627370,52629035,52634815,52642045,52643343,52644789,52648442,52651810,52658342,52662276,52668645,52678597,52679726,52681820,52682233,52685599,",0,PBRM1
NM_001394213.1,chr3,+,76310879,77649964,28,"76310879,77098013,77477413,77481098,77493243,77522774,77527402,77546337,77550817,77557943,77562650,77563166,77564953,77568312,77574498,77577489,77579946,77588750,77595141,77596622,77602209,77602934,77607797,77617512,77622226,77634869,77644703,77646053,","76311417,77098340,77477571,77481219,77493382,77522902,77527414,77546462,77550989,77558149,77562732,77563329,77565120,77568434,77574730,77577614,77580118,77588933,77595184,77596750,77602491,77603060,77607954,77617773,77622432,77635043,77644904,77649964,",0,ROBO2
XM_017006730.2,chr3,-,52545366,52685913,35,"52545366,52550420,52550746,52554723,52558248,52561766,52563282,52564049,52576540,52579053,52586424,52587352,52589069,52603520,52609312,52615350,52617261,52624896,52627272,52628893,52634601,52641953,52643247,52644703,52648343,52651741,52658198,52662132,52668497,52678499,52679573,52681703,52682091,52684855,52685748,","52548235,52550637,52550817,52554879,52558413,52561968,52563493,52564233,52576698,52579199,52586688,52587510,52589255,52603732,52609955,52615456,52617538,52624941,52627370,52629035,52634815,52642045,52643343,52644789,52648442,52651810,52658342,52662276,52668645,52678597,52679726,52681820,52682233,52684914,52685913,",0,PBRM1
NM_001394214.1,chr3,+,76310879,77649964,26,"76310879,77098013,77477413,77481098,77493243,77522774,77546337,77550817,77557943,77562650,77563166,77564953,77568312,77574498,77577489,77579946,77588750,77595141,77596622,77602209,77607797,77617512,77622226,77634869,77644703,77646053,","76311417,77098340,77477571,77481219,77493382,77522902,77546462,77550989,77558149,77562732,77563329,77565120,77568434,77574730,77577614,77580118,77588933,77595184,77596750,77602491,77607954,77617773,77622432,77635043,77644904,77649964,",0,ROBO2
XM_017006731.2,chr3,-,52545366,52685599,34,"52545366,52550420,52550746,52554723,52558248,52561766,52563282,52564049,52576540,52579053,52586424,52587352,52589069,52603520,52609312,52615350,52617261,52624896,52627272,52628893,52634601,52641953,52643247,52644703,52648343,52651741,52658198,52662132,52668497,52678499,52679573,52681703,52682091,52685435,","52548235,52550637,52550817,52554879,52558413,52561968,52563493,52564233,52576698,52579199,52586688,52587510,52589255,52603732,52609955,52615456,52617538,52624941,52627370,52629035,52634815,52642045,52643343,52644789,52648442,52651810,52658342,52662276,52668645,52678597,52679726,52681820,52682233,52685599,",0,PBRM1
XM_017006734.3,chr3,-,52545366,52685913,34,"52545366,52550420,52550746,52554723,52558248,52561766,52563282,52564049,52576540,52579053,52586424,52587352,52589069,52603520,52609312,52615350,52617261,52624896,52627272,52628893,52634601,52641953,52643247,52644703,52648343,52651741,52658198,52662132,52668497,52678499,52679573,52681703,52682091,52685748,","52548235,52550637,52550817,52554879,52558413,52561968,52563493,52564233,52576698,52579199,52586688,52587510,52589255,52603732,52609955,52615456,52617538,52624941,52627370,52629035,52634815,52642045,52643343,52644789,52648442,52651810,52658315,52662276,52668645,52678597,52679723,52681820,52682233,52685913,",0,PBRM1
XM_017006741.3,chr3,-,52545366,52685913,33,"52545366,52550420,52550746,52554723,52558248,52561766,52563282,52564049,52576540,52579053,52586424,52587352,52589069,52603520,52609312,52615350,52617261,52627272,52628893,52634601,52641953,52643247,52644703,52648343,52651741,52658198,52662132,52668497,52678499,52679573,52681694,52682091,52685748,","52548235,52550637,52550817,52554879,52558413,52561968,52563493,52564233,52576698,52579199,52586688,52587510,52589255,52603732,52609955,52615456,52617538,52627370,52629035,52634815,52642045,52643343,52644789,52648442,52651810,52658315,52662276,52668645,52678597,52679726,52681820,52682233,52685913,",0,PBRM1
XM_017006742.2,chr3,-,52545366,52685599,33,"52545366,52550420,52550746,52554723,52558248,52561766,52563282,52564049,52576540,52579053,52586424,52587352,52589069,52603520,52609312,52615350,52617261,52627272,52628893,52634601,52641953,52643247,52644703,52648343,52651741,52658198,52662132,52668497,52678499,52679573,52681694,52682091,52685435,","52548235,52550637,52550817,52554879,52558413,52561968,52563493,52564233,52576698,52579199,52586688,52587510,52589255,52603732,52609955,52615456,52617538,52627370,52629035,52634815,52642045,52643343,52644789,52648442,52651810,52658315,52662276,52668645,52678597,52679726,52681820,52682233,52685599,",0,PBRM1
XM_017006744.2,chr3,-,52545366,52685913,33,"52545366,52550420,52550746,52554723,52558248,52561766,52563282,52564049,52576540,52579053,52586424,52587352,52589069,52603520,52609312,52615350,52617261,52627272,52628893,52634601,52641953,52643247,52644703,52648343,52651741,52658198,52662132,52668497,52678499,52679573,52681703,52682091,52685748,","52548235,52550637,52550817,52554879,52558413,52561968,52563493,52564233,52576698,52579199,52586688,52587510,52589255,52603732,52609955,52615456,52617538,52627370,52629035,52634815,52642045,52643343,52644789,52648442,52651810,52658315,52662276,52668645,52678597,52679726,52681820,52682233,52685913,",0,PBRM1
NR_175959.1,chr3,-,52545366,52685913,32,"52545366,52550420,52550746,52552209,52554723,52561766,52563282,52564049,52576540,52579053,52586424,52587352,52589069,52603520,52609312,52615350,52617261,52624896,52627272,52628893,52634601,52641953,52643247,52644703,52648343,52651741,52658198,52662132,52668497,52678499,52679573,52685748,","52548235,52550637,52550817,52552341,52554879,52561968,52563493,52564233,52576698,52579199,52586688,52587510,52589255,52603732,52609955,52615456,52617538,52624941,52627370,52629035,52634815,52642045,52643343,52644789,52648442,52651810,52658315,52662276,52668645,52678597,52679723,52685913,",0,PBRM1
NM_001184.4,chr3,-,142449234,142578733,47,"142449234,142453127,142457603,142458957,142459226,142461939,142465096,142466323,142467933,142469336,142470085,142485139,142493131,142496360,142497012,142498596,142499626,142503361,142505138,142507930,142512259,142513500,142515394,142519668,142522727,142523992,142535079,142536107,142538481,142540903,142542664,142547724,142549478,142550131,142553226,142553639,142553824,142555876,142556382,142558623,142559250,142560262,142561242,142562231,142566120,142568062,142578645,","142449602,142453233,142457755,142459111,142459383,142462090,142465240,142466533,142468068,142469569,142470183,142485282,142493311,142496520,142497192,142498774,142499718,142503453,142505303,142508109,142512470,142513638,142515515,142519784,142522841,142524199,142535205,142536201,142538625,142541034,142542757,142547910,142549673,142550302,142553398,142553740,142554015,142556139,142556575,142558776,142559441,142560454,142561421,142563109,142566261,142568154,142578733,",0,ATR
XM_017007002.2,chr3,+,76310879,77649964,27,"76310879,77098013,77477413,77481098,77493243,77522774,77527402,77546337,77550817,77557943,77562650,77563166,77564953,77568312,77574498,77577489,77579946,77588750,77595141,77596622,77602209,77607797,77617512,77622226,77634869,77644703,77646053,","76311417,77098340,77477571,77481219,77493382,77522902,77527414,77546462,77550989,77558149,77562732,77563329,77565120,77568434,77574730,77577614,77580118,77588933,77595184,77596750,77602482,77607954,77617773,77622432,77635043,77644904,77649964,",0,ROBO2
NM_001256045.2,chr3,-,138652697,138707621,13,"138652697,138656141,138657689,138663905,138665035,138681966,138683677,138684624,138688874,138690999,138694785,138698906,138707158,","138655526,138656274,138657835,138664029,138665203,138682045,138683787,138684803,138688974,138691143,138694907,138699095,138707621,",0,PIK3CB
NM_001330729.2,chr3,+,41199504,41240443,17,"41199504,41224020,41224189,41224525,41224953,41225333,41225659,41227207,41233340,41233528,41234138,41235723,41236348,41236587,41238015,41239133,41239659,","41199670,41224081,41224321,41224753,41225207,41225572,41225861,41227352,41233444,41233867,41234297,41235843,41236499,41236709,41238076,41239354,41240443,",0,CTNNB1
XM_017006986.2,chr3,+,77040098,77649964,30,"77040098,77098013,77477413,77481098,77493243,77522774,77527402,77546337,77550817,77557943,77562650,77563166,77564953,77568312,77574498,77577489,77579946,77588750,77595141,77596622,77602209,77602934,77607797,77617512,77622226,77632473,77634869,77642670,77644703,77646053,","77040846,77098340,77477571,77481219,77493382,77522902,77527414,77546462,77550989,77558149,77562732,77563329,77565120,77568434,77574730,77577614,77580118,77588933,77595184,77596750,77602491,77603060,77607954,77617773,77622432,77632656,77635043,77642943,77644904,77649964,",0,ROBO2
XM_017006987.2,chr3,+,76310879,77649964,29,"76310879,77098013,77477413,77481098,77493243,77522774,77527402,77546337,77550817,77557943,77562650,77563166,77564953,77568312,77574498,77577489,77579946,77588750,77595141,77596622,77602209,77607797,77617512,77622226,77632473,77634869,77642670,77644703,77646053,","76311417,77098340,77477571,77481219,77493382,77522902,77527414,77546462,77550989,77558149,77562732,77563329,77565120,77568434,77574730,77577614,77580118,77588933,77595184,77596750,77602482,77607954,77617773,77622432,77632656,77635043,77642943,77644904,77649964,",0,ROBO2
XM_017006988.2,chr3,+,76310879,77649964,29,"76310879,77098013,77477413,77481098,77493243,77522774,77527402,77546337,77550817,77557943,77562650,77563166,77564953,77568312,77574498,77577489,77579946,77588750,77595141,77596622,77602209,77602934,77607797,77617512,77622226,77634869,77642670,77644703,77646053,","76311417,77098340,77477571,77481219,77493382,77522902,77527414,77546462,77550989,77558149,77562732,77563329,77565120,77568434,77574730,77577614,77580118,77588933,77595184,77596750,77602491,77603060,77607954,77617773,77622432,77635043,77642943,77644895,77649964,",0,ROBO2
XM_017006994.2,chr3,+,76310879,77649964,28,"76310879,77098013,77477413,77481098,77493243,77522774,77527402,77546337,77550817,77557943,77562650,77563166,77564953,77568312,77574498,77577489,77579946,77588750,77595141,77596622,77602209,77602934,77607797,77617512,77622226,77634869,77644703,77646053,","76311417,77098340,77477571,77481219,77493382,77522902,77527414,77546462,77550989,77558149,77562732,77563329,77565120,77568434,77574730,77577614,77580118,77588933,77595184,77596750,77602491,77603060,77607954,77617773,77622432,77635043,77644895,77649964,",0,ROBO2
XM_047448152.1,chr3,+,36993811,37050846,19,"36993811,36996618,37000954,37004400,37006990,37008813,37011819,37012010,37014431,37017505,37020309,37025636,37028783,37040185,37042267,37047518,37048516,37048903,37050485,","36993939,36996709,37001053,37004474,37007063,37008905,37011862,37012099,37014544,37017599,37020463,37026007,37028932,37040294,37042331,37047683,37048609,37049017,37050846,",0,MLH1
XM_047448153.1,chr3,+,36994834,37050846,19,"36994834,36996623,37000954,37004400,37006990,37008813,37011819,37012010,37014431,37017505,37020309,37025636,37028783,37040185,37042267,37047518,37048516,37048903,37050485,","36994903,36996709,37001053,37004474,37007063,37008905,37011862,37012099,37014544,37017599,37020463,37026007,37028932,37040294,37042331,37047683,37048609,37049017,37050846,",0,MLH1
XM_047448154.1,chr3,+,36995393,37050846,19,"36995393,36996623,37000954,37004400,37006990,37008813,37011819,37012010,37014431,37017505,37020309,37025636,37028783,37040185,37042267,37047518,37048516,37048903,37050485,","36995645,36996709,37001053,37004474,37007063,37008905,37011862,37012099,37014544,37017599,37020463,37026007,37028932,37040294,37042331,37047683,37048609,37049017,37050846,",0,MLH1
XM_047448155.1,chr3,+,36993465,37050846,19,"36993465,36996623,37000954,37004400,37006990,37008813,37011819,37012010,37014431,37017505,37020309,37025636,37028783,37040185,37042267,37047518,37048516,37048903,37050485,","36993484,36996709,37001053,37004474,37007063,37008905,37011862,37012099,37014544,37017599,37020463,37026007,37028932,37040294,37042331,37047683,37048609,37049017,37050846,",0,MLH1
NM_005862.3,chr3,-,136336235,136752378,34,"136336235,136338369,136340490,136341440,136343831,136349157,136357719,136359147,136363365,136366942,136369107,136377659,136398748,136417884,136421092,136422409,136422767,136422951,136433555,136443286,136452032,136464880,136472412,136473538,136477288,136500222,136502627,136521212,136542118,136568764,136604308,136623145,136630869,136752194,","136338277,136338450,136340605,136341551,136344006,136349363,136357848,136359296,136363467,136367082,136369282,136377752,136398829,136417972,136421163,136422613,136422857,136423044,136433659,136443404,136452147,136464988,136472492,136473637,136477412,136500296,136502779,136521417,136542195,136568861,136604473,136623248,136630981,136752378,",0,STAG1
NM_001319984.2,chr3,+,10026436,10101932,44,"10026436,10028624,10032831,10034468,10034694,10035172,10036286,10039278,10039720,10041622,10042558,10043049,10043483,10043828,10046579,10047916,10049373,10052386,10060293,10062150,10063791,10064355,10064728,10065393,10065863,10067208,10072870,10073252,10074529,10078080,10081099,10081345,10085811,10087133,10088448,10088827,10090291,10092180,10093284,10094288,10095199,10096325,10098719,10101187,","10026626,10028721,10032972,10034536,10034798,10035233,10036339,10039357,10039845,10041710,10042663,10043150,10043592,10043864,10046723,10048051,10049505,10052497,10060403,10062211,10063911,10064429,10064875,10065494,10065979,10067317,10072981,10073362,10074673,10078197,10081228,10081464,10085922,10087264,10088542,10088950,10090385,10092252,10093323,10094363,10095274,10096472,10098815,10101932,",0,FANCD2
XM_047448307.1,chr3,-,138652697,138834928,25,"138652697,138656141,138657689,138663905,138665035,138681966,138683677,138684624,138688874,138690999,138694785,138698906,138704442,138707158,138712207,138714467,138733360,138734633,138737706,138742557,138755753,138759172,138795928,138796462,138834694,","138655526,138656274,138657835,138664029,138665203,138682045,138683787,138684803,138688974,138691143,138694907,138699095,138704493,138707289,138712304,138714719,138733438,138734804,138737886,138742781,138755979,138759359,138795992,138796567,138834928,",0,PIK3CB
XM_047448310.1,chr3,-,138652697,138834439,25,"138652697,138656141,138657689,138663905,138665035,138681966,138683677,138684624,138688874,138690999,138694785,138698906,138704442,138707158,138712207,138714467,138733360,138734633,138737706,138742557,138755753,138759172,138795928,138796462,138834309,","138655526,138656274,138657835,138664029,138665203,138682045,138683787,138684803,138688974,138691143,138694907,138699095,138704493,138707289,138712304,138714719,138733438,138734804,138737886,138742781,138755979,138759359,138795992,138796567,138834439,",0,PIK3CB
XM_047448309.1,chr3,-,138652697,138834663,24,"138652697,138656141,138657689,138663905,138665035,138681966,138683677,138684624,138688874,138690999,138694785,138698906,138704442,138707158,138712207,138714467,138733360,138734633,138737706,138742557,138755753,138759172,138796462,138834309,","138655526,138656274,138657835,138664029,138665203,138682045,138683787,138684803,138688974,138691143,138694907,138699095,138704493,138707289,138712304,138714719,138733438,138734804,138737886,138742781,138755979,138759359,138796567,138834663,",0,PIK3CB
XM_047448315.1,chr3,-,138684680,138834928,16,"138684680,138690999,138694785,138698906,138704442,138707158,138712207,138714467,138733360,138734633,138737706,138742557,138755753,138759172,138796462,138834694,","138684803,138691143,138694907,138699095,138704493,138707289,138712304,138714719,138733438,138734804,138737886,138742781,138755979,138759359,138796567,138834928,",0,PIK3CB
XM_047448360.1,chr3,-,142450558,142578733,46,"142450558,142457603,142458957,142459226,142461939,142465096,142466323,142467933,142469336,142470085,142485139,142493131,142496360,142497012,142498596,142499626,142503361,142505138,142507930,142512259,142513500,142515394,142519668,142522727,142523992,142535079,142536107,142538481,142540903,142542664,142547724,142549478,142550131,142553226,142553639,142553824,142555876,142556382,142558623,142559250,142560262,142561242,142562231,142566120,142568062,142578645,","142453233,142457755,142459111,142459383,142462090,142465240,142466533,142468068,142469569,142470183,142485282,142493311,142496520,142497192,142498774,142499718,142503453,142505303,142508109,142512470,142513638,142515515,142519784,142522847,142524199,142535205,142536201,142538625,142541034,142542757,142547910,142549673,142550302,142553398,142553740,142554015,142556139,142556575,142558776,142559441,142560454,142561421,142563109,142566261,142568154,142578733,",0,ATR
XM_047448361.1,chr3,-,142450558,142578733,47,"142450558,142453127,142457603,142458957,142459226,142461939,142465096,142466323,142467933,142469336,142470085,142485139,142493131,142496360,142497012,142498596,142499626,142503361,142505138,142507930,142512259,142513500,142515394,142519668,142522727,142523992,142535079,142536107,142538481,142540903,142542664,142547724,142549478,142550131,142553226,142553639,142553824,142555876,142556382,142558623,142559250,142560262,142561242,142562231,142566120,142568062,142578645,","142450602,142453233,142457755,142459111,142459383,142462090,142465240,142466533,142468068,142469569,142470183,142485282,142493311,142496520,142497192,142498774,142499718,142503453,142505303,142508109,142512470,142513638,142515515,142519784,142522847,142524199,142535205,142536201,142538625,142541034,142542757,142547910,142549673,142550302,142553398,142553740,142554015,142556139,142556575,142558776,142559441,142560454,142561421,142563109,142566261,142568154,142578733,",0,ATR
XM_047448362.1,chr3,-,142474572,142578733,37,"142474572,142485139,142493131,142496360,142497012,142498596,142499626,142503361,142505138,142507930,142512259,142513500,142515394,142519668,142522727,142523992,142535079,142536107,142538481,142540903,142542664,142547724,142549478,142550131,142553226,142553639,142553824,142555876,142556382,142558623,142559250,142560262,142561242,142562231,142566120,142568062,142578645,","142474665,142485282,142493311,142496520,142497192,142498774,142499718,142503453,142505303,142508109,142512470,142513638,142515515,142519784,142522847,142524199,142535205,142536201,142538625,142541034,142542757,142547910,142549673,142550302,142553398,142553740,142554015,142556139,142556575,142558776,142559441,142560454,142561421,142563109,142566261,142568154,142578733,",0,ATR
XM_047448363.1,chr3,-,142474566,142578733,37,"142474566,142485139,142493131,142496360,142497012,142498596,142499626,142503361,142505138,142507930,142512259,142513500,142515394,142519668,142522727,142523992,142535079,142536107,142538481,142540903,142542664,142547724,142549478,142550131,142553226,142553639,142553824,142555876,142556382,142558623,142559250,142560262,142561242,142562231,142566120,142568062,142578645,","142474665,142485282,142493311,142496520,142497192,142498774,142499718,142503453,142505303,142508109,142512470,142513638,142515515,142519784,142522841,142524199,142535205,142536201,142538625,142541034,142542757,142547910,142549673,142550302,142553398,142553740,142554015,142556139,142556575,142558776,142559441,142560454,142561421,142563109,142566261,142568154,142578733,",0,ATR
XM_047448364.1,chr3,-,142496365,142578733,34,"142496365,142497133,142498596,142499626,142503361,142505138,142507930,142512259,142513500,142515394,142519668,142522727,142523992,142535079,142536107,142538481,142540903,142542664,142547724,142549478,142550131,142553226,142553639,142553824,142555876,142556382,142558623,142559250,142560262,142561242,142562231,142566120,142568062,142578645,","142496520,142497192,142498774,142499718,142503453,142505303,142508109,142512470,142513638,142515515,142519784,142522847,142524199,142535205,142536201,142538625,142541034,142542757,142547910,142549673,142550302,142553398,142553740,142554015,142556139,142556575,142558776,142559441,142560454,142561421,142563109,142566261,142568154,142578733,",0,ATR
XM_011512924.2,chr3,-,142449234,142578733,47,"142449234,142453127,142457603,142458957,142459226,142461939,142465096,142466323,142467933,142469336,142470085,142485139,142493131,142496360,142497012,142498596,142499626,142503361,142505138,142507930,142512259,142513500,142515394,142519668,142522727,142523992,142535079,142536107,142538481,142540903,142542664,142547724,142549478,142550131,142553226,142553639,142553824,142555876,142556382,142558623,142559250,142560262,142561242,142562231,142566120,142568062,142578645,","142449602,142453233,142457755,142459111,142459383,142462090,142465240,142466533,142468068,142469569,142470183,142485282,142493311,142496520,142497192,142498774,142499718,142503453,142505303,142508109,142512470,142513638,142515515,142519784,142522847,142524199,142535205,142536201,142538625,142541034,142542757,142547910,142549673,142550302,142553398,142553740,142554015,142556139,142556575,142558776,142559441,142560454,142561421,142563109,142566261,142568154,142578733,",0,ATR
XM_011512925.2,chr3,-,142449234,142578733,46,"142449234,142453127,142457603,142458957,142459226,142461939,142465096,142466323,142467933,142469336,142470085,142485139,142493131,142496360,142497012,142498596,142499626,142503361,142505138,142507930,142512259,142513500,142515394,142519668,142522727,142523992,142535079,142536107,142538481,142540903,142542664,142547724,142549478,142550131,142553226,142553639,142553824,142555876,142556382,142558623,142559250,142561242,142562231,142566120,142568062,142578645,","142449602,142453233,142457755,142459111,142459383,142462090,142465240,142466533,142468068,142469569,142470183,142485282,142493311,142496520,142497192,142498774,142499718,142503453,142505303,142508109,142512470,142513638,142515515,142519784,142522847,142524199,142535205,142536201,142538625,142541034,142542757,142547910,142549673,142550302,142553398,142553740,142554015,142556139,142556575,142558776,142559441,142561421,142563109,142566261,142568154,142578733,",0,ATR
XM_047448442.1,chr3,-,52545366,52685913,34,"52545366,52550420,52550746,52554723,52558248,52561766,52563282,52564049,52576540,52579053,52586424,52587352,52589069,52603520,52609312,52615350,52617261,52624896,52627272,52628893,52634601,52641953,52643247,52644703,52648343,52651741,52658198,52662132,52668497,52678499,52679573,52681694,52682091,52685748,","52548235,52550637,52550817,52554879,52558413,52561968,52563493,52564233,52576698,52579199,52586688,52587510,52589255,52603732,52609955,52615456,52617538,52624941,52627370,52629035,52634815,52642045,52643343,52644789,52648442,52651810,52658342,52662276,52668645,52678597,52679726,52681820,52684914,52685913,",0,PBRM1
XM_047448443.1,chr3,-,52545366,52685913,34,"52545366,52550420,52550746,52554723,52558248,52561766,52563282,52564049,52576540,52579053,52586424,52587352,52589069,52603520,52609312,52615350,52617261,52624896,52627272,52628893,52634601,52641953,52643247,52644703,52648343,52651741,52658198,52662132,52668497,52678499,52679573,52681694,52682091,52685748,","52548235,52550637,52550817,52554879,52558413,52561968,52563493,52564233,52576698,52579199,52586688,52587510,52589252,52603732,52609955,52615456,52617538,52624941,52627370,52629035,52634815,52642045,52643343,52644789,52648442,52651810,52658342,52662276,52668645,52678597,52679726,52681820,52684914,52685913,",0,PBRM1
XM_047448444.1,chr3,-,52545366,52685913,34,"52545366,52550420,52550746,52554723,52558248,52561766,52563282,52564049,52576540,52579053,52586424,52587352,52589069,52603520,52609312,52615350,52617261,52624896,52627272,52628893,52634601,52641953,52643247,52644703,52648343,52651741,52658198,52662132,52668497,52678499,52679573,52681703,52682091,52685748,","52548235,52550637,52550817,52554879,52558413,52561968,52563493,52564233,52576698,52579199,52586688,52587510,52589255,52603732,52609955,52615456,52617538,52624941,52627370,52629035,52634815,52642045,52643343,52644789,52648442,52651810,52658342,52662276,52668645,52678597,52679723,52681820,52684914,52685913,",0,PBRM1
XM_047448445.1,chr3,-,52545366,52685913,34,"52545366,52550420,52550746,52554723,52558248,52561766,52563282,52564049,52576540,52579053,52586424,52587352,52589069,52603520,52609312,52615350,52617261,52624896,52627272,52628893,52634601,52641953,52643247,52644703,52648343,52651741,52658198,52662132,52668497,52678499,52679573,52681703,52682091,52685748,","52548235,52550637,52550817,52554879,52558413,52561968,52563493,52564233,52576698,52579199,52586688,52587510,52589255,52603732,52609955,52615456,52617538,52624941,52627370,52629035,52634815,52642045,52643343,52644789,52648442,52651810,52658342,52662276,52668645,52678597,52679723,52681820,52682233,52685913,",0,PBRM1
XM_047448446.1,chr3,-,52545366,52685913,34,"52545366,52550420,52550746,52554723,52558248,52561766,52563282,52564049,52576540,52579053,52586424,52587352,52589069,52603520,52609312,52615350,52617261,52624896,52627272,52628893,52634601,52641953,52643247,52644703,52648343,52651741,52658198,52662132,52668497,52678499,52679573,52681694,52682091,52685748,","52548235,52550637,52550817,52554879,52558413,52561968,52563493,52564233,52576698,52579199,52586688,52587510,52589255,52603732,52609955,52615456,52617538,52624941,52627370,52629035,52634815,52642045,52643343,52644789,52648442,52651810,52658315,52662276,52668645,52678597,52679726,52681820,52684914,52685913,",0,PBRM1
XM_047448447.1,chr3,-,52545366,52685913,35,"52545366,52550420,52550746,52554723,52558248,52561766,52563282,52564049,52576540,52579053,52586424,52587352,52589069,52603520,52609312,52615350,52617261,52624896,52627272,52628893,52634601,52641953,52643247,52644703,52648343,52651741,52658198,52662132,52668497,52678499,52679573,52681694,52682091,52684855,52685748,","52548235,52550637,52550817,52554879,52558413,52561968,52563493,52564233,52576698,52579199,52586688,52587510,52589255,52603732,52609955,52615456,52617538,52624941,52627370,52629035,52634815,52642045,52643343,52644789,52648442,52651810,52658315,52662276,52668645,52678597,52679726,52681820,52682233,52684914,52685913,",0,PBRM1
XM_047448448.1,chr3,-,52545366,52685913,34,"52545366,52550420,52550746,52554723,52558248,52561766,52563282,52564049,52576540,52579053,52586424,52587352,52589069,52603520,52609312,52615350,52617261,52624896,52627272,52628893,52634601,52641953,52643247,52644703,52648343,52651741,52658198,52662132,52668497,52678499,52679573,52681694,52682091,52685748,","52548235,52550637,52550817,52554879,52558413,52561968,52563493,52564233,52576698,52579199,52586688,52587510,52589252,52603732,52609955,52615456,52617538,52624941,52627370,52629035,52634815,52642045,52643343,52644789,52648442,52651810,52658315,52662276,52668645,52678597,52679726,52681820,52684914,52685913,",0,PBRM1
XM_047448450.1,chr3,-,52545366,52685913,34,"52545366,52550420,52550746,52554723,52558248,52561766,52563282,52564049,52576540,52579053,52586424,52587352,52589069,52603520,52609312,52615350,52617261,52624896,52627272,52628893,52634601,52641953,52643247,52644703,52648343,52651741,52658198,52662132,52668497,52678499,52679573,52681694,52682091,52685748,","52548235,52550637,52550817,52554879,52558413,52561968,52563493,52564233,52576698,52579199,52586688,52587435,52589255,52603732,52609955,52615456,52617538,52624941,52627370,52629035,52634815,52642045,52643343,52644789,52648442,52651810,52658342,52662276,52668645,52678597,52679726,52681820,52684914,52685913,",0,PBRM1
XM_047448449.1,chr3,-,52545366,52685913,32,"52545366,52550420,52550746,52554723,52558248,52561766,52563282,52564049,52576540,52579053,52586424,52587352,52589069,52603520,52609312,52615350,52617261,52624896,52627272,52628893,52634601,52641953,52643247,52644703,52648343,52651741,52658198,52662132,52668497,52678499,52679573,52685748,","52548235,52550637,52550817,52554879,52558413,52561968,52563493,52564233,52576698,52579199,52586688,52587510,52589255,52603732,52609955,52615456,52617538,52624941,52627370,52629035,52634815,52642045,52643343,52644789,52648442,52651810,52658342,52662276,52668645,52678597,52679726,52685913,",0,PBRM1
XM_047448451.1,chr3,-,52545366,52685913,34,"52545366,52550420,52550746,52554723,52558248,52561766,52563282,52564049,52576540,52579053,52586424,52587352,52589069,52603520,52609312,52615350,52617261,52624896,52627272,52628893,52634601,52641953,52643247,52644703,52648343,52651741,52658198,52662132,52668497,52678499,52679573,52681694,52682091,52685748,","52548235,52550637,52550817,52554879,52558413,52561968,52563493,52564233,52576698,52579199,52586688,52587435,52589252,52603732,52609955,52615456,52617538,52624941,52627370,52629035,52634815,52642045,52643343,52644789,52648442,52651810,52658342,52662276,52668645,52678597,52679726,52681820,52684914,52685913,",0,PBRM1
XM_047448452.1,chr3,-,52545366,52685599,33,"52545366,52550420,52550746,52554723,52558248,52561766,52563282,52564049,52576540,52579053,52586424,52587352,52589069,52603520,52609312,52615350,52617261,52627272,52628893,52634601,52641953,52643247,52644703,52648343,52651741,52658198,52662132,52668497,52678499,52679573,52681703,52682091,52685435,","52548235,52550637,52550817,52554879,52558413,52561968,52563493,52564233,52576698,52579199,52586688,52587510,52589255,52603732,52609955,52615456,52617538,52627370,52629035,52634815,52642045,52643343,52644789,52648442,52651810,52658315,52662276,52668645,52678597,52679726,52681820,52682233,52685599,",0,PBRM1
NM_001438871.1,chr3,+,41200142,41240443,16,"41200142,41224020,41224525,41224953,41225333,41225659,41227207,41233340,41233528,41234138,41235723,41236348,41236587,41238015,41239133,41239818,","41200381,41224081,41224753,41225207,41225572,41225861,41227352,41233444,41233867,41234297,41235843,41236499,41236709,41238076,41239354,41240443,",0,CTNNB1
XM_047448453.1,chr3,-,52545366,52685599,33,"52545366,52550420,52550746,52554723,52558248,52561766,52563282,52564049,52576540,52579053,52586424,52587352,52589069,52603520,52609312,52615350,52617261,52627272,52628893,52634601,52641953,52643247,52644703,52648343,52651741,52658198,52662132,52668497,52678499,52679573,52681703,52682091,52685435,","52548235,52550637,52550817,52554879,52558413,52561968,52563493,52564233,52576698,52579199,52586688,52587510,52589252,52603732,52609955,52615456,52617538,52627370,52629035,52634815,52642045,52643343,52644789,52648442,52651810,52658315,52662276,52668645,52678597,52679726,52681820,52682233,52685599,",0,PBRM1
NM_001438872.1,chr3,+,41200142,41240443,15,"41200142,41224020,41224525,41224953,41225333,41225659,41227207,41233340,41233528,41234138,41235723,41236348,41236587,41238015,41239133,","41200381,41224081,41224753,41225207,41225572,41225861,41227352,41233444,41233867,41234297,41235843,41236499,41236709,41238076,41240443,",0,CTNNB1
NM_006218.4,chr3,+,179148356,179240093,21,"179148356,179198749,179199689,179201289,179203543,179204502,179209594,179210185,179210430,179218209,179219195,179219570,179219948,179220985,179224080,179224699,179225961,179229271,179230003,179230224,179234093,","179148603,179199177,179199899,179201540,179203789,179204588,179209700,179210338,179210565,179218334,179219277,179219735,179220052,179221157,179224187,179224821,179226040,179229442,179230121,179230376,179240093,",0,PIK3CA
XM_047448454.1,chr3,-,52545366,52685599,34,"52545366,52550420,52550746,52554723,52558248,52561766,52563282,52564049,52576540,52579053,52586424,52587352,52589069,52603520,52609312,52615350,52617261,52627272,52628893,52634601,52641953,52643247,52644703,52648343,52651741,52658198,52662132,52668497,52678499,52679573,52681703,52682091,52684855,52685435,","52548235,52550637,52550817,52554879,52558413,52561968,52563493,52564233,52576698,52579199,52586688,52587510,52589255,52603732,52609955,52615456,52617538,52627370,52629035,52634815,52642045,52643343,52644789,52648442,52651810,52658315,52662276,52668645,52678597,52679723,52681820,52682233,52684914,52685599,",0,PBRM1
NM_001438873.1,chr3,+,41200142,41240443,16,"41200142,41222333,41224020,41224525,41224953,41225333,41225659,41227207,41233340,41233528,41234138,41235723,41236348,41236587,41238015,41239133,","41200381,41222345,41224081,41224753,41225207,41225572,41225861,41227352,41233444,41233867,41234297,41235843,41236499,41236709,41238076,41240443,",0,CTNNB1
NM_006219.3,chr3,-,138652697,138834928,24,"138652697,138656141,138657689,138663905,138665035,138681966,138683677,138684624,138688874,138690999,138694785,138698906,138704442,138707158,138712207,138714467,138733360,138734633,138737706,138742557,138755753,138759172,138796462,138834694,","138655526,138656274,138657835,138664029,138665203,138682045,138683787,138684803,138688974,138691143,138694907,138699095,138704493,138707289,138712304,138714719,138733438,138734804,138737886,138742781,138755979,138759359,138796567,138834928,",0,PIK3CB
XM_047448455.1,chr3,-,52545366,52685913,34,"52545366,52550420,52550746,52554723,52558248,52561766,52563282,52564049,52576540,52579053,52586424,52587352,52589069,52603520,52609312,52615350,52617261,52627272,52628893,52634601,52641953,52643247,52644703,52648343,52651741,52658198,52662132,52668497,52678499,52679573,52681703,52682091,52684855,52685748,","52548235,52550637,52550817,52554879,52558413,52561968,52563493,52564233,52576698,52579199,52586688,52587510,52589255,52603732,52609955,52615456,52617538,52627370,52629035,52634815,52642045,52643343,52644789,52648442,52651810,52658315,52662276,52668645,52678597,52679723,52681820,52682233,52684914,52685913,",0,PBRM1
NM_001438874.1,chr3,+,41199504,41240443,14,"41199504,41224020,41224525,41224953,41225333,41225659,41227207,41233340,41233528,41234138,41235723,41236348,41236587,41239659,","41199670,41224081,41224753,41225207,41225572,41225861,41227352,41233444,41233867,41234297,41235843,41236499,41236709,41240443,",0,CTNNB1
XM_047448456.1,chr3,-,52545366,52685913,34,"52545366,52550420,52550746,52554723,52558248,52561766,52563282,52564049,52576540,52579053,52586424,52587352,52589069,52603520,52609312,52615350,52617261,52624896,52627272,52628893,52634601,52641953,52643247,52644703,52648343,52651741,52658198,52662132,52668497,52678499,52679573,52681694,52682091,52685748,","52548235,52550637,52550817,52554879,52558413,52561968,52563493,52564233,52576698,52579199,52586688,52587435,52589255,52603732,52609955,52615456,52617538,52624941,52627370,52629035,52634815,52642045,52643343,52644789,52648442,52651810,52658315,52662276,52668645,52678597,52679726,52681820,52684914,52685913,",0,PBRM1
NM_001438875.1,chr3,+,41200142,41240443,14,"41200142,41224020,41224525,41224953,41225333,41225659,41227207,41233340,41233528,41234138,41235723,41236348,41236587,41239659,","41200381,41224081,41224753,41225207,41225572,41225861,41227352,41233444,41233867,41234297,41235843,41236499,41236709,41240443,",0,CTNNB1
XM_047448457.1,chr3,-,52545366,52685913,34,"52545366,52550420,52550746,52554723,52558248,52561766,52563282,52564049,52576540,52579053,52586424,52587352,52589069,52603520,52609312,52615350,52617261,52624896,52627272,52628893,52634601,52641953,52643247,52644703,52648343,52651741,52658198,52662132,52668497,52678499,52679573,52681694,52682091,52685748,","52548235,52550637,52550817,52554879,52558413,52561968,52563493,52564233,52576698,52579199,52586688,52587435,52589255,52603732,52609955,52615456,52617538,52624941,52627370,52629035,52634815,52642045,52643343,52644789,52648442,52651810,52658315,52662276,52668645,52678597,52679723,52681820,52682233,52685913,",0,PBRM1
XM_047448460.1,chr3,-,52545366,52685913,31,"52545366,52550420,52550746,52554723,52558248,52561766,52563282,52564049,52576540,52579053,52586424,52587352,52589069,52603520,52609312,52615350,52617261,52624896,52627272,52628893,52634601,52641953,52644703,52648343,52651741,52658198,52662132,52668497,52678499,52679573,52685748,","52548235,52550637,52550817,52554879,52558413,52561968,52563493,52564233,52576698,52579199,52586688,52587510,52589255,52603732,52609955,52615456,52617538,52624941,52627370,52629035,52634815,52642045,52644789,52648442,52651810,52658315,52662276,52668645,52678597,52679726,52685913,",0,PBRM1
XM_047448459.1,chr3,-,52545366,52685599,32,"52545366,52550420,52550746,52554723,52558248,52561766,52563282,52564049,52576540,52579053,52586424,52587352,52589069,52603520,52609312,52615350,52617261,52627272,52628893,52634601,52641953,52644703,52648343,52651741,52658198,52662132,52668497,52678499,52679573,52681703,52682091,52685435,","52548235,52550637,52550817,52554879,52558413,52561968,52563493,52564233,52576698,52579199,52586688,52587510,52589255,52603732,52609955,52615456,52617538,52627370,52629035,52634815,52642045,52644789,52648442,52651810,52658315,52662276,52668645,52678597,52679726,52681820,52682233,52685599,",0,PBRM1
XM_047448462.1,chr3,-,52545366,52685913,31,"52545366,52550420,52550746,52554723,52558248,52561766,52563282,52564049,52576540,52579053,52586424,52587352,52589069,52603520,52609312,52615350,52617261,52627272,52628893,52634601,52641953,52643247,52644703,52648343,52651741,52658198,52662132,52668497,52678499,52679573,52685748,","52548235,52550637,52550817,52554879,52558413,52561968,52563493,52564233,52576698,52579199,52586688,52587435,52589252,52603732,52609955,52615456,52617538,52627370,52629035,52634815,52642045,52643343,52644789,52648442,52651810,52658315,52662276,52668645,52678597,52679726,52685913,",0,PBRM1
NM_001098210.2,chr3,+,41199504,41240443,16,"41199504,41224020,41224525,41224953,41225333,41225659,41227207,41233340,41233528,41234138,41235723,41236348,41236587,41238015,41239133,41239818,","41199670,41224081,41224753,41225207,41225572,41225861,41227352,41233444,41233867,41234297,41235843,41236499,41236709,41238076,41239354,41240443,",0,CTNNB1
NM_001098209.2,chr3,+,41199504,41240443,16,"41199504,41224020,41224525,41224953,41225333,41225659,41227207,41233340,41233528,41234138,41235723,41236348,41236587,41238015,41239133,41239659,","41199670,41224081,41224753,41225207,41225572,41225861,41227352,41233444,41233867,41234297,41235843,41236499,41236709,41238076,41239354,41240443,",0,CTNNB1
NM_001400470.1,chr3,-,52545366,52685913,31,"52545366,52550420,52550746,52554723,52558248,52561766,52563282,52564049,52576540,52579053,52586424,52587352,52589069,52603520,52609312,52615350,52617261,52627272,52628893,52634601,52641953,52643247,52644703,52648343,52651741,52658198,52662132,52668497,52678499,52679573,52685748,","52548235,52550637,52550817,52554879,52558413,52561968,52563493,52564233,52576698,52579199,52586688,52587510,52589255,52603732,52609955,52615456,52617538,52627370,52629035,52634815,52642045,52643343,52644789,52648442,52651810,52658315,52662276,52668645,52678597,52679726,52685913,",0,PBRM1
NM_001400471.1,chr3,-,52545366,52685913,32,"52545366,52550420,52550746,52554723,52558248,52561766,52563363,52564049,52576540,52579053,52586424,52587352,52589069,52603520,52609312,52615350,52617261,52624896,52627272,52628893,52634601,52641953,52643247,52644703,52648343,52651741,52658198,52662132,52668497,52678499,52679573,52685748,","52548235,52550637,52550817,52554879,52558413,52561968,52563493,52564233,52576698,52579199,52586688,52587435,52589255,52603732,52609955,52615456,52617538,52624941,52627370,52629035,52634815,52642045,52643343,52644789,52648442,52651810,52658315,52662276,52668645,52678597,52679726,52685913,",0,PBRM1
NM_001394867.1,chr3,-,52545366,52685913,32,"52545366,52550420,52550746,52554723,52558248,52561766,52563282,52564049,52576540,52579053,52586424,52587352,52589069,52603520,52609312,52615350,52617261,52627272,52628893,52634601,52641953,52643247,52644703,52648343,52651741,52658198,52662132,52668497,52678499,52679573,52682091,52685748,","52548235,52550637,52550817,52554879,52558413,52561968,52563493,52564233,52576698,52579199,52586688,52587510,52589255,52603732,52609955,52615456,52617538,52627370,52629035,52634815,52642045,52643343,52644789,52648442,52651810,52658315,52662276,52668645,52678597,52679726,52682233,52685913,",0,PBRM1
NM_001400472.1,chr3,-,52545366,52685913,31,"52545366,52550420,52550746,52554723,52561766,52563282,52564049,52576540,52579053,52586424,52587352,52589069,52603520,52609312,52615350,52617261,52627272,52628893,52634601,52641953,52643247,52644703,52648343,52651741,52658198,52662132,52668497,52678499,52679573,52682091,52685748,","52548235,52550637,52550817,52554879,52561968,52563493,52564233,52576698,52579199,52586688,52587510,52589255,52603732,52609955,52615456,52617538,52627370,52629056,52634815,52642045,52643343,52644789,52648442,52651810,52658315,52662276,52668645,52678597,52679726,52682233,52685913,",0,PBRM1
NM_001394868.1,chr3,-,52545366,52685913,31,"52545366,52550420,52550746,52554723,52558248,52561766,52563282,52564049,52576540,52579053,52586424,52587352,52589069,52603520,52609312,52615350,52617261,52627272,52628893,52634601,52641953,52643247,52644703,52648343,52651741,52658198,52662132,52668497,52678499,52679573,52685748,","52548235,52550637,52550817,52554879,52558413,52561968,52563493,52564233,52576698,52579199,52586688,52587510,52589255,52603732,52609955,52615456,52617538,52627370,52629035,52634815,52642045,52643343,52644789,52648442,52651810,52658315,52662276,52668645,52678597,52679723,52685913,",0,PBRM1
NM_001400473.1,chr3,-,52545366,52685913,30,"52545366,52550420,52550746,52558248,52561766,52563282,52564049,52576540,52579053,52586424,52587352,52589069,52603520,52609312,52615350,52617261,52627272,52628893,52634601,52641953,52643247,52644703,52648343,52651741,52658198,52662132,52668497,52678499,52679573,52685748,","52548235,52550637,52550817,52558413,52561968,52563493,52564233,52576698,52579199,52586688,52587510,52589252,52603732,52609955,52615456,52617538,52627370,52629035,52634815,52642045,52643343,52644789,52648442,52651810,52658315,52662276,52668645,52678597,52679723,52685913,",0,PBRM1
NM_001394870.1,chr3,-,52545366,52685913,31,"52545366,52550420,52550746,52554723,52561766,52563282,52564049,52576540,52579053,52586424,52587352,52589069,52603520,52609312,52615350,52617261,52627272,52628893,52634601,52641953,52643247,52644703,52648343,52651741,52658198,52662132,52668497,52678499,52679573,52681703,52685748,","52548235,52550637,52550817,52554879,52561968,52563493,52564233,52576698,52579199,52586688,52587510,52589255,52603732,52609955,52615456,52617538,52627370,52629035,52634815,52642045,52643343,52644789,52648442,52651810,52658315,52662276,52668645,52678597,52679726,52681820,52685913,",0,PBRM1
NM_001394869.1,chr3,-,52545366,52685599,32,"52545366,52550420,52550746,52554723,52558248,52561766,52563282,52564049,52576540,52579053,52586424,52587352,52589069,52603520,52609312,52615350,52617261,52627272,52628893,52634601,52641953,52643247,52644703,52648343,52651741,52658198,52662132,52668497,52678499,52679573,52682091,52685435,","52548235,52550637,52550817,52554879,52558413,52561968,52563493,52564233,52576698,52579199,52586688,52587510,52589255,52603732,52609955,52615456,52617538,52627370,52629035,52634815,52642045,52643343,52644789,52648442,52651810,52658315,52662276,52668645,52678597,52679726,52682233,52685599,",0,PBRM1
NM_001400474.1,chr3,-,52545366,52685599,31,"52545366,52550420,52550746,52554723,52561766,52563282,52564049,52576540,52579053,52586424,52587352,52589069,52603520,52609312,52615350,52617261,52627272,52628893,52634601,52641953,52643247,52644703,52648343,52651741,52658198,52662132,52668497,52678499,52679573,52682091,52685435,","52548235,52550637,52550817,52554879,52561968,52563493,52564233,52576698,52579199,52586688,52587510,52589255,52603732,52609955,52615456,52617538,52627370,52629035,52634815,52642045,52643343,52644789,52648442,52651810,52658315,52662276,52668645,52678597,52679723,52682233,52685599,",0,PBRM1
NM_001394871.1,chr3,-,52545366,52685913,30,"52545366,52550420,52550746,52558248,52561766,52563282,52564049,52576540,52579053,52586424,52587352,52589069,52603520,52609312,52615350,52617261,52627272,52628893,52634601,52641953,52643247,52644703,52648343,52651741,52658198,52662132,52668497,52678499,52679573,52685748,","52548235,52550637,52550817,52558413,52561968,52563493,52564233,52576698,52579199,52586688,52587510,52589255,52603732,52609955,52615456,52617538,52627370,52629035,52634815,52642045,52643343,52644789,52648442,52651810,52658315,52662276,52668645,52678597,52679726,52685913,",0,PBRM1
NM_001400475.1,chr3,-,52545366,52685913,31,"52545366,52550420,52550746,52554723,52561766,52563282,52564049,52576540,52579053,52586424,52587352,52589069,52603520,52609312,52615350,52617261,52627272,52628893,52634601,52641953,52643247,52644703,52648343,52651741,52658198,52662132,52668497,52678499,52679573,52682091,52685748,","52548235,52550637,52550817,52554879,52561968,52563493,52564233,52576698,52579199,52586688,52587510,52589255,52603732,52609955,52615456,52617538,52627370,52629035,52634815,52642045,52643343,52644789,52648442,52651810,52658315,52662276,52668645,52678597,52679723,52682233,52685913,",0,PBRM1
NM_001394872.1,chr3,-,52545366,52685913,30,"52545366,52550420,52550746,52554723,52561766,52563282,52564049,52576540,52579053,52586424,52587352,52589069,52603520,52609312,52615350,52617261,52627272,52628893,52634601,52641953,52643247,52644703,52648343,52651741,52658198,52662132,52668497,52678499,52679573,52685748,","52548235,52550637,52550817,52554879,52561968,52563493,52564233,52576698,52579199,52586688,52587510,52589255,52603732,52609955,52615456,52617538,52627370,52629035,52634815,52642045,52643343,52644789,52648442,52651810,52658315,52662276,52668645,52678597,52679723,52685913,",0,PBRM1
NM_001394873.1,chr3,-,52545366,52685913,30,"52545366,52550420,52550746,52554723,52561766,52563282,52564049,52576540,52579053,52586424,52587352,52589069,52603520,52609312,52615350,52617261,52627272,52628893,52634601,52641953,52643247,52644703,52648343,52651741,52658198,52662132,52668497,52678499,52679573,52685748,","52548235,52550637,52550817,52554879,52561968,52563493,52564233,52576698,52579199,52586688,52587510,52589252,52603732,52609955,52615456,52617538,52627370,52629035,52634815,52642045,52643343,52644789,52648442,52651810,52658315,52662276,52668645,52678597,52679726,52685913,",0,PBRM1
NM_001394874.1,chr3,-,52545366,52685913,30,"52545366,52550420,52550746,52554723,52561766,52563282,52564049,52576540,52579053,52586424,52587352,52589069,52603520,52609312,52615350,52617261,52627272,52628893,52634601,52641953,52643247,52644703,52648343,52651741,52658198,52662132,52668497,52678499,52679573,52685748,","52548235,52550637,52550817,52554879,52561968,52563493,52564233,52576698,52579199,52586688,52587510,52589252,52603732,52609955,52615456,52617538,52627370,52629035,52634815,52642045,52643343,52644789,52648442,52651810,52658315,52662276,52668645,52678597,52679720,52685913,",0,PBRM1
NM_001394875.1,chr3,-,52545366,52685913,29,"52545366,52550420,52550746,52561766,52563282,52564049,52576540,52579053,52586424,52587352,52589069,52603520,52609312,52615350,52617261,52627272,52628893,52634601,52641953,52643247,52644703,52648343,52651741,52658198,52662132,52668497,52678499,52679573,52685748,","52548235,52550637,52550817,52561968,52563493,52564233,52576698,52579199,52586688,52587510,52589255,52603732,52609955,52615456,52617538,52627370,52629035,52634815,52642045,52643343,52644789,52648442,52651810,52658315,52662276,52668645,52678597,52679723,52685913,",0,PBRM1
NM_001400479.1,chr3,-,52545366,52685913,31,"52545366,52550420,52550746,52554723,52561766,52563282,52564049,52576540,52579053,52586424,52587352,52589069,52603520,52609312,52615350,52617261,52627272,52628893,52634601,52641953,52643247,52644703,52648343,52651741,52658198,52662132,52668497,52678499,52679573,52682091,52685748,","52548235,52550637,52550817,52554879,52561968,52563493,52564233,52576698,52579199,52586688,52587510,52589255,52603732,52609955,52615456,52617538,52627370,52629035,52634815,52642045,52643343,52644789,52648442,52651810,52658315,52662276,52668645,52678597,52679726,52682233,52685913,",0,PBRM1
NM_001394876.1,chr3,-,52545366,52685913,30,"52545366,52550420,52550746,52561766,52563282,52564049,52576540,52579053,52586424,52587352,52589069,52603520,52609312,52615350,52617261,52627272,52628893,52634601,52641953,52643247,52644703,52648343,52651741,52658198,52662132,52668497,52678499,52679573,52682091,52685748,","52548235,52550637,52550817,52561968,52563493,52564233,52576698,52579199,52586688,52587510,52589252,52603732,52609955,52615456,52617538,52627370,52629035,52634815,52642045,52643343,52644789,52648442,52651810,52658315,52662276,52668645,52678597,52679726,52682233,52685913,",0,PBRM1
NM_001400481.1,chr3,-,52545366,52685599,30,"52545366,52550420,52550746,52554723,52561766,52563282,52564049,52576540,52579053,52586424,52587352,52589069,52603520,52609312,52615350,52617261,52627272,52628893,52634601,52641953,52643247,52644703,52648343,52651741,52658198,52662132,52668497,52678499,52679573,52685435,","52548235,52550637,52550817,52554879,52561968,52563493,52564233,52576698,52579199,52586688,52587510,52589252,52603732,52609955,52615456,52617538,52627370,52629035,52634815,52642045,52643343,52644789,52648442,52651810,52658315,52662276,52668645,52678597,52679726,52685599,",0,PBRM1
NM_001394877.1,chr3,-,52545366,52685913,29,"52545366,52550420,52550746,52561766,52563282,52564049,52576540,52579053,52586424,52587352,52589069,52603520,52609312,52615350,52617261,52627272,52628893,52634601,52641953,52643247,52644703,52648343,52651741,52658198,52662132,52668497,52678499,52679573,52685748,","52548235,52550637,52550817,52561968,52563493,52564233,52576698,52579199,52586688,52587510,52589252,52603732,52609955,52615456,52617538,52627370,52629035,52634815,52642045,52643343,52644789,52648442,52651810,52658315,52662276,52668645,52678597,52679726,52685913,",0,PBRM1
NM_001394878.1,chr3,-,52550290,52685913,29,"52550290,52550746,52561766,52563282,52564049,52576540,52579053,52586424,52587352,52589069,52603520,52609312,52615350,52617261,52627272,52628893,52634601,52641953,52643247,52644703,52651741,52658198,52662132,52668497,52678499,52679573,52681694,52682091,52685748,","52550637,52550817,52561968,52563493,52564233,52576698,52579199,52586688,52587510,52589255,52603732,52609955,52615456,52617538,52627370,52629035,52634815,52642045,52643343,52644789,52651810,52658315,52662276,52668645,52678597,52679726,52681820,52682233,52685913,",0,PBRM1
NM_001394880.1,chr3,-,52641490,52685913,12,"52641490,52643247,52644703,52648343,52651741,52658198,52662132,52668497,52678499,52679573,52681694,52685748,","52642045,52643343,52644789,52648442,52651810,52658315,52662276,52668645,52678597,52679726,52681820,52685913,",0,PBRM1
NM_001394879.1,chr3,-,52557651,52685913,26,"52557651,52561766,52563282,52564049,52576540,52579053,52586424,52587352,52589069,52603520,52609312,52615350,52617261,52627272,52628893,52634601,52641953,52644703,52648343,52651741,52658198,52662132,52668497,52678499,52679573,52685748,","52558413,52561968,52563493,52564233,52576698,52579199,52586688,52587510,52589255,52603732,52609955,52615456,52617538,52627370,52629035,52634815,52642045,52644789,52648442,52651810,52658315,52662276,52668645,52678597,52679723,52685913,",0,PBRM1
NM_001400484.1,chr3,-,52545366,52685913,30,"52545366,52550420,52550746,52554723,52561766,52563282,52564049,52576540,52579053,52586424,52587352,52589069,52603520,52609312,52615350,52617261,52627272,52628893,52634601,52641953,52643247,52644703,52648343,52651741,52658198,52662132,52668497,52678499,52679573,52685748,","52548235,52550637,52550817,52554879,52561968,52563493,52564233,52576698,52579199,52586688,52587435,52589255,52603732,52609955,52615456,52617538,52627370,52629035,52634815,52642045,52643343,52644789,52648442,52651810,52658315,52662276,52668645,52678597,52679726,52685913,",0,PBRM1
NM_001394881.1,chr3,-,52641490,52685913,12,"52641490,52643247,52644703,52648343,52651741,52658198,52662132,52668497,52678499,52679573,52682091,52685748,","52642045,52643343,52644789,52648442,52651810,52658315,52662276,52668645,52678597,52679726,52682233,52685913,",0,PBRM1
NM_001400487.1,chr3,-,52545366,52685913,30,"52545366,52550420,52550746,52554723,52561766,52563282,52564049,52576540,52579053,52586424,52587352,52589069,52603520,52609312,52615350,52617261,52627272,52628893,52634601,52641953,52644703,52648343,52651741,52658198,52662132,52668497,52678499,52679573,52682091,52685748,","52548235,52550637,52550817,52554879,52561968,52563493,52564233,52576698,52579199,52586688,52587510,52589255,52603732,52609955,52615456,52617538,52627370,52629035,52634815,52642045,52644789,52648442,52651810,52658315,52662276,52668645,52678597,52679723,52682233,52685913,",0,PBRM1
NM_001400500.1,chr3,-,52545366,52685599,30,"52545366,52550420,52550746,52561766,52563282,52564049,52576540,52579053,52586424,52587352,52589069,52603520,52609312,52615350,52617261,52627272,52628893,52634601,52641953,52643247,52644703,52648343,52651741,52658198,52662132,52668497,52678499,52679573,52682091,52685435,","52548235,52550637,52550817,52561968,52563493,52564233,52576698,52579199,52586688,52587510,52589255,52603732,52609955,52615456,52617538,52627370,52629035,52634815,52642045,52643343,52644789,52648442,52651810,52658315,52662276,52668645,52678597,52679726,52682233,52685599,",0,PBRM1
NM_001400490.1,chr3,-,52545366,52685913,30,"52545366,52550420,52550746,52561766,52563282,52564049,52576540,52579053,52586424,52587352,52589069,52603520,52609312,52615350,52617261,52627272,52628893,52634601,52641953,52643247,52644703,52648343,52651741,52658198,52662132,52668497,52678499,52679573,52682091,52685748,","52548235,52550637,52550817,52561968,52563493,52564233,52576698,52579199,52586688,52587435,52589255,52603732,52609955,52615456,52617538,52627370,52629035,52634815,52642045,52643343,52644789,52648442,52651810,52658315,52662276,52668645,52678597,52679726,52682233,52685913,",0,PBRM1
NM_001400501.1,chr3,-,52545366,52685913,30,"52545366,52550420,52550746,52561766,52563282,52564049,52576540,52579053,52586424,52587352,52589069,52603520,52609312,52615350,52617261,52627272,52628893,52634601,52641953,52643247,52644703,52648343,52651741,52658198,52662132,52668497,52678499,52679573,52682091,52685748,","52548235,52550637,52550817,52561968,52563493,52564233,52576698,52579199,52586688,52587510,52589255,52603732,52609955,52615456,52617538,52627370,52629035,52634815,52642045,52643343,52644789,52648442,52651810,52658315,52662276,52668645,52678597,52679726,52682233,52685913,",0,PBRM1
NM_001400504.1,chr3,-,52545366,52685913,29,"52545366,52550420,52550746,52561766,52563282,52564049,52576540,52579053,52586424,52587352,52589069,52603520,52609312,52615350,52617261,52627272,52628893,52634601,52641953,52643247,52644703,52648343,52651741,52658198,52662132,52668497,52678499,52679573,52685748,","52548235,52550637,52550817,52561968,52563493,52564233,52576698,52579199,52586688,52587435,52589255,52603732,52609955,52615456,52617538,52627370,52629035,52634815,52642045,52643343,52644789,52648442,52651810,52658315,52662276,52668645,52678597,52679726,52685913,",0,PBRM1
NM_001400496.1,chr3,-,52545366,52685913,29,"52545366,52550420,52550746,52561766,52563282,52564049,52576540,52579053,52586424,52587352,52589069,52603520,52609312,52615350,52617261,52627272,52628893,52634601,52641953,52643247,52644703,52648343,52651741,52658198,52662132,52668497,52678499,52679573,52685748,","52548235,52550637,52550817,52561968,52563493,52564233,52576698,52579199,52586688,52587510,52589255,52603732,52609955,52615456,52617538,52627370,52629035,52634815,52642045,52643343,52644789,52648442,52651810,52658315,52662276,52668645,52678597,52679726,52685913,",0,PBRM1
NM_001904.4,chr3,+,41199504,41240443,15,"41199504,41224020,41224525,41224953,41225333,41225659,41227207,41233340,41233528,41234138,41235723,41236348,41236587,41238015,41239133,","41199670,41224081,41224753,41225207,41225572,41225861,41227352,41233444,41233867,41234297,41235843,41236499,41236709,41238076,41240443,",0,CTNNB1
XM_047448670.1,chr3,+,77040098,77649964,28,"77040098,77098013,77477413,77481098,77493243,77522774,77546337,77550817,77557943,77562650,77563166,77564953,77568312,77574498,77577489,77579946,77588750,77595141,77596622,77602209,77602934,77607797,77617512,77622226,77634869,77642670,77644703,77646053,","77040846,77098340,77477571,77481219,77493382,77522902,77546462,77550989,77558149,77562732,77563329,77565120,77568434,77574730,77577614,77580118,77588933,77595184,77596750,77602491,77603060,77607954,77617773,77622432,77635043,77642943,77644904,77649964,",0,ROBO2
XM_047448669.1,chr3,+,77040098,77649964,28,"77040098,77098013,77477413,77481098,77493243,77522774,77546337,77550817,77557943,77562650,77563166,77564953,77568312,77574498,77577489,77579946,77588750,77595141,77596622,77602209,77607797,77617512,77622226,77632473,77634869,77642670,77644703,77646053,","77040846,77098340,77477571,77481219,77493382,77522902,77546462,77550989,77558149,77562732,77563329,77565120,77568434,77574730,77577614,77580118,77588933,77595184,77596750,77602491,77607954,77617773,77622432,77632656,77635043,77642943,77644904,77649964,",0,ROBO2
NM_001167617.3,chr3,+,36993517,37050846,19,"36993517,36996618,37000954,37004400,37006990,37008813,37011819,37012010,37014431,37017505,37020309,37025636,37028783,37040185,37042267,37047518,37048516,37048903,37050485,","36993890,36996709,37001048,37004474,37007063,37008905,37011862,37012099,37014544,37017599,37020463,37026007,37028932,37040294,37042331,37047683,37048609,37049017,37050846,",0,MLH1
XM_047448671.1,chr3,+,76310879,77649964,28,"76310879,77098013,77477413,77481098,77493243,77522774,77527402,77546337,77550817,77557943,77562650,77563166,77564953,77568312,77574498,77577489,77579946,77588750,77595141,77596622,77602209,77607797,77617512,77622226,77634869,77642670,77644703,77646053,","76311417,77098340,77477571,77481219,77493382,77522902,77527414,77546462,77550989,77558149,77562732,77563329,77565120,77568434,77574730,77577614,77580118,77588933,77595184,77596750,77602482,77607954,77617773,77622432,77635043,77642943,77644904,77649964,",0,ROBO2
NM_001167618.3,chr3,+,36993517,37050846,19,"36993517,36996623,37000954,37004400,37006990,37008813,37011819,37012010,37014431,37017505,37020309,37025636,37028783,37040185,37042267,37047518,37048516,37048903,37050485,","36993890,36996709,37001053,37004474,37007063,37008905,37011862,37012099,37014544,37017599,37020463,37026007,37028932,37040294,37042331,37047683,37048609,37049017,37050846,",0,MLH1
XM_047448672.1,chr3,+,76310879,77649964,28,"76310879,77098013,77477413,77481098,77493243,77522774,77527402,77546337,77550817,77557943,77562650,77563166,77564953,77568312,77574498,77577489,77579946,77588750,77595141,77596622,77602209,77607797,77617512,77622226,77632473,77634869,77644703,77646053,","76311417,77098340,77477571,77481219,77493382,77522902,77527414,77546462,77550989,77558149,77562732,77563329,77565120,77568434,77574730,77577614,77580118,77588933,77595184,77596750,77602491,77607954,77617773,77622432,77632656,77635043,77644904,77649964,",0,ROBO2
NM_001167619.3,chr3,+,36993517,37050846,18,"36993517,36996618,37000954,37004400,37006990,37011819,37012010,37014431,37017505,37020309,37025636,37028783,37040185,37042267,37047518,37048516,37048903,37050485,","36993890,36996709,37001053,37004474,37007063,37011862,37012099,37014544,37017599,37020463,37026007,37028932,37040294,37042331,37047683,37048609,37049017,37050846,",0,MLH1
XM_047448673.1,chr3,+,75906674,77649964,28,"75906674,75937480,77098013,77477413,77481098,77493243,77522774,77546337,77550817,77557943,77562650,77563166,77564953,77568312,77574498,77577489,77579946,77588750,77595141,77596622,77602209,77607797,77617512,77622226,77632473,77634869,77644703,77646053,","75906960,75937602,77098340,77477571,77481219,77493382,77522902,77546462,77550989,77558149,77562732,77563329,77565120,77568434,77574730,77577614,77580118,77588933,77595184,77596750,77602491,77607954,77617773,77622432,77632656,77635043,77644904,77649964,",0,ROBO2
XM_047448674.1,chr3,+,76310879,77649964,28,"76310879,77098013,77477413,77481098,77493243,77522774,77527402,77546337,77550817,77557943,77562650,77563166,77564953,77568312,77574498,77577489,77579946,77588750,77595141,77596622,77602209,77602934,77607797,77617512,77622226,77634869,77644703,77646053,","76311417,77098340,77477571,77481219,77493382,77522902,77527414,77546462,77550989,77558149,77562732,77563329,77565120,77568434,77574730,77577614,77580118,77588933,77595184,77596750,77602482,77603060,77607954,77617773,77622432,77635043,77644904,77649964,",0,ROBO2
XM_047448676.1,chr3,+,76310879,77649964,27,"76310879,77098013,77477413,77481098,77493243,77522774,77546337,77550817,77557943,77562650,77563166,77564953,77568312,77574498,77577489,77579946,77588750,77595141,77596622,77602209,77602934,77607797,77617512,77622226,77634869,77644703,77646053,","76311417,77098340,77477571,77481219,77493382,77522902,77546462,77550989,77558149,77562732,77563329,77565120,77568434,77574730,77577614,77580118,77588933,77595184,77596750,77602491,77603060,77607954,77617773,77622432,77635043,77644904,77649964,",0,ROBO2
XM_047448677.1,chr3,+,76310879,77649964,26,"76310879,77098013,77477413,77481098,77493243,77522774,77546337,77550817,77557943,77562650,77563166,77564953,77568312,77574498,77577489,77579946,77588750,77595141,77596622,77602209,77607797,77617512,77622226,77634869,77644703,77646053,","76311417,77098340,77477571,77481219,77493382,77522902,77546462,77550989,77558149,77562732,77563329,77565120,77568434,77574730,77577614,77580118,77588933,77595184,77596750,77602491,77607954,77617773,77622432,77635043,77644895,77649964,",0,ROBO2
XM_047448678.1,chr3,+,77040098,77649964,26,"77040098,77098013,77477413,77481098,77493243,77522774,77546337,77550817,77557943,77562650,77563166,77564953,77568312,77574498,77577489,77579946,77588750,77595141,77596622,77602209,77607797,77617512,77622226,77634869,77644703,77646053,","77040846,77098340,77477571,77481219,77493382,77522902,77546462,77550989,77558149,77562732,77563329,77565120,77568434,77574730,77577614,77580118,77588933,77595184,77596750,77602491,77607954,77617773,77622432,77635043,77644895,77649964,",0,ROBO2
NM_001024847.3,chr3,+,30606600,30694142,8,"30606600,30623198,30644746,30650269,30671637,30674104,30688383,30691419,","30606977,30623273,30644915,30650460,30672437,30674246,30688511,30694142,",0,TGFBR2
XM_047448787.1,chr3,+,30606906,30694142,7,"30606906,30644746,30650269,30671637,30674104,30688383,30691419,","30614706,30644915,30650460,30672437,30674246,30688511,30694142,",0,TGFBR2
XR_001739978.2,chr3,-,136377659,136752378,24,"136377659,136387704,136398748,136417884,136421092,136422409,136422767,136422951,136433555,136443286,136452032,136464880,136472412,136473538,136477288,136500222,136502627,136521212,136542118,136568764,136604308,136623145,136630869,136752194,","136377752,136387872,136398829,136417972,136421163,136422613,136422857,136423044,136433659,136443404,136452147,136464988,136472492,136473637,136477412,136500296,136502779,136521417,136542195,136568861,136604473,136623248,136630981,136752378,",0,STAG1
NM_001405552.1,chr3,-,52545366,52685913,32,"52545366,52550420,52550746,52558248,52561766,52563282,52564049,52576540,52579053,52586424,52587352,52589069,52603520,52609312,52615350,52617261,52627272,52628893,52634601,52641953,52643247,52644703,52647302,52648343,52658198,52662132,52668497,52678499,52679573,52681694,52682091,52685748,","52548235,52550637,52550817,52558413,52561968,52563493,52564233,52576698,52579199,52586688,52587510,52589255,52603732,52609955,52615456,52617538,52627370,52629035,52634815,52642045,52643343,52644789,52647410,52648442,52658315,52662276,52668645,52678597,52679726,52681820,52682233,52685913,",0,PBRM1
NM_001405553.1,chr3,-,52545366,52685913,31,"52545366,52550420,52550746,52554723,52561766,52563282,52564049,52576540,52579053,52586424,52587352,52589069,52603520,52609312,52615350,52617261,52627272,52628893,52634601,52641953,52643247,52644703,52648343,52651741,52658198,52662132,52668497,52678499,52679573,52681694,52685748,","52548235,52550637,52550817,52554879,52561968,52563493,52564233,52576698,52579199,52586688,52587510,52589255,52603732,52609955,52615456,52617538,52627370,52629035,52634815,52642045,52643343,52644789,52648442,52651810,52658315,52662276,52668645,52678597,52679726,52681820,52685913,",0,PBRM1
NM_001405554.1,chr3,-,52545366,52685913,31,"52545366,52550420,52550746,52554723,52561766,52563282,52564049,52576540,52579053,52586424,52587352,52589069,52603520,52609312,52615350,52617261,52627272,52628893,52634601,52641953,52643247,52644703,52647302,52648343,52651741,52658198,52662132,52668497,52678499,52679573,52685748,","52548235,52550637,52550817,52554879,52561968,52563493,52564233,52576698,52579199,52586688,52587510,52589252,52603732,52609955,52615456,52617538,52627370,52629035,52634815,52642045,52643343,52644789,52647410,52648442,52651810,52658315,52662276,52668645,52678597,52679726,52685913,",0,PBRM1
NM_001405555.1,chr3,-,52545366,52685913,29,"52545366,52550420,52550746,52561766,52563282,52564049,52576540,52579053,52586424,52587352,52589069,52603520,52609312,52615350,52617261,52627272,52628893,52634601,52641953,52643247,52644703,52648343,52651741,52658198,52662132,52668497,52678499,52679573,52685889,","52548235,52550637,52550817,52561968,52563493,52564233,52576698,52579199,52586688,52587510,52589255,52603732,52609955,52615456,52617538,52627370,52629035,52634815,52642045,52643343,52644789,52648442,52651810,52658315,52662276,52668645,52678597,52679726,52685913,",0,PBRM1
NM_001405556.1,chr3,-,52545366,52685913,30,"52545366,52550420,52550746,52554723,52561766,52563282,52564049,52576540,52579053,52586424,52587352,52589069,52603520,52609312,52615350,52617261,52627272,52628893,52634601,52641953,52643247,52644703,52648343,52651741,52658198,52662132,52668497,52678499,52679573,52685889,","52548235,52550637,52550817,52554879,52561968,52563493,52564233,52576698,52579199,52586688,52587510,52589255,52603732,52609955,52615456,52617538,52627370,52629035,52634815,52642045,52643343,52644789,52648442,52651810,52658315,52662276,52668645,52678597,52679726,52685913,",0,PBRM1
NM_001405557.1,chr3,-,52545366,52685913,32,"52545366,52550420,52550746,52554723,52561766,52563282,52564049,52576540,52579053,52586424,52587352,52589069,52603520,52609312,52615350,52617261,52627272,52628893,52634601,52641953,52643247,52644703,52648343,52651741,52658198,52662132,52668497,52678499,52679573,52682091,52684855,52685748,","52548235,52550637,52550817,52554879,52561968,52563493,52564233,52576698,52579199,52586688,52587510,52589255,52603732,52609955,52615456,52617538,52627370,52629035,52634815,52642045,52643343,52644789,52648442,52651810,52658315,52662276,52668645,52678597,52679726,52682233,52684914,52685913,",0,PBRM1
NM_001405558.1,chr3,-,52545366,52685913,31,"52545366,52550420,52550746,52554723,52561766,52563282,52564049,52576540,52579053,52586424,52587352,52589069,52603520,52609312,52615350,52617261,52627272,52628893,52634601,52641953,52643247,52644703,52648343,52651741,52658198,52662132,52668497,52678499,52679573,52682091,52685748,","52548235,52550637,52550817,52554879,52561968,52563493,52564233,52576698,52579199,52586688,52587435,52589255,52603732,52609955,52615456,52617538,52627370,52629035,52634815,52642045,52643343,52644789,52648442,52651810,52658315,52662276,52668645,52678597,52679726,52682233,52685913,",0,PBRM1
NM_001405560.1,chr3,-,52545366,52685913,28,"52545366,52550420,52550746,52561766,52563282,52564049,52576540,52579053,52586424,52587352,52589069,52603520,52609312,52615350,52617261,52627272,52628893,52634601,52641953,52643247,52644703,52651741,52658198,52662132,52668497,52678499,52679573,52685748,","52548235,52550637,52550817,52561968,52563493,52564233,52576698,52579199,52586688,52587510,52589255,52603732,52609955,52615456,52617538,52627370,52629035,52634815,52642045,52643343,52644789,52651810,52658315,52662276,52668645,52678597,52679726,52685913,",0,PBRM1
NM_001405559.1,chr3,-,52545366,52685913,31,"52545366,52550420,52550746,52554723,52558248,52561766,52563282,52564049,52576540,52579053,52586424,52587352,52589069,52603520,52609312,52615350,52617261,52627272,52628893,52634601,52641953,52643247,52644703,52648343,52651741,52658198,52662132,52668497,52678499,52679573,52685748,","52548235,52550637,52550817,52554879,52558413,52561968,52563493,52564233,52576698,52579199,52586688,52587435,52589255,52603732,52609955,52615456,52617538,52627370,52629035,52634815,52642045,52643343,52644789,52648442,52651810,52658315,52662276,52668645,52678597,52679726,52685913,",0,PBRM1
NM_001405561.1,chr3,-,52545366,52685913,32,"52545366,52550420,52550746,52554723,52561766,52563282,52564049,52576540,52579053,52586424,52587352,52589069,52603520,52609312,52615350,52617261,52627272,52628893,52634601,52641953,52643247,52644703,52648343,52651741,52658198,52662132,52668497,52678499,52679573,52682091,52684855,52685748,","52548235,52550637,52550817,52554879,52561968,52563493,52564233,52576698,52579199,52586688,52587510,52589252,52603732,52609955,52615456,52617538,52627370,52629035,52634815,52642045,52643343,52644789,52648442,52651810,52658315,52662276,52668645,52678597,52679726,52682233,52684914,52685913,",0,PBRM1
NM_001405563.1,chr3,-,52545366,52685913,29,"52545366,52550420,52550746,52561766,52563282,52564049,52576540,52579053,52586424,52587352,52589069,52603520,52609312,52615350,52617261,52627272,52628893,52634601,52641953,52643247,52644703,52648343,52651741,52658198,52662132,52668497,52678499,52679573,52685748,","52548235,52550637,52550817,52561968,52563493,52564233,52576698,52579199,52586688,52587510,52589252,52603732,52609955,52615456,52617538,52627370,52629035,52634815,52642045,52643343,52644789,52648442,52651810,52658315,52662276,52668645,52678597,52679723,52685913,",0,PBRM1
NM_001405564.1,chr3,-,52545366,52685913,30,"52545366,52550420,52550746,52561766,52563282,52564049,52576540,52579053,52586424,52587352,52589069,52603520,52609312,52615350,52617261,52627272,52628893,52634601,52641953,52643247,52644703,52648343,52651741,52658198,52662132,52668497,52678499,52679573,52682091,52685748,","52548235,52550637,52550817,52561968,52563493,52564233,52576698,52579199,52586688,52587510,52589255,52603732,52609955,52615456,52617538,52627370,52629035,52634815,52642045,52643343,52644789,52648442,52651810,52658342,52662276,52668645,52678597,52679723,52682233,52685913,",0,PBRM1
NM_001405565.1,chr3,-,52545366,52685913,30,"52545366,52550420,52550746,52554723,52561766,52563282,52564049,52576540,52579053,52586424,52587352,52589069,52603520,52609312,52615350,52617261,52627272,52628893,52634601,52641953,52643247,52644703,52648343,52651741,52658198,52662132,52668497,52678499,52679573,52685748,","52548235,52550637,52550817,52554879,52561968,52563493,52564233,52576698,52579199,52586688,52587435,52589255,52603732,52609955,52615456,52617538,52627370,52629035,52634815,52642045,52643343,52644789,52648442,52651810,52658315,52662276,52668645,52678597,52679723,52685913,",0,PBRM1
NM_001405566.1,chr3,-,52545366,52685913,30,"52545366,52550420,52550746,52561766,52563282,52564049,52576540,52579053,52586424,52587352,52589069,52603520,52609312,52610517,52615350,52617261,52627272,52628893,52634601,52641953,52643247,52644703,52648343,52651741,52658198,52662132,52668497,52678499,52679573,52685748,","52548235,52550637,52550817,52561968,52563493,52564233,52576698,52579199,52586688,52587510,52589255,52603732,52609955,52610591,52615456,52617538,52627370,52629035,52634815,52642045,52643343,52644789,52648442,52651810,52658315,52662276,52668645,52678597,52679726,52685913,",0,PBRM1
NM_001405567.1,chr3,-,52545366,52685913,32,"52545366,52550420,52550746,52554723,52558248,52561766,52563282,52564049,52576540,52579053,52586424,52587352,52589069,52603520,52609312,52615350,52617261,52627272,52628893,52634601,52641953,52643247,52644703,52648343,52651741,52658198,52662132,52668497,52678499,52679573,52682091,52685748,","52548235,52550637,52550817,52554879,52558413,52561968,52563493,52564233,52576698,52579199,52586688,52587510,52589252,52603732,52609955,52615456,52617538,52627370,52629035,52634815,52642045,52643343,52644789,52648442,52651810,52658315,52662276,52668645,52678597,52679726,52682233,52685913,",0,PBRM1
NM_001405568.1,chr3,-,52545366,52685913,30,"52545366,52550420,52550746,52554723,52561766,52563282,52564049,52576540,52579053,52586424,52587352,52589069,52603520,52609312,52615350,52617261,52627272,52628893,52634601,52641953,52643247,52644703,52648343,52651741,52658198,52662132,52668497,52678499,52679573,52685748,","52548235,52550637,52550817,52554879,52561968,52563493,52564233,52576698,52579199,52586688,52587510,52589255,52603732,52609955,52615456,52617538,52627370,52629035,52634815,52642045,52643343,52644789,52648442,52651810,52658342,52662276,52668645,52678597,52679726,52685913,",0,PBRM1
NM_001405570.1,chr3,-,52545366,52685913,31,"52545366,52550420,52550746,52554723,52558248,52561766,52563276,52564049,52576540,52579053,52586424,52587352,52589069,52603520,52609312,52615350,52617261,52627272,52628893,52634601,52641953,52643247,52644703,52648343,52651741,52658198,52662132,52668497,52678499,52679573,52685748,","52548235,52550637,52550817,52554879,52558413,52561968,52563493,52564233,52576698,52579199,52586688,52587510,52589255,52603732,52609955,52615456,52617538,52627370,52629035,52634815,52642045,52643343,52644789,52648442,52651810,52658315,52662276,52668645,52678597,52679723,52685913,",0,PBRM1
NM_001405569.1,chr3,-,52545366,52685913,30,"52545366,52550420,52550746,52554723,52561766,52563282,52564049,52576540,52579053,52586424,52587352,52589069,52603520,52609312,52615350,52617261,52627272,52628893,52634601,52641953,52643247,52644703,52648343,52651741,52658198,52662132,52668497,52678499,52679573,52685748,","52548235,52550637,52550817,52554879,52561968,52563493,52564233,52576698,52579199,52586688,52587510,52589252,52603732,52609955,52615456,52617538,52627370,52629035,52634815,52642045,52643343,52644789,52648442,52651810,52658342,52662276,52668645,52678597,52679726,52685913,",0,PBRM1
NM_001405571.1,chr3,-,52545366,52685913,31,"52545366,52550420,52550746,52554723,52561766,52563282,52564049,52576540,52579053,52586424,52587352,52589069,52603520,52609312,52615350,52617261,52624896,52627272,52628893,52634601,52641953,52643247,52644703,52648343,52651741,52658198,52662132,52668497,52678499,52679573,52685748,","52548235,52550637,52550817,52554879,52561968,52563493,52564233,52576698,52579199,52586688,52587510,52589255,52603732,52609955,52615456,52617538,52624941,52627370,52629035,52634815,52642045,52643343,52644789,52648442,52651810,52658315,52662276,52668645,52678597,52679726,52685913,",0,PBRM1
NM_001405572.1,chr3,-,52545366,52685913,29,"52545366,52550420,52550746,52554723,52561766,52563282,52564049,52576540,52579053,52586424,52587352,52589069,52603520,52609312,52615350,52617261,52627272,52628893,52634601,52641953,52644703,52648343,52651741,52658198,52662132,52668497,52678499,52679573,52685748,","52548235,52550637,52550817,52554879,52561968,52563493,52564233,52576698,52579199,52586688,52587435,52589252,52603732,52609955,52615456,52617538,52627370,52629035,52634815,52642045,52644789,52648442,52651810,52658315,52662276,52668645,52678597,52679723,52685913,",0,PBRM1
NM_001405573.1,chr3,-,52545366,52685913,28,"52545366,52550420,52550746,52554723,52561766,52563282,52564049,52576540,52579053,52586424,52587352,52589069,52603520,52609312,52615350,52617261,52627272,52628893,52634601,52641953,52643247,52644703,52648343,52662132,52668497,52678499,52679573,52685748,","52548235,52550637,52550817,52554879,52561968,52563493,52564233,52576698,52579199,52586688,52587510,52589252,52603732,52609955,52615456,52617538,52627370,52629035,52634815,52642045,52643343,52644789,52648442,52662276,52668645,52678597,52679723,52685913,",0,PBRM1
NM_001405574.1,chr3,-,52545366,52685913,31,"52545366,52550420,52550746,52554723,52561766,52563282,52564049,52576540,52579053,52586424,52587352,52589069,52603520,52609312,52615350,52617261,52627272,52628893,52634601,52641953,52643247,52644703,52648343,52651741,52658198,52662132,52668497,52678499,52679573,52681703,52685748,","52548235,52550637,52550817,52554879,52561968,52563493,52564233,52576698,52579199,52586688,52587510,52589252,52603732,52609955,52615456,52617538,52627370,52629035,52634815,52642045,52643343,52644789,52648442,52651810,52658315,52662276,52668645,52678597,52679726,52681820,52685913,",0,PBRM1
NM_001405575.1,chr3,-,52545366,52685913,31,"52545366,52550420,52550746,52554723,52561766,52563282,52564049,52576540,52579053,52586424,52587352,52589069,52603520,52609312,52615350,52617261,52627272,52628893,52634601,52641953,52643247,52644703,52648343,52651741,52658198,52662132,52668497,52678499,52679573,52682091,52685748,","52548235,52550637,52550817,52554879,52561968,52563493,52564233,52576698,52579199,52586688,52587510,52589252,52603732,52609955,52615456,52617538,52627370,52629035,52634815,52642045,52643343,52644789,52648442,52651810,52658315,52662276,52668645,52678597,52679723,52682233,52685913,",0,PBRM1
NM_001405576.1,chr3,-,52545366,52685913,29,"52545366,52550420,52550746,52561766,52563282,52564049,52576540,52579053,52586424,52587352,52589069,52603520,52609312,52615350,52617261,52627272,52628893,52634601,52641953,52643247,52644703,52648343,52651741,52658198,52662132,52668497,52678499,52679573,52685748,","52548235,52550637,52550817,52561968,52563493,52564233,52576698,52579199,52586688,52587435,52589252,52603732,52609955,52615456,52617538,52627370,52629035,52634815,52642045,52643343,52644789,52648442,52651810,52658315,52662276,52668645,52678597,52679726,52685913,",0,PBRM1
NM_001405577.1,chr3,-,52545366,52685913,31,"52545366,52550420,52550746,52561766,52563282,52564049,52576540,52579053,52586424,52587352,52589069,52603520,52609312,52615350,52617261,52627272,52628893,52634601,52641953,52643247,52644703,52648343,52651741,52658198,52662132,52668497,52678499,52679573,52682091,52684855,52685748,","52548235,52550637,52550817,52561968,52563493,52564233,52576698,52579199,52586688,52587510,52589255,52603732,52609955,52615456,52617538,52627370,52629035,52634815,52642045,52643343,52644789,52648442,52651810,52658315,52662276,52668645,52678597,52679726,52682233,52684914,52685913,",0,PBRM1
NM_001405578.1,chr3,-,52545366,52685913,30,"52545366,52550420,52550746,52554723,52561766,52563282,52564049,52576540,52579053,52586424,52587352,52589069,52603520,52609312,52615350,52617261,52627272,52628893,52634601,52641953,52643247,52644703,52648343,52651741,52658198,52662132,52668497,52678499,52679573,52685748,","52548235,52550637,52550817,52554879,52561968,52563493,52564233,52576698,52579199,52586688,52587510,52589252,52603732,52609955,52615456,52617538,52627370,52629035,52634815,52642045,52643343,52644789,52648442,52651810,52658315,52662276,52668645,52678597,52679723,52685913,",0,PBRM1
NM_001405580.1,chr3,-,52545366,52685913,29,"52545366,52550420,52550746,52561766,52563282,52564049,52576540,52579053,52586424,52587352,52589069,52603520,52609312,52615350,52617261,52627272,52628893,52634601,52641953,52643247,52644703,52648343,52651741,52658198,52662132,52668497,52678499,52679573,52685748,","52548235,52550637,52550817,52561968,52563493,52564233,52576698,52579199,52586688,52587429,52589255,52603732,52609955,52615456,52617538,52627370,52629035,52634815,52642045,52643343,52644789,52648442,52651810,52658342,52662276,52668645,52678597,52679726,52685913,",0,PBRM1
NM_001405579.1,chr3,-,52545366,52685913,31,"52545366,52550420,52550746,52558248,52561766,52563282,52564049,52576540,52579053,52586424,52587352,52589069,52603520,52609312,52615350,52617261,52627272,52628893,52634601,52641953,52643247,52644703,52648343,52651741,52658198,52662132,52668497,52678499,52679573,52682091,52685748,","52548235,52550637,52550817,52558413,52561968,52563493,52564233,52576698,52579199,52586688,52587510,52589252,52603732,52609955,52615456,52617538,52627370,52629035,52634815,52642045,52643343,52644789,52648442,52651810,52658315,52662276,52668645,52678597,52679726,52682233,52685913,",0,PBRM1
NM_001405581.1,chr3,-,52545366,52685913,31,"52545366,52550420,52550746,52554723,52558248,52561766,52563282,52564049,52576540,52579053,52586424,52587352,52589069,52603520,52609312,52615350,52617261,52627272,52628893,52634601,52641953,52643247,52644703,52648343,52651741,52658198,52662132,52668497,52678499,52679573,52685889,","52548235,52550637,52550817,52554879,52558413,52561968,52563493,52564233,52576698,52579199,52586688,52587510,52589255,52603732,52609955,52615456,52617538,52627370,52629035,52634815,52642045,52643343,52644789,52648442,52651810,52658315,52662276,52668645,52678597,52679726,52685913,",0,PBRM1
NM_001405582.1,chr3,-,52545366,52685913,29,"52545366,52550420,52550746,52554723,52561766,52563282,52564049,52576540,52579053,52586424,52587352,52589069,52603520,52609312,52615350,52617261,52627272,52628893,52634601,52641953,52644703,52648343,52651741,52658198,52662132,52668497,52678499,52679573,52685748,","52548235,52550637,52550817,52554879,52561968,52563493,52564233,52576698,52579199,52586688,52587510,52589255,52603732,52609955,52615456,52617538,52627370,52629035,52634815,52642045,52644789,52648442,52651810,52658315,52662276,52668645,52678597,52679723,52685913,",0,PBRM1
NM_001405583.1,chr3,-,52545366,52685913,32,"52545366,52550420,52550746,52558248,52561766,52563282,52564049,52576540,52579053,52586424,52587352,52589069,52603520,52609312,52615350,52617261,52627272,52628893,52634601,52641953,52643247,52644703,52648343,52651741,52658198,52662132,52668497,52678499,52679573,52682091,52684855,52685748,","52548235,52550637,52550817,52558413,52561968,52563493,52564233,52576698,52579199,52586688,52587510,52589255,52603732,52609955,52615456,52617538,52627370,52629035,52634815,52642045,52643343,52644789,52648442,52651810,52658315,52662276,52668645,52678597,52679726,52682233,52684914,52685913,",0,PBRM1
NM_001405584.1,chr3,-,52545366,52685913,30,"52545366,52550420,52550746,52558248,52561766,52563282,52564049,52576540,52579053,52586424,52587352,52589069,52603520,52609312,52615350,52617261,52627272,52628893,52634601,52641953,52643247,52644703,52648343,52651741,52658198,52662132,52668497,52678499,52679573,52685748,","52548235,52550637,52550817,52558413,52561968,52563493,52564233,52576698,52579199,52586688,52587510,52589255,52603732,52609955,52615456,52617538,52627370,52629035,52634815,52642045,52643343,52644789,52648442,52651810,52658315,52662276,52668645,52678597,52679723,52685913,",0,PBRM1
NM_001405585.1,chr3,-,52545366,52685913,30,"52545366,52550420,52550746,52554723,52561766,52563282,52564049,52576540,52579053,52586424,52587352,52589069,52603520,52609312,52615350,52617261,52627272,52628893,52634601,52641953,52643247,52644703,52648343,52651741,52658198,52662132,52668497,52678499,52679573,52685889,","52548235,52550637,52550817,52554879,52561968,52563493,52564233,52576698,52579199,52586688,52587510,52589252,52603732,52609955,52615456,52617538,52627370,52629035,52634815,52642045,52643343,52644789,52648442,52651810,52658315,52662276,52668645,52678597,52679726,52685913,",0,PBRM1
NM_001405586.1,chr3,-,52545366,52685913,30,"52545366,52550420,52550746,52554723,52561766,52563282,52564049,52576540,52579053,52586424,52587352,52589069,52603520,52609312,52615350,52617261,52627272,52628893,52634601,52641953,52643247,52644703,52648343,52651741,52658198,52662132,52668497,52678499,52679573,52685748,","52548235,52550637,52550817,52554879,52561968,52563493,52564233,52576698,52579199,52586688,52587435,52589252,52603732,52609955,52615456,52617538,52627370,52629035,52634815,52642045,52643343,52644789,52648442,52651810,52658342,52662276,52668645,52678597,52679723,52685913,",0,PBRM1
NM_001405587.1,chr3,-,52545366,52685913,29,"52545366,52550420,52550746,52554723,52561766,52563282,52564049,52576540,52579053,52586424,52587352,52589069,52603520,52609312,52615350,52617261,52627272,52628893,52634601,52641953,52643247,52644703,52648343,52651741,52658198,52668497,52678499,52679573,52685748,","52548235,52550637,52550817,52554879,52561968,52563493,52564233,52576698,52579199,52586688,52587510,52589255,52603732,52609955,52615456,52617538,52627370,52629035,52634815,52642045,52643343,52644789,52648442,52651810,52658315,52668645,52678597,52679726,52685913,",0,PBRM1
NM_001405588.1,chr3,-,52545366,52685913,32,"52545366,52550420,52550746,52554723,52558248,52561766,52563282,52564049,52576540,52579053,52586424,52587352,52589069,52603520,52609312,52615350,52617261,52627272,52628893,52634601,52641953,52643247,52644703,52648343,52651741,52658198,52662132,52668497,52678499,52679573,52682091,52685748,","52548235,52550637,52550817,52554879,52558413,52561968,52563493,52564233,52576698,52579199,52586688,52587435,52589255,52603732,52609955,52615456,52617538,52627370,52629035,52634815,52642045,52643343,52644789,52648442,52651810,52658315,52662276,52668645,52678597,52679723,52682233,52685913,",0,PBRM1
NM_001405600.1,chr3,-,52545366,52685913,33,"52545366,52550420,52550746,52554723,52561766,52563282,52564049,52576540,52579053,52586424,52587352,52589069,52603520,52609312,52615350,52617261,52627272,52628893,52634601,52641953,52643247,52644703,52648343,52651741,52658198,52662132,52668497,52678499,52679573,52681703,52682091,52684855,52685748,","52548235,52550637,52550817,52554879,52561968,52563493,52564233,52576698,52579199,52586688,52587510,52589255,52603732,52609955,52615456,52617538,52627370,52629035,52634815,52642045,52643343,52644789,52648442,52651810,52658315,52662276,52668645,52678597,52679726,52681820,52682233,52684914,52685913,",0,PBRM1
NM_001405590.1,chr3,-,52545366,52685913,31,"52545366,52550420,52550746,52554723,52561766,52563282,52564049,52576540,52579053,52586424,52587352,52589069,52603520,52609312,52615350,52617261,52627272,52628893,52634601,52641953,52643247,52644703,52648343,52651741,52658198,52662132,52668497,52678499,52679573,52682091,52685748,","52548235,52550637,52550817,52554879,52561968,52563493,52564233,52576698,52579199,52586688,52587510,52589252,52603732,52609955,52615456,52617538,52627370,52629035,52634815,52642045,52643343,52644789,52648442,52651810,52658315,52662276,52668645,52678597,52679726,52682233,52685913,",0,PBRM1
NM_001405589.1,chr3,-,52545366,52685913,31,"52545366,52550420,52550746,52554723,52558248,52561766,52563282,52564049,52576540,52579053,52586424,52587352,52589069,52603520,52609312,52615350,52617261,52627272,52628893,52634601,52641953,52643247,52644703,52648343,52651741,52658198,52662132,52668497,52678499,52679573,52685748,","52548235,52550637,52550817,52554879,52558413,52561968,52563493,52564233,52576698,52579199,52586688,52587510,52589252,52603732,52609955,52615456,52617538,52627370,52629035,52634815,52642045,52643343,52644789,52648442,52651810,52658315,52662276,52668645,52678597,52679726,52685913,",0,PBRM1
NM_001405601.1,chr3,-,52545366,52685913,32,"52545366,52550420,52550746,52554723,52558248,52561766,52563282,52564049,52576540,52579053,52586424,52587352,52589069,52603520,52609312,52615350,52617261,52624896,52627272,52628893,52634601,52641953,52643247,52644703,52648343,52651741,52658198,52662132,52668497,52678499,52679573,52685748,","52548235,52550637,52550817,52554879,52558413,52561968,52563493,52564233,52576698,52579199,52586688,52587510,52589255,52603732,52609955,52615456,52617538,52624941,52627370,52629035,52634815,52642045,52643343,52644789,52648442,52651810,52658315,52662276,52668645,52678597,52679723,52685913,",0,PBRM1
NM_001405591.1,chr3,-,52545366,52685913,31,"52545366,52550420,52550746,52554723,52561766,52563282,52564049,52576540,52579053,52586424,52587352,52589069,52603520,52609312,52615350,52617261,52627272,52628893,52634601,52641953,52643247,52644703,52648343,52651741,52658198,52662132,52668497,52678499,52679573,52681703,52685748,","52548235,52550637,52550817,52554879,52561968,52563493,52564233,52576698,52579199,52586688,52587435,52589255,52603732,52609955,52615456,52617538,52627370,52629035,52634815,52642045,52643343,52644789,52648442,52651810,52658315,52662276,52668645,52678597,52679726,52681820,52685913,",0,PBRM1
NM_001405602.1,chr3,-,52545366,52685913,28,"52545366,52550420,52550746,52561766,52563282,52564049,52576540,52579053,52586424,52587352,52589069,52603520,52609312,52615350,52617261,52627272,52628893,52634601,52641953,52644703,52648343,52651741,52658198,52662132,52668497,52678499,52679573,52685748,","52548235,52550637,52550817,52561968,52563493,52564233,52576698,52579199,52586688,52587510,52589252,52603732,52609955,52615456,52617538,52627370,52629035,52634815,52642045,52644789,52648442,52651810,52658315,52662276,52668645,52678597,52679726,52685913,",0,PBRM1
NM_001405592.1,chr3,-,52545366,52685913,30,"52545366,52550420,52550746,52561766,52563282,52564049,52576540,52579053,52586424,52587352,52589069,52603520,52609312,52615350,52617261,52627272,52628893,52634601,52641953,52643247,52644703,52648343,52651741,52658198,52662132,52668497,52678499,52679573,52682091,52685748,","52548235,52550637,52550817,52561968,52563493,52564233,52576698,52579199,52586688,52587435,52589255,52603732,52609955,52615456,52617538,52627370,52629035,52634815,52642045,52643343,52644789,52648442,52651810,52658315,52662276,52668645,52678597,52679723,52682233,52685913,",0,PBRM1
NM_001405603.1,chr3,-,52545366,52685913,33,"52545366,52550420,52550746,52554723,52558248,52561766,52563282,52564049,52576540,52579053,52586424,52587352,52589069,52603520,52609312,52615350,52617261,52627272,52628893,52634601,52641953,52643247,52644703,52648343,52651741,52658198,52662132,52668497,52678499,52679573,52682091,52684855,52685748,","52548235,52550637,52550817,52554879,52558413,52561968,52563493,52564233,52576698,52579199,52586688,52587510,52589255,52603732,52609955,52615456,52617538,52627370,52629035,52634815,52642045,52643343,52644789,52648442,52651810,52658315,52662276,52668645,52678597,52679726,52682233,52684914,52685913,",0,PBRM1
NM_001405593.1,chr3,-,52545366,52685913,31,"52545366,52550420,52550746,52561766,52563282,52564049,52576540,52579053,52586424,52587352,52589069,52603520,52609312,52615350,52617261,52627272,52628893,52634601,52641953,52643247,52644703,52648343,52651741,52658198,52662132,52668497,52678499,52679573,52682091,52684855,52685748,","52548235,52550637,52550817,52561968,52563493,52564233,52576698,52579199,52586688,52587510,52589255,52603732,52609955,52615456,52617538,52627370,52629035,52634815,52642045,52643343,52644789,52648442,52651810,52658315,52662276,52668645,52678597,52679723,52682233,52684914,52685913,",0,PBRM1
NM_001405604.1,chr3,-,52545366,52685913,30,"52545366,52550420,52550746,52554723,52558248,52561766,52563282,52564049,52576540,52579053,52586424,52587352,52589069,52603520,52609312,52615350,52617261,52627272,52628893,52634601,52641953,52644703,52648343,52651741,52658198,52662132,52668497,52678499,52679573,52685748,","52548235,52550637,52550817,52554879,52558413,52561968,52563493,52564233,52576698,52579199,52586688,52587510,52589255,52603732,52609955,52615456,52617538,52627370,52629035,52634815,52642045,52644789,52648442,52651810,52658315,52662276,52668645,52678597,52679726,52685913,",0,PBRM1
NM_001405594.1,chr3,-,52545366,52685913,32,"52545366,52550420,52550746,52554723,52558248,52561766,52563282,52564049,52576540,52579053,52586424,52587352,52589069,52603520,52609312,52615350,52617261,52627272,52628893,52634601,52641953,52643247,52644703,52648343,52651741,52658198,52662132,52668497,52678499,52679573,52682091,52685748,","52548235,52550637,52550817,52554879,52558413,52561968,52563493,52564233,52576698,52579199,52586688,52587510,52589255,52603732,52609955,52615456,52617538,52627370,52629035,52634815,52642045,52643343,52644789,52648442,52651810,52658315,52662276,52668645,52678597,52679723,52682233,52685913,",0,PBRM1
NM_001405605.1,chr3,-,52545366,52685913,29,"52545366,52550420,52550746,52561766,52563282,52564049,52576540,52579053,52586424,52587352,52589069,52603520,52609312,52615350,52617261,52627272,52628893,52634601,52641953,52643247,52644703,52648343,52651741,52658198,52662132,52668497,52678499,52679573,52685748,","52548235,52550637,52550817,52561968,52563493,52564233,52576698,52579199,52586688,52587435,52589255,52603732,52609955,52615456,52617538,52627370,52629035,52634815,52642045,52643343,52644789,52648442,52651810,52658315,52662276,52668645,52678597,52679723,52685913,",0,PBRM1
NM_001405595.1,chr3,-,52545366,52685913,29,"52545366,52550420,52550746,52554723,52561766,52563282,52564049,52576540,52579053,52586424,52587352,52589069,52603520,52609312,52615350,52617261,52627272,52628893,52634601,52641953,52643247,52644703,52648343,52658198,52662132,52668497,52678499,52679573,52685748,","52548235,52550637,52550817,52554879,52561968,52563493,52564233,52576698,52579199,52586688,52587510,52589255,52603732,52609955,52615456,52617538,52627370,52629035,52634815,52642045,52643343,52644789,52648442,52658315,52662276,52668645,52678597,52679726,52685913,",0,PBRM1
NM_001405606.1,chr3,-,52545366,52685913,30,"52545366,52550420,52550746,52554723,52561766,52563282,52564049,52576540,52579053,52586424,52587352,52589069,52603520,52609312,52615350,52617261,52627272,52628893,52634601,52641953,52644703,52648343,52651741,52658198,52662132,52668497,52678499,52679573,52682091,52685748,","52548235,52550637,52550817,52554879,52561968,52563493,52564233,52576698,52579199,52586688,52587510,52589255,52603732,52609955,52615456,52617538,52627370,52629035,52634815,52642045,52644789,52648442,52651810,52658315,52662276,52668645,52678597,52679726,52682233,52685913,",0,PBRM1
NM_001405596.1,chr3,-,52545366,52685913,31,"52545366,52550420,52550746,52554723,52561766,52563282,52564049,52576540,52579053,52586424,52587352,52589069,52603520,52609312,52610517,52615350,52617261,52627272,52628893,52634601,52641953,52643247,52644703,52648343,52651741,52658198,52662132,52668497,52678499,52679573,52685748,","52548235,52550637,52550817,52554879,52561968,52563493,52564233,52576698,52579199,52586688,52587510,52589255,52603732,52609955,52610591,52615456,52617538,52627370,52629035,52634815,52642045,52643343,52644789,52648442,52651810,52658315,52662276,52668645,52678597,52679726,52685913,",0,PBRM1
NM_001405607.1,chr3,-,52545366,52685913,32,"52545366,52550420,52550746,52554723,52558248,52561766,52563282,52564049,52576540,52579053,52586424,52587352,52589069,52603520,52609312,52615350,52617261,52624896,52627272,52628893,52634601,52641953,52643247,52644703,52648343,52651741,52658198,52662132,52668497,52678499,52679573,52685748,","52548235,52550637,52550817,52554879,52558413,52561968,52563493,52564233,52576698,52579199,52586688,52587510,52589255,52603732,52609955,52615456,52617538,52624941,52627370,52629035,52634815,52642045,52643343,52644789,52648442,52651810,52658315,52662276,52668645,52678597,52679726,52685913,",0,PBRM1
NM_001405597.1,chr3,-,52545366,52685913,29,"52545366,52550420,52550746,52554723,52561766,52563282,52564049,52576540,52579053,52586424,52587352,52589069,52603520,52609312,52615350,52617261,52627272,52628893,52634601,52641953,52643247,52644703,52648343,52651741,52662132,52668497,52678499,52679573,52685748,","52548235,52550637,52550817,52554879,52561968,52563493,52564233,52576698,52579199,52586688,52587510,52589255,52603732,52609955,52615456,52617538,52627370,52629035,52634815,52642045,52643343,52644789,52648442,52651810,52662276,52668645,52678597,52679726,52685913,",0,PBRM1
NM_001405608.1,chr3,-,52550290,52685913,27,"52550290,52550746,52554723,52561766,52563282,52564049,52576540,52579053,52586424,52587352,52589069,52603520,52609312,52615350,52617261,52627272,52628893,52634601,52644703,52648343,52651741,52658198,52662132,52668497,52678499,52679573,52685748,","52550637,52550817,52554879,52561968,52563493,52564233,52576698,52579199,52586688,52587435,52589255,52603732,52609955,52615456,52617538,52627370,52629035,52634815,52644789,52648442,52651810,52658315,52662276,52668645,52678597,52679726,52685913,",0,PBRM1
NM_001405598.1,chr3,-,52545366,52685913,31,"52545366,52550420,52550746,52554723,52558248,52561766,52563282,52564049,52576540,52579053,52586424,52587352,52589069,52603520,52609312,52615350,52617261,52627272,52628893,52634601,52641953,52643247,52644703,52648343,52651741,52658198,52662132,52668497,52678499,52679573,52685748,","52548235,52550637,52550817,52554879,52558413,52561968,52563493,52564233,52576698,52579199,52586688,52587510,52589255,52603732,52609955,52615456,52617538,52627370,52629035,52634815,52642045,52643343,52644789,52648442,52651810,52658342,52662276,52668645,52678597,52679726,52685913,",0,PBRM1
NM_001405610.1,chr3,-,52561390,52685913,26,"52561390,52563282,52564049,52576540,52579053,52586424,52587352,52589069,52603520,52609312,52615350,52617261,52627272,52628893,52634601,52641953,52643247,52644703,52648343,52651741,52658198,52662132,52668497,52678499,52679573,52685748,","52561968,52563493,52564233,52576698,52579199,52586688,52587510,52589255,52603732,52609955,52615456,52617538,52627370,52629035,52634815,52642045,52643343,52644789,52648442,52651810,52658315,52662276,52668645,52678597,52679726,52685913,",0,PBRM1
NM_001405609.1,chr3,-,52550290,52685913,30,"52550290,52550746,52554723,52561766,52563282,52564049,52576540,52579053,52586424,52587352,52589069,52603520,52609312,52615350,52617261,52627272,52628893,52634601,52641953,52643247,52644703,52648343,52651741,52658198,52662132,52668497,52678499,52679573,52682091,52685748,","52550637,52550817,52554879,52561968,52563493,52564233,52576698,52579199,52586688,52587510,52589255,52603732,52609955,52615456,52617538,52627370,52629035,52634815,52642045,52643343,52644789,52648442,52651810,52658315,52662276,52668645,52678597,52679723,52682233,52685913,",0,PBRM1
NM_001405599.1,chr3,-,52545366,52685913,29,"52545366,52550420,52550746,52554723,52561766,52563282,52564049,52576540,52579053,52586424,52587352,52589069,52603520,52609312,52615350,52617261,52627272,52628893,52634601,52641953,52644703,52648343,52651741,52658198,52662132,52668497,52678499,52679573,52685748,","52548235,52550637,52550817,52554879,52561968,52563493,52564233,52576698,52579199,52586688,52587510,52589255,52603732,52609955,52615456,52617538,52627370,52629035,52634815,52642045,52644789,52648442,52651810,52658315,52662276,52668645,52678597,52679726,52685913,",0,PBRM1
NM_001405611.1,chr3,-,52561390,52685913,26,"52561390,52563282,52564049,52576540,52579053,52586424,52587352,52589069,52603520,52609312,52615350,52617261,52627272,52628893,52634601,52641953,52643247,52644703,52648343,52651741,52658198,52662132,52668497,52678499,52679573,52685748,","52561968,52563493,52564233,52576698,52579199,52586688,52587435,52589252,52603732,52609955,52615456,52617538,52627370,52629035,52634815,52642045,52643343,52644789,52648442,52651810,52658315,52662276,52668645,52678597,52679726,52685913,",0,PBRM1
NM_001405612.1,chr3,-,52585180,52685913,22,"52585180,52587352,52589069,52603520,52609312,52615350,52617261,52627272,52628893,52634601,52641953,52643247,52644703,52648343,52651741,52658198,52662132,52668497,52678499,52679573,52682091,52685748,","52586688,52587510,52589255,52603732,52609955,52615456,52617538,52627370,52629035,52634815,52642045,52643343,52644789,52648442,52651810,52658315,52662276,52668645,52678597,52679726,52682233,52685913,",0,PBRM1
NM_001405613.1,chr3,-,52641490,52685913,10,"52641490,52644703,52648343,52651741,52658198,52662132,52668497,52678499,52679573,52685748,","52642045,52644789,52648442,52651810,52658315,52662276,52668645,52678597,52679726,52685913,",0,PBRM1
NM_001405614.1,chr3,-,52641490,52685913,11,"52641490,52643247,52644703,52648343,52651741,52658198,52662132,52668497,52678499,52679573,52685748,","52642045,52643343,52644789,52648442,52651810,52658315,52662276,52668645,52678597,52679726,52685913,",0,PBRM1
NM_001405615.1,chr3,-,52641490,52685913,11,"52641490,52643247,52644703,52648343,52651741,52658198,52662132,52668497,52678499,52679573,52685748,","52642045,52643343,52644789,52648442,52651810,52658315,52662276,52668645,52678597,52679723,52685913,",0,PBRM1
NM_001405616.1,chr3,-,52641490,52685913,12,"52641490,52643247,52644703,52648343,52651741,52658198,52662132,52668497,52678499,52679573,52682091,52685748,","52642045,52643343,52644789,52648442,52651810,52658315,52662276,52668645,52678597,52679723,52682233,52685913,",0,PBRM1
NM_001405617.1,chr3,-,52646263,52685913,9,"52646263,52648343,52651741,52658198,52662132,52668497,52678499,52679573,52685748,","52647410,52648442,52651810,52658315,52662276,52668645,52678597,52679726,52685913,",0,PBRM1
NM_001405618.1,chr3,-,52646263,52685913,11,"52646263,52648343,52651741,52658198,52662132,52668497,52678499,52679573,52682091,52684855,52685748,","52647410,52648442,52651810,52658315,52662276,52668645,52678597,52679723,52682233,52684914,52685913,",0,PBRM1
NM_001405620.1,chr3,-,52646263,52685913,11,"52646263,52648343,52651741,52658198,52662132,52668497,52678499,52679573,52682091,52684855,52685748,","52647410,52648442,52651810,52658315,52662276,52668645,52678597,52679726,52682233,52684914,52685913,",0,PBRM1
NM_001405619.1,chr3,-,52646263,52685913,10,"52646263,52648343,52651741,52658198,52662132,52668497,52678499,52679573,52681694,52685748,","52647410,52648442,52651810,52658315,52662276,52668645,52678597,52679726,52681820,52685913,",0,PBRM1
NM_001405621.1,chr3,-,52646263,52685913,12,"52646263,52648343,52651741,52658198,52662132,52668497,52678499,52679573,52681694,52682091,52684855,52685748,","52647410,52648442,52651810,52658315,52662276,52668645,52678597,52679726,52681820,52682233,52684914,52685913,",0,PBRM1
NM_001405622.1,chr3,-,52545366,52685599,32,"52545366,52550420,52550746,52554723,52561766,52563282,52564049,52576540,52579053,52586424,52587352,52589069,52603520,52609312,52615350,52617261,52627272,52628893,52634601,52641953,52643247,52644703,52648343,52651741,52658198,52662132,52668497,52678499,52679573,52681694,52682091,52685435,","52548235,52550637,52550817,52554879,52561968,52563493,52564233,52576698,52579199,52586688,52587510,52589255,52603732,52609955,52615456,52617538,52627370,52629035,52634815,52642045,52643343,52644789,52648442,52651810,52658315,52662276,52668645,52678597,52679726,52681820,52682233,52685599,",0,PBRM1
NM_001405623.1,chr3,-,52545366,52685599,32,"52545366,52550420,52550746,52554723,52561766,52563282,52564049,52576540,52579053,52586424,52587352,52589069,52603520,52609312,52615350,52617261,52627272,52628893,52634601,52641953,52643247,52644703,52648343,52651741,52658198,52662132,52668497,52678499,52679573,52682091,52684855,52685435,","52548235,52550637,52550817,52554879,52561968,52563493,52564233,52576698,52579199,52586688,52587510,52589255,52603732,52609955,52615456,52617538,52627370,52629035,52634815,52642045,52643343,52644789,52648442,52651810,52658315,52662276,52668645,52678597,52679726,52682143,52684914,52685599,",0,PBRM1
NM_001405624.1,chr3,-,52545366,52685599,29,"52545366,52550420,52550746,52561766,52563282,52564049,52576540,52579053,52586424,52587352,52589069,52603520,52609312,52615350,52617261,52627272,52628893,52634601,52641953,52643247,52644703,52648343,52651741,52658198,52662132,52668497,52678499,52679573,52685435,","52548235,52550637,52550817,52561968,52563493,52564233,52576698,52579199,52586688,52587510,52589252,52603732,52609955,52615456,52617538,52627370,52629035,52634815,52642045,52643343,52644789,52648442,52651810,52658315,52662276,52668645,52678597,52679726,52685599,",0,PBRM1
NM_001405625.1,chr3,-,52545366,52685599,30,"52545366,52550420,52550746,52554723,52558248,52561766,52563282,52564049,52576540,52579053,52586424,52587352,52589069,52603520,52609312,52615350,52617261,52627272,52628893,52634601,52643247,52644703,52648343,52651741,52658198,52662132,52668497,52678499,52679573,52685435,","52548235,52550637,52550817,52554879,52558413,52561968,52563493,52564233,52576698,52579199,52586688,52587510,52589252,52603732,52609955,52615456,52617482,52627370,52629035,52634815,52643343,52644789,52648442,52651810,52658315,52662276,52668645,52678597,52679726,52685599,",0,PBRM1
NM_001405626.1,chr3,-,52545366,52685599,31,"52545366,52550420,52550746,52561766,52563282,52564049,52576540,52579053,52586424,52587352,52589069,52603520,52609312,52615350,52617261,52627272,52628893,52634601,52641953,52643247,52644703,52648343,52651741,52658198,52662132,52668497,52678499,52679573,52682091,52684855,52685435,","52548235,52550637,52550817,52561968,52563493,52564233,52576698,52579199,52586688,52587510,52589255,52603732,52609955,52615456,52617538,52627370,52629035,52634815,52642045,52643343,52644789,52648442,52651810,52658315,52662276,52668645,52678597,52679726,52682233,52684914,52685599,",0,PBRM1
NM_001405627.1,chr3,-,52545366,52685599,29,"52545366,52550420,52550746,52561766,52563282,52564049,52576540,52579053,52586424,52587352,52589069,52603520,52609312,52615350,52617261,52627272,52628893,52634601,52641953,52643247,52644703,52648343,52651741,52658198,52662132,52668497,52678499,52679573,52685435,","52548235,52550637,52550817,52561968,52563493,52564233,52576698,52579199,52586688,52587510,52589255,52603732,52609955,52615456,52617538,52627370,52629035,52634815,52642045,52643343,52644789,52648442,52651810,52658315,52662276,52668645,52678597,52679726,52685599,",0,PBRM1
NM_001405628.1,chr3,-,52545366,52685599,30,"52545366,52550420,52550746,52554723,52561766,52563282,52564049,52576540,52579053,52586424,52587352,52589069,52603520,52609312,52615350,52617261,52627272,52628893,52634601,52641953,52643247,52644703,52648343,52651741,52658198,52662132,52668497,52678499,52679573,52685435,","52548235,52550637,52550817,52554879,52561968,52563493,52564233,52576698,52579199,52586688,52587510,52589255,52603732,52609955,52615456,52617538,52627370,52629035,52634815,52642045,52643343,52644789,52648442,52651810,52658315,52662276,52668645,52678597,52679726,52685599,",0,PBRM1
NM_001405630.1,chr3,-,52545366,52685599,31,"52545366,52550420,52550746,52554723,52561766,52563282,52564049,52576540,52579053,52586424,52587352,52589069,52603520,52609312,52615350,52617261,52627272,52628893,52634601,52641953,52643247,52644703,52648343,52651741,52658198,52662132,52668497,52678499,52679573,52682091,52685435,","52548235,52550637,52550817,52554879,52561968,52563493,52564233,52576698,52579199,52586688,52587510,52589255,52603732,52609955,52615456,52617538,52627370,52629035,52634815,52642045,52643343,52644789,52648442,52651810,52658315,52662276,52668645,52678597,52679726,52682233,52685599,",0,PBRM1
NM_001405629.1,chr3,-,52545366,52685599,31,"52545366,52550420,52550746,52554723,52558248,52561766,52563282,52564049,52576540,52579053,52586424,52587352,52589069,52603520,52609312,52615350,52617261,52627272,52628893,52634601,52641953,52643247,52644703,52648343,52651741,52658198,52662132,52668497,52678499,52679573,52685435,","52548235,52550637,52550817,52554879,52558413,52561968,52563493,52564233,52576698,52579199,52586688,52587510,52589252,52603732,52609955,52615456,52617538,52627370,52629035,52634815,52642045,52643343,52644789,52648442,52651810,52658315,52662276,52668645,52678597,52679723,52685599,",0,PBRM1
NM_001405631.1,chr3,-,52545366,52685599,30,"52545366,52550420,52550746,52554723,52561766,52563282,52564049,52576540,52579053,52586424,52587352,52589069,52603520,52609312,52615350,52617261,52627272,52628893,52634601,52641953,52643247,52644703,52648343,52651741,52658198,52662132,52668497,52678499,52679573,52685435,","52548235,52550637,52550817,52554879,52561968,52563493,52564233,52576698,52579199,52586688,52587510,52589255,52603732,52609955,52615456,52617538,52627370,52629035,52634815,52642045,52643343,52644789,52648442,52651810,52658315,52662276,52668645,52678597,52679723,52685599,",0,PBRM1
NM_001405632.1,chr3,-,52545366,52685599,31,"52545366,52550420,52550746,52554723,52561766,52563282,52564049,52576540,52579053,52586424,52587352,52589069,52603520,52609312,52615350,52617261,52627272,52628893,52634601,52641953,52643247,52644703,52648343,52651741,52658198,52662132,52668497,52678499,52679573,52682091,52685435,","52548235,52550637,52550817,52554879,52561968,52563493,52564233,52576698,52579199,52586688,52587510,52589252,52603732,52609955,52615456,52617538,52627370,52629035,52634815,52642045,52643343,52644789,52648442,52651810,52658315,52662276,52668645,52678597,52679723,52682233,52685599,",0,PBRM1
NM_001405633.1,chr3,-,52545366,52685599,30,"52545366,52550420,52550746,52554723,52561766,52563282,52564049,52576540,52579053,52586424,52587352,52589069,52603520,52609312,52615350,52617261,52627272,52628893,52634601,52641953,52643247,52644703,52648343,52651741,52658198,52662132,52668497,52678499,52679573,52685435,","52548235,52550637,52550817,52554879,52561968,52563493,52564233,52576698,52579199,52586688,52587435,52589255,52603732,52609955,52615456,52617538,52627370,52629035,52634815,52642045,52643343,52644789,52648442,52651810,52658315,52662276,52668645,52678597,52679726,52685599,",0,PBRM1
NM_001405634.1,chr3,-,52545366,52685599,30,"52545366,52550420,52550746,52561766,52563282,52564049,52576540,52579053,52586424,52587352,52589069,52603520,52609312,52615350,52617261,52627272,52628893,52634601,52641953,52643247,52644703,52648343,52651741,52658198,52662132,52668497,52678499,52679573,52682091,52685435,","52548235,52550637,52550817,52561968,52563493,52564233,52576698,52579199,52586688,52587435,52589255,52603732,52609955,52615456,52617538,52627370,52629035,52634815,52642045,52643343,52644789,52648442,52651810,52658315,52662276,52668645,52678597,52679726,52682233,52685599,",0,PBRM1
NM_001405635.1,chr3,-,52545366,52685599,31,"52545366,52550420,52550746,52554723,52561766,52563282,52564049,52576540,52579053,52586424,52587352,52589069,52603520,52609312,52615350,52617261,52627272,52628893,52634601,52641953,52643247,52644703,52648343,52651741,52658198,52662132,52668497,52678499,52679573,52682091,52685435,","52548235,52550637,52550817,52554879,52561968,52563493,52564233,52576698,52579199,52586688,52587435,52589255,52603732,52609955,52615456,52617538,52627370,52629035,52634815,52642045,52643343,52644789,52648442,52651810,52658315,52662276,52668645,52678597,52679726,52682233,52685599,",0,PBRM1
NM_001405636.1,chr3,-,52545366,52685599,29,"52545366,52550420,52550746,52561766,52563282,52564049,52576540,52579053,52586424,52587352,52589069,52603520,52609312,52615350,52617261,52627272,52628893,52634601,52641953,52643247,52644703,52648343,52651741,52658198,52662132,52668497,52678499,52679573,52685435,","52548235,52550637,52550817,52561968,52563493,52564233,52576698,52579199,52586688,52587510,52589255,52603732,52609955,52615456,52617538,52627370,52629035,52634815,52642045,52643343,52644789,52648442,52651810,52658342,52662276,52668645,52678597,52679726,52685599,",0,PBRM1
NM_001405637.1,chr3,-,52545366,52685599,32,"52545366,52550420,52550746,52554723,52561766,52563282,52564049,52576540,52579053,52586424,52587352,52589069,52603520,52609312,52615350,52617261,52627272,52628893,52634601,52641953,52643247,52644703,52648343,52651741,52658198,52662132,52668497,52678499,52679573,52680859,52682091,52685435,","52548235,52550637,52550817,52554879,52561968,52563493,52564233,52576698,52579199,52586688,52587510,52589255,52603732,52609955,52615456,52617538,52627370,52629035,52634815,52642045,52643343,52644789,52648442,52651810,52658315,52662276,52668645,52678597,52679726,52680926,52682233,52685599,",0,PBRM1
NM_001405638.1,chr3,-,52545366,52685599,30,"52545366,52550420,52550746,52554723,52561766,52563282,52564049,52576540,52579053,52586424,52587352,52589069,52603520,52609312,52615350,52617261,52627272,52628893,52634601,52641953,52644703,52648343,52651741,52658198,52662132,52668497,52678499,52679573,52682091,52685435,","52548235,52550637,52550817,52554879,52561968,52563493,52564233,52576698,52579199,52586688,52587510,52589255,52603732,52609955,52615456,52617538,52627370,52629035,52634815,52642045,52644789,52648442,52651810,52658315,52662276,52668645,52678597,52679726,52682233,52685599,",0,PBRM1
NM_001405640.1,chr3,-,52545366,52685599,31,"52545366,52550420,52550746,52561766,52563282,52564049,52576540,52579053,52586424,52587352,52589069,52603520,52609312,52615350,52617261,52627272,52628893,52634601,52641953,52643247,52644703,52648343,52651741,52658198,52662132,52668497,52678499,52679573,52682091,52684855,52685435,","52548235,52550637,52550817,52561968,52563493,52564233,52576698,52579199,52586688,52587510,52589255,52603732,52609955,52615456,52617538,52627370,52629035,52634815,52642045,52643343,52644789,52648442,52651810,52658315,52662276,52668645,52678597,52679723,52682233,52684914,52685599,",0,PBRM1
NM_001405639.1,chr3,-,52545366,52685599,31,"52545366,52550420,52550746,52554723,52558248,52561766,52563282,52564049,52576540,52579053,52586424,52587352,52589069,52603520,52609312,52615350,52617261,52627272,52628893,52634601,52641953,52643247,52644703,52648343,52651741,52658198,52662132,52668497,52678499,52679573,52685435,","52548235,52550637,52550817,52554879,52558413,52561968,52563493,52564233,52576698,52579199,52586688,52587435,52589255,52603732,52609955,52615456,52617538,52627370,52629035,52634815,52642045,52643343,52644789,52648442,52651810,52658315,52662276,52668645,52678597,52679726,52685599,",0,PBRM1
NM_001405641.1,chr3,-,52545366,52685599,31,"52545366,52550420,52550746,52558248,52561766,52563282,52564049,52576540,52579053,52586424,52587352,52589069,52603520,52609312,52615350,52617261,52627272,52628893,52634601,52641953,52643247,52644703,52648343,52651741,52658198,52662132,52668497,52678499,52679573,52682091,52685435,","52548235,52550637,52550817,52558413,52561968,52563493,52564233,52576698,52579199,52586688,52587510,52589255,52603732,52609955,52615456,52617538,52627370,52629035,52634815,52642045,52643343,52644789,52648442,52651810,52658315,52662276,52668645,52678597,52679726,52682233,52685599,",0,PBRM1
NM_001405642.1,chr3,-,52545366,52685599,28,"52545366,52550420,52550746,52561766,52563282,52564049,52576540,52579053,52586424,52587352,52589069,52603520,52609312,52615350,52617261,52627272,52628893,52634601,52641953,52643247,52644703,52651741,52658198,52662132,52668497,52678499,52679573,52685435,","52548235,52550637,52550817,52561968,52563493,52564233,52576698,52579199,52586688,52587510,52589255,52603732,52609955,52615456,52617538,52627370,52629035,52634815,52642045,52643343,52644789,52651810,52658315,52662276,52668645,52678597,52679726,52685599,",0,PBRM1
NM_001405643.1,chr3,-,52545366,52685599,30,"52545366,52550420,52550746,52558248,52561766,52563282,52564049,52576540,52579053,52586424,52587352,52589069,52603520,52609312,52615350,52617261,52627272,52628893,52634601,52641953,52643247,52644703,52648343,52651741,52658198,52662132,52668497,52678499,52679573,52685435,","52548235,52550637,52550817,52558413,52561968,52563493,52564233,52576698,52579199,52586688,52587510,52589255,52603732,52609955,52615456,52617538,52627370,52629035,52634815,52642045,52643343,52644789,52648442,52651810,52658315,52662276,52668645,52678597,52679726,52685599,",0,PBRM1
NM_001366070.2,chr3,-,52545366,52685913,31,"52545366,52550420,52550746,52561766,52563282,52564049,52576540,52579053,52586424,52587352,52589069,52603520,52609312,52615350,52617261,52624896,52627272,52628893,52634601,52641953,52643247,52644703,52648343,52651741,52658198,52662132,52668497,52678499,52679573,52681694,52685748,","52548235,52550637,52550817,52561968,52563493,52564233,52576698,52579199,52586688,52587510,52589255,52603732,52609955,52615456,52617538,52624941,52627370,52629035,52634815,52642045,52643343,52644789,52648442,52651810,52658315,52662276,52668645,52678597,52679726,52681820,52685913,",0,PBRM1
NM_001366071.2,chr3,-,52545366,52685913,31,"52545366,52550420,52550746,52558248,52561766,52563282,52564049,52576540,52579053,52586424,52587352,52589069,52603520,52609312,52615350,52617261,52627272,52628893,52634601,52641953,52643247,52644703,52648343,52651741,52658198,52662132,52668497,52678499,52679573,52681694,52685748,","52548235,52550637,52550817,52558413,52561968,52563493,52564233,52576698,52579199,52586688,52587510,52589255,52603732,52609955,52615456,52617538,52627370,52629035,52634815,52642045,52643343,52644789,52648442,52651810,52658315,52662276,52668645,52678597,52679726,52681820,52685913,",0,PBRM1
NM_001366072.2,chr3,-,52545366,52685913,30,"52545366,52550420,52550746,52561766,52563282,52564049,52576540,52579053,52586424,52587352,52589069,52603520,52609312,52615350,52617261,52627272,52628893,52634601,52641953,52643247,52644703,52648343,52651741,52658198,52662132,52668497,52678499,52679573,52681694,52685748,","52548235,52550637,52550817,52561968,52563493,52564233,52576698,52579199,52586688,52587510,52589255,52603732,52609955,52615456,52617538,52627370,52629035,52634815,52642045,52643343,52644789,52648442,52651810,52658315,52662276,52668645,52678597,52679726,52681820,52685913,",0,PBRM1
NM_001366073.2,chr3,-,52545366,52685913,30,"52545366,52550420,52550746,52561766,52563282,52564049,52576540,52579053,52586424,52587352,52589069,52603520,52609312,52615350,52617261,52627272,52628893,52634601,52641953,52643247,52644703,52648343,52651741,52658198,52662132,52668497,52678499,52679573,52681703,52685748,","52548235,52550637,52550817,52561968,52563493,52564233,52576698,52579199,52586688,52587510,52589255,52603732,52609955,52615456,52617538,52627370,52629035,52634815,52642045,52643343,52644789,52648442,52651810,52658315,52662276,52668645,52678597,52679726,52681820,52685913,",0,PBRM1
NM_001366074.2,chr3,-,52545366,52685913,31,"52545366,52550420,52550746,52561766,52563282,52564049,52576540,52579053,52586424,52587352,52589069,52603520,52609312,52615350,52617261,52627272,52628893,52634601,52641953,52643247,52644703,52648343,52651741,52658198,52662132,52668497,52678499,52679573,52681703,52682091,52685748,","52548235,52550637,52550817,52561968,52563493,52564233,52576698,52579199,52586688,52587510,52589255,52603732,52609955,52615456,52617538,52627370,52629035,52634815,52642045,52643343,52644789,52648442,52651810,52658315,52662276,52668645,52678597,52679723,52681820,52682233,52685913,",0,PBRM1
NM_001366075.2,chr3,-,52545366,52685913,31,"52545366,52550420,52550746,52561766,52563282,52564049,52576540,52579053,52586424,52587352,52589069,52603520,52609312,52615350,52617261,52624896,52627272,52628893,52634601,52641953,52643247,52644703,52648343,52651741,52658198,52662132,52668497,52678499,52679573,52681694,52685748,","52548235,52550637,52550817,52561968,52563493,52564233,52576698,52579199,52586688,52587435,52589255,52603732,52609955,52615456,52617538,52624941,52627370,52629035,52634815,52642045,52643343,52644789,52648442,52651810,52658315,52662276,52668645,52678597,52679726,52681820,52685913,",0,PBRM1
NM_001366076.2,chr3,-,52545366,52685913,30,"52545366,52550420,52550746,52561766,52563282,52564049,52576540,52579053,52586424,52587352,52589069,52603520,52609312,52615350,52617261,52624896,52627272,52628893,52634601,52641953,52644703,52648343,52651741,52658198,52662132,52668497,52678499,52679573,52681703,52685748,","52548235,52550637,52550817,52561968,52563493,52564233,52576698,52579199,52586688,52587510,52589255,52603732,52609955,52615456,52617538,52624941,52627370,52629035,52634815,52642045,52644789,52648442,52651810,52658315,52662276,52668645,52678597,52679726,52681820,52685913,",0,PBRM1
NM_001395656.1,chr3,+,77040098,77649964,28,"77040098,77098013,77477413,77481098,77493243,77522774,77527402,77546337,77550817,77557943,77562650,77563166,77564953,77568312,77574498,77577489,77579946,77588750,77595141,77596622,77602209,77607797,77617512,77622226,77634869,77642670,77644703,77646053,","77040846,77098340,77477571,77481219,77493382,77522902,77527414,77546462,77550989,77558149,77562732,77563329,77565120,77568434,77574730,77577614,77580118,77588933,77595184,77596750,77602491,77607954,77617773,77622432,77635043,77642943,77644904,77649964,",0,ROBO2
NM_001395657.1,chr3,+,76310879,77649964,27,"76310879,77098013,77477413,77481098,77493243,77522774,77546337,77550817,77557943,77562650,77563166,77564953,77568312,77574498,77577489,77579946,77588750,77595141,77596622,77602209,77602934,77607797,77617512,77622226,77634869,77644703,77646053,","76311417,77098340,77477571,77481219,77493382,77522902,77546462,77550989,77558149,77562732,77563329,77565120,77568434,77574730,77577614,77580118,77588933,77595184,77596750,77602491,77603060,77607954,77617773,77622432,77635043,77644895,77649964,",0,ROBO2
NM_199420.4,chr3,-,121431430,121545988,30,"121431430,121432917,121436121,121439991,121449314,121460049,121467518,121468304,121471989,121473349,121476539,121481571,121483385,121485040,121487301,121493477,121496807,121498476,121509560,121510038,121511886,121519870,121522002,121529644,121532989,121537099,121539432,121541348,121544726,121545714,","121432417,121433033,121436275,121440116,121449426,121460234,121467640,121468431,121472164,121473487,121476733,121481812,121483582,121485184,121490408,121493721,121496932,121498670,121509703,121510243,121512029,121520083,121522149,121529792,121533209,121537208,121539589,121541479,121544906,121545988,",0,POLQ
NM_001128929.3,chr3,+,75906674,77649964,27,"75906674,75937480,77098013,77477413,77481098,77493243,77522774,77546337,77550817,77557943,77562650,77563166,77564953,77568312,77574498,77577489,77579946,77588750,77595141,77596622,77602209,77607797,77617512,77622226,77634869,77644703,77646053,","75906960,75937602,77098340,77477571,77481219,77493382,77522902,77546462,77550989,77558149,77562732,77563329,77565120,77568434,77574730,77577614,77580118,77588933,77595184,77596750,77602491,77607954,77617773,77622432,77635043,77644904,77649964,",0,ROBO2
XM_011533900.4,chr3,-,52545366,52685599,35,"52545366,52550420,52550746,52554723,52558248,52561766,52563282,52564049,52576540,52579053,52586424,52587352,52589069,52603520,52609312,52615350,52617261,52624896,52627272,52628893,52634601,52641953,52643247,52644703,52648343,52651741,52658198,52662132,52668497,52678499,52679573,52681694,52682091,52684855,52685435,","52548235,52550637,52550817,52554879,52558413,52561968,52563493,52564233,52576698,52579199,52586688,52587510,52589255,52603732,52609955,52615456,52617538,52624941,52627370,52629035,52634815,52642045,52643343,52644789,52648442,52651810,52658315,52662276,52668645,52678597,52679726,52681820,52682233,52684914,52685599,",0,PBRM1
XM_011533902.4,chr3,-,52545366,52685913,34,"52545366,52550420,52550746,52554723,52558248,52561766,52563282,52564049,52576540,52579053,52586424,52587352,52589069,52603520,52609312,52615350,52617261,52624896,52627272,52628893,52634601,52641953,52643247,52644703,52648343,52651741,52658198,52662132,52668497,52678499,52679573,52681694,52682091,52685748,","52548235,52550637,52550817,52554879,52558413,52561968,52563493,52564233,52576698,52579199,52586688,52587510,52589255,52603732,52609955,52615456,52617538,52624941,52627370,52629035,52634815,52642045,52643343,52644789,52648442,52651810,52658315,52662276,52668645,52678597,52679726,52681820,52682233,52685913,",0,PBRM1
XM_011533903.4,chr3,-,52545366,52685599,34,"52545366,52550420,52550746,52554723,52558248,52561766,52563282,52564049,52576540,52579053,52586424,52587352,52589069,52603520,52609312,52615350,52617261,52624896,52627272,52628893,52634601,52641953,52643247,52644703,52648343,52651741,52658198,52662132,52668497,52678499,52679573,52681694,52682091,52685435,","52548235,52550637,52550817,52554879,52558413,52561968,52563493,52564233,52576698,52579199,52586688,52587510,52589255,52603732,52609955,52615456,52617538,52624941,52627370,52629035,52634815,52642045,52643343,52644789,52648442,52651810,52658315,52662276,52668645,52678597,52679726,52681820,52682233,52685599,",0,PBRM1
NM_002942.5,chr3,+,77040098,77649964,26,"77040098,77098013,77477413,77481098,77493243,77522774,77546337,77550817,77557943,77562650,77563166,77564953,77568312,77574498,77577489,77579946,77588750,77595141,77596622,77602209,77607797,77617512,77622226,77634869,77644703,77646053,","77040846,77098340,77477571,77481219,77493382,77522902,77546462,77550989,77558149,77562732,77563329,77565120,77568434,77574730,77577614,77580118,77588933,77595184,77596750,77602491,77607954,77617773,77622432,77635043,77644904,77649964,",0,ROBO2
XM_011533981.3,chr3,+,76310879,77649964,30,"76310879,77098013,77477413,77481098,77493243,77522774,77527402,77546337,77550817,77557943,77562650,77563166,77564953,77568312,77574498,77577489,77579946,77588750,77595141,77596622,77602209,77602934,77607797,77617512,77622226,77632473,77634869,77642670,77644703,77646053,","76311417,77098340,77477571,77481219,77493382,77522902,77527414,77546462,77550989,77558149,77562732,77563329,77565120,77568434,77574730,77577614,77580118,77588933,77595184,77596750,77602491,77603060,77607954,77617773,77622432,77632656,77635043,77642943,77644895,77649964,",0,ROBO2
XM_011533982.2,chr3,+,76310879,77649964,29,"76310879,77098013,77477413,77481098,77493243,77522774,77527402,77546337,77550817,77557943,77562650,77563166,77564953,77568312,77574498,77577489,77579946,77588750,77595141,77596622,77602209,77607797,77617512,77622226,77632473,77634869,77642670,77644703,77646053,","76311417,77098340,77477571,77481219,77493382,77522902,77527414,77546462,77550989,77558149,77562732,77563329,77565120,77568434,77574730,77577614,77580118,77588933,77595184,77596750,77602491,77607954,77617773,77622432,77632656,77635043,77642943,77644904,77649964,",0,ROBO2
XM_011533983.2,chr3,+,76310879,77649964,29,"76310879,77098013,77477413,77481098,77493243,77522774,77527402,77546337,77550817,77557943,77562650,77563166,77564953,77568312,77574498,77577489,77579946,77588750,77595141,77596622,77602209,77602934,77607797,77617512,77622226,77634869,77642670,77644703,77646053,","76311417,77098340,77477571,77481219,77493382,77522902,77527414,77546462,77550989,77558149,77562732,77563329,77565120,77568434,77574730,77577614,77580118,77588933,77595184,77596750,77602491,77603060,77607954,77617773,77622432,77635043,77642943,77644904,77649964,",0,ROBO2
NM_181042.5,chr3,-,52545366,52685913,30,"52545366,52550420,52550746,52561766,52563282,52564049,52576540,52579053,52586424,52587352,52589069,52603520,52609312,52615350,52617261,52627272,52628893,52634601,52641953,52643247,52644703,52648343,52651741,52658198,52662132,52668497,52678499,52679573,52682091,52685748,","52548235,52550637,52550817,52561968,52563493,52564233,52576698,52579199,52586688,52587510,52589255,52603732,52609955,52615456,52617538,52627370,52629035,52634815,52642045,52643343,52644789,52648442,52651810,52658315,52662276,52668645,52678597,52679723,52682233,52685913,",0,PBRM1
NM_003106.4,chr3,+,181711924,181714436,1,"181711924,","181714436,",0,SOX2
NM_003242.6,chr3,+,30606600,30694142,7,"30606600,30644746,30650269,30671637,30674104,30688383,30691419,","30606977,30644915,30650460,30672437,30674246,30688511,30694142,",0,TGFBR2
NM_033084.6,chr3,+,10026436,10099343,43,"10026436,10028624,10032831,10034468,10034694,10035172,10036286,10039278,10039720,10041622,10042558,10043049,10043483,10043828,10046579,10047916,10049373,10052386,10060293,10062150,10063791,10064355,10064728,10065393,10065863,10067208,10072870,10073252,10074529,10078080,10081099,10081345,10085811,10087133,10088448,10088827,10090291,10092180,10093284,10094288,10095199,10096325,10098719,","10026473,10028721,10032972,10034536,10034798,10035233,10036339,10039357,10039845,10041710,10042663,10043150,10043592,10043864,10046723,10048051,10049505,10052497,10060403,10062211,10063911,10064429,10064875,10065494,10065979,10067317,10072981,10073362,10074673,10078197,10081228,10081464,10085922,10087264,10088542,10088950,10090385,10092252,10093323,10094363,10095274,10096472,10099343,",0,FANCD2
NM_001258271.2,chr3,+,36993517,37050846,17,"36993517,36996618,37000954,37004400,37006990,37008813,37011819,37012010,37014431,37017505,37020309,37025636,37028783,37040185,37042267,37047518,37050485,","36993663,36996709,37001053,37004474,37007063,37008905,37011862,37012099,37014544,37017599,37020463,37026007,37028932,37040294,37042331,37047683,37050846,",0,MLH1
NM_001258273.2,chr3,+,36993517,37050846,18,"36993517,37000954,37004400,37006990,37008813,37011819,37012010,37014431,37017505,37020309,37025636,37028783,37040185,37042267,37047518,37048516,37048903,37050485,","36993663,37001053,37004474,37007063,37008905,37011862,37012099,37014544,37017599,37020463,37026007,37028932,37040294,37042331,37047683,37048609,37049017,37050846,",0,MLH1
NM_001258274.3,chr3,+,36993517,37050846,20,"36993517,36996618,36997155,37000954,37004400,37006990,37008813,37011819,37012010,37014431,37017505,37020309,37025636,37028783,37040185,37042267,37047518,37048516,37048903,37050485,","36993890,36996709,36997300,37001053,37004474,37007063,37008905,37011862,37012099,37014544,37017599,37020463,37026007,37028932,37040294,37042331,37047683,37048609,37049017,37050846,",0,MLH1
XM_024453356.2,chr3,+,41199721,41240443,16,"41199721,41222333,41224020,41224525,41224953,41225333,41225659,41227207,41233340,41233528,41234138,41235723,41236348,41236587,41238015,41239133,","41199807,41222345,41224081,41224753,41225207,41225572,41225861,41227352,41233444,41233867,41234297,41235843,41236499,41236709,41238076,41240443,",0,CTNNB1
NM_018313.5,chr3,-,52545366,52685913,30,"52545366,52550420,52550746,52554723,52561766,52563363,52564049,52576540,52579053,52586424,52587352,52589069,52603520,52609312,52615350,52617261,52627272,52628893,52634601,52641953,52643247,52644703,52648343,52651741,52658198,52662132,52668497,52678499,52679573,52685748,","52548235,52550637,52550817,52554879,52561968,52563493,52564233,52576698,52579199,52586688,52587435,52589255,52603732,52609955,52615456,52617538,52627370,52629035,52634815,52642045,52643343,52644789,52648442,52651810,52658315,52662276,52668645,52678597,52679723,52685913,",0,PBRM1
NM_001407126.1,chr3,+,30606600,30694142,9,"30606600,30623198,30644746,30650269,30661531,30671637,30674104,30688383,30691419,","30606977,30623273,30644915,30650460,30661639,30672437,30674246,30688511,30694142,",0,TGFBR2
NM_001407127.1,chr3,+,30606600,30694142,8,"30606600,30644746,30650269,30661531,30671637,30674104,30688383,30691419,","30606977,30644915,30650460,30661639,30672437,30674246,30688511,30694142,",0,TGFBR2
NM_001407128.1,chr3,+,30614135,30694142,8,"30614135,30623198,30644746,30650269,30671637,30674104,30688383,30691419,","30614706,30623273,30644915,30650460,30672437,30674246,30688511,30694142,",0,TGFBR2
NM_001407130.1,chr3,+,30606600,30694142,7,"30606600,30644746,30650269,30671637,30674104,30688386,30691419,","30606977,30644915,30650460,30672437,30674246,30688511,30694142,",0,TGFBR2
NM_001407129.1,chr3,+,30606355,30694142,8,"30606355,30644746,30650269,30661531,30671637,30674104,30688383,30691419,","30606593,30644915,30650460,30661639,30672437,30674246,30688511,30694142,",0,TGFBR2
NM_001407132.1,chr3,+,30606355,30694142,7,"30606355,30644746,30650269,30671637,30674104,30688383,30691419,","30606593,30644915,30650460,30672437,30674246,30688511,30694142,",0,TGFBR2
NM_001407133.1,chr3,+,30606600,30694142,9,"30606600,30623198,30632743,30644746,30650269,30671637,30674104,30688383,30691419,","30606977,30623273,30632846,30644915,30650460,30672437,30674246,30688511,30694142,",0,TGFBR2
NM_001407134.1,chr3,+,30606600,30694142,8,"30606600,30634739,30644746,30650269,30671637,30674104,30688383,30691419,","30606977,30634795,30644915,30650460,30672437,30674246,30688511,30694142,",0,TGFBR2
NM_001407135.1,chr3,+,30606600,30694142,8,"30606600,30632743,30644746,30650269,30671637,30674104,30688383,30691419,","30606977,30632846,30644915,30650460,30672437,30674246,30688511,30694142,",0,TGFBR2
NM_001407136.1,chr3,+,30606600,30694142,9,"30606600,30623198,30627269,30644746,30650269,30671637,30674104,30688383,30691419,","30606977,30623273,30627382,30644915,30650460,30672437,30674246,30688511,30694142,",0,TGFBR2
NM_001407137.1,chr3,+,30606600,30694142,6,"30606600,30623198,30671637,30674104,30688383,30691419,","30606977,30623273,30672437,30674246,30688511,30694142,",0,TGFBR2
NM_001407138.1,chr3,+,30606600,30694142,5,"30606600,30671637,30674104,30688383,30691419,","30606977,30672437,30674246,30688511,30694142,",0,TGFBR2
NM_001407139.1,chr3,+,30606600,30694142,6,"30606600,30623198,30644746,30650269,30688386,30691419,","30606977,30623273,30644915,30650460,30688511,30694142,",0,TGFBR2
NR_174502.1,chr3,-,52545366,52685913,31,"52545366,52550420,52550746,52552209,52554723,52561766,52563282,52564049,52576540,52579053,52586424,52587352,52589069,52603520,52609312,52615350,52617261,52627272,52628893,52634601,52641953,52643247,52644703,52648343,52651741,52658198,52662132,52668497,52678499,52679573,52685748,","52548235,52550637,52550817,52552341,52554879,52561968,52563493,52564233,52576698,52579199,52586688,52587510,52589255,52603732,52609955,52615456,52617538,52627370,52629035,52634815,52642045,52643343,52644789,52648442,52651810,52658315,52662276,52668645,52678597,52679726,52685913,",0,PBRM1
XM_024453619.2,chr3,-,52545366,52685913,34,"52545366,52550420,52550746,52554723,52558248,52561766,52563282,52564049,52576540,52579053,52586424,52587352,52589069,52603520,52609312,52615350,52617261,52624896,52627272,52628893,52634601,52641953,52643247,52644703,52648343,52651741,52658198,52662132,52668497,52678499,52679573,52681703,52682091,52685748,","52548235,52550637,52550817,52554879,52558413,52561968,52563493,52564233,52576698,52579199,52586688,52587510,52589255,52603732,52609955,52615456,52617538,52624941,52627370,52629035,52634815,52642045,52643343,52644789,52648442,52651810,52658315,52662276,52668645,52678597,52679726,52681820,52682233,52685913,",0,PBRM1
XM_017005525.2,chr3,-,136336235,136464824,22,"136336235,136338369,136340490,136341440,136343831,136349157,136357719,136359147,136363365,136366942,136369107,136377659,136398748,136417884,136421092,136422409,136422767,136422951,136433555,136443286,136452032,136464641,","136338277,136338450,136340605,136341551,136344006,136349363,136357848,136359296,136363467,136367082,136369282,136377752,136398829,136417972,136421163,136422613,136422857,136423044,136433659,136443404,136452147,136464824,",0,STAG1
XM_024454102.2,chr4,+,105146875,105279803,12,"105146875,105171814,105190359,105233896,105241338,105242833,105243569,105259618,105261758,105269609,105272563,105275047,","105146979,105171927,105190505,105237351,105241429,105242927,105243778,105259769,105261848,105269747,105272918,105279803,",0,TET2
XM_024454103.2,chr4,+,105145874,105279803,11,"105145874,105190359,105233896,105241338,105242833,105243569,105259618,105261758,105269609,105272563,105275047,","105146086,105190505,105237351,105241429,105242927,105243778,105259769,105261848,105269747,105272918,105279803,",0,TET2
XM_024454123.2,chr4,-,152320543,152536092,15,"152320543,152324183,152326005,152328207,152329671,152330731,152332595,152337801,152346929,152350041,152411302,152412479,152469940,152534940,152535126,","152323149,152324394,152326231,152328389,152329785,152330868,152332719,152337936,152347071,152350124,152411872,152412529,152469988,152535033,152536092,",0,FBXW7
XM_024454126.2,chr4,-,152320543,152535033,11,"152320543,152324183,152326005,152328207,152329671,152330731,152332595,152337801,152346929,152350041,152534940,","152323149,152324394,152326231,152328389,152329785,152330868,152332719,152337936,152347071,152350124,152535033,",0,FBXW7
NM_000142.5,chr4,+,1793292,1808867,18,"1793292,1793832,1799253,1799746,1801366,1801619,1801834,1803691,1804329,1804823,1805354,1805558,1805749,1806050,1806256,1806545,1806828,1807115,","1793465,1794043,1799523,1799812,1801536,1801743,1802025,1803836,1804520,1804969,1805476,1805669,1805940,1806173,1806327,1806683,1806934,1808867,",0,FGFR3
NM_000222.3,chr4,+,54657956,54740715,21,"54657956,54695511,54698283,54699629,54703723,54707097,54709423,54723583,54725856,54727217,54727415,54727822,54728010,54729334,54731327,54731870,54733069,54736497,54736720,54737174,54738428,","54658081,54695781,54698565,54699766,54703892,54707287,54709539,54723698,54726050,54727324,54727542,54727927,54728121,54729485,54731419,54731998,54733192,54736609,54736820,54737280,54740715,",0,KIT
NM_133330.3,chr4,+,1892781,1982192,24,"1892781,1893729,1899220,1900625,1904215,1916870,1918140,1930625,1935143,1938450,1939653,1951071,1952107,1953323,1955160,1955692,1955982,1957932,1959470,1961034,1974862,1975293,1976474,1978637,","1892891,1893909,1899395,1901251,1904378,1917037,1918623,1930770,1935262,1938532,1939778,1951203,1952231,1953524,1955340,1955849,1956188,1958036,1959740,1961151,1975004,1975400,1976679,1982192,",0,NSD2
NM_133331.3,chr4,+,1892781,1982192,23,"1892781,1899220,1900625,1904215,1916870,1918140,1930625,1935143,1938450,1939653,1951071,1952107,1953323,1955160,1955692,1955982,1957932,1959470,1961034,1974862,1975293,1976474,1978637,","1892891,1899395,1901251,1904378,1917037,1918623,1930770,1935262,1938532,1939778,1951203,1952231,1953524,1955340,1955849,1956188,1958036,1959740,1961151,1975004,1975400,1976679,1982192,",0,NSD2
NM_133334.3,chr4,+,1871392,1948819,10,"1871392,1900625,1904215,1916870,1918140,1930625,1935143,1938450,1939653,1942338,","1871542,1901251,1904378,1917037,1918623,1930770,1935262,1938532,1939778,1948819,",0,NSD2
NM_133335.4,chr4,+,1892781,1982192,22,"1892781,1900625,1904215,1916870,1918140,1930625,1935143,1938450,1939653,1951071,1952107,1953323,1955160,1955692,1955982,1957932,1959470,1961034,1974862,1975293,1976474,1978637,","1892891,1901251,1904378,1917037,1918623,1930770,1935262,1938532,1939778,1951203,1952231,1953524,1955340,1955849,1956188,1958036,1959740,1961151,1975004,1975400,1976679,1982192,",0,NSD2
NM_207123.3,chr4,+,143336875,143474565,11,"143336875,143415476,143433490,143437998,143439801,143440078,143457679,143459384,143460363,143466102,143469030,","143337260,143415771,143433716,143438600,143439887,143440382,143457769,143459478,143460487,143466225,143474565,",0,GAB1
NM_024582.6,chr4,+,125314954,125492932,18,"125314954,125316399,125398783,125406879,125408443,125414883,125416447,125434244,125446298,125448460,125463562,125468511,125476170,125477154,125479740,125481520,125487344,125489900,","125315977,125321586,125398915,125407141,125408794,125415806,125416622,125434425,125446543,125452810,125463667,125468819,125476256,125477334,125479865,125481738,125487606,125492932,",0,FAT4
NM_001013415.2,chr4,-,152320543,152382529,11,"152320543,152324183,152326005,152328207,152329671,152330731,152332595,152337801,152346929,152350041,152382188,","152323149,152324394,152326231,152328389,152329785,152330868,152332719,152337936,152347071,152350124,152382529,",0,FBXW7
NM_001437895.1,chr4,+,125314954,125492932,17,"125314954,125398783,125406879,125408443,125414883,125416447,125434244,125446292,125448460,125463562,125468511,125476170,125477154,125479740,125481520,125487344,125489900,","125315977,125398915,125407141,125408794,125415806,125416622,125434425,125446543,125452810,125463667,125468819,125476256,125477334,125479865,125481738,125487606,125492932,",0,FAT4
NM_005245.4,chr4,-,186587793,186723856,27,"186587793,186595688,186596539,186597681,186597971,186599897,186601268,186602902,186603175,186604376,186606069,186609182,186609800,186611385,186613108,186614190,186617004,186617707,186628153,186628487,186633683,186636024,186636584,186639721,186663298,186706562,186723663,","186589220,186595826,186597171,186597792,186598125,186600360,186601426,186603034,186603977,186604574,186606213,186609320,186610015,186611775,186613342,186614344,186617201,186621775,186628364,186628763,186633823,186636235,186636914,186639783,186663613,186709845,186723856,",0,FAT1
XM_011532084.3,chr4,-,152320543,152536092,13,"152320543,152324183,152326005,152328207,152329671,152330731,152332595,152337801,152346929,152350041,152411302,152534940,152535126,","152323149,152324394,152326231,152328389,152329785,152330868,152332719,152337936,152347071,152350124,152411872,152535033,152536092,",0,FBXW7
XM_011532085.3,chr4,-,152320543,152536092,12,"152320543,152324183,152326005,152328207,152329671,152330731,152332595,152337801,152346929,152350041,152411302,152535126,","152323149,152324394,152326231,152328389,152329785,152330868,152332719,152337936,152347071,152350124,152411872,152536092,",0,FBXW7
XM_011532086.3,chr4,-,152320543,152536092,15,"152320543,152324183,152326005,152328207,152329671,152330731,152332595,152337801,152346929,152350041,152382188,152411302,152412479,152534940,152535126,","152323149,152324394,152326231,152328389,152329785,152330868,152332719,152337936,152347071,152350124,152382366,152411872,152412529,152535033,152536092,",0,FBXW7
XM_011532087.3,chr4,-,152320543,152536092,14,"152320543,152324183,152326005,152328207,152329671,152330731,152332595,152337801,152346929,152350041,152382188,152411302,152534940,152535126,","152323149,152324394,152326231,152328389,152329785,152330868,152332719,152337936,152347071,152350124,152382366,152411872,152535033,152536092,",0,FBXW7
NM_001127208.3,chr4,+,105146875,105279803,11,"105146875,105190359,105233896,105241338,105242833,105243569,105259618,105261758,105269609,105272563,105275047,","105146979,105190505,105237351,105241429,105242927,105243778,105259769,105261848,105269747,105272918,105279803,",0,TET2
XM_006713868.2,chr4,+,1793292,1808867,18,"1793292,1793832,1799253,1799746,1801366,1801619,1801834,1802913,1804329,1804823,1805354,1805558,1805749,1806050,1806256,1806545,1806828,1807112,","1793465,1794043,1799523,1799812,1801536,1801743,1802025,1803064,1804526,1804969,1805476,1805669,1805940,1806173,1806327,1806683,1806934,1808867,",0,FGFR3
XM_006713870.2,chr4,+,1793292,1808867,18,"1793292,1793832,1799253,1799746,1801366,1801619,1801834,1802913,1804329,1804820,1805354,1805558,1805749,1806050,1806256,1806545,1806828,1807112,","1793465,1794043,1799523,1799812,1801536,1801743,1802025,1803064,1804520,1804969,1805476,1805669,1805940,1806173,1806327,1806683,1806934,1808867,",0,FGFR3
XM_006713869.2,chr4,+,1793292,1808867,18,"1793292,1793832,1799253,1799746,1801366,1801619,1801834,1802913,1804329,1804823,1805354,1805558,1805749,1806050,1806256,1806545,1806828,1807115,","1793465,1794043,1799523,1799812,1801536,1801743,1802025,1803064,1804526,1804969,1805476,1805669,1805940,1806173,1806327,1806683,1806934,1808867,",0,FGFR3
XM_006713871.2,chr4,+,1793292,1808867,18,"1793292,1793832,1799253,1799746,1801366,1801619,1801834,1802913,1804329,1804823,1805354,1805558,1805749,1806050,1806256,1806545,1806828,1807112,","1793465,1794043,1799523,1799812,1801536,1801743,1802025,1803064,1804520,1804969,1805476,1805669,1805940,1806173,1806327,1806683,1806934,1808867,",0,FGFR3
XM_006713873.2,chr4,+,1793292,1808867,18,"1793292,1793832,1799253,1799746,1801366,1801619,1801834,1803691,1804329,1804823,1805354,1805558,1805749,1806050,1806256,1806545,1806828,1807112,","1793465,1794043,1799523,1799812,1801536,1801743,1802025,1803836,1804520,1804969,1805476,1805669,1805940,1806173,1806327,1806683,1806934,1808867,",0,FGFR3
XM_006714041.4,chr4,+,54229292,54281978,18,"54229292,54240037,54258756,54261094,54263666,54264918,54267288,54267551,54270632,54272393,54273536,54274530,54274840,54277387,54277895,54278361,54280315,54281580,","54229415,54240115,54258817,54261412,54263927,54265049,54267460,54267741,54270748,54272520,54273730,54274625,54274973,54277492,54278006,54278515,54280482,54281978,",0,PDGFRA
NM_001438396.1,chr4,+,125314954,125492932,17,"125314954,125398783,125406879,125408443,125414883,125416447,125434244,125446292,125448460,125463562,125468511,125476170,125477154,125479740,125481520,125487344,125489900,","125321586,125398915,125407141,125408794,125415806,125416622,125434425,125446543,125452810,125463667,125468819,125476256,125477334,125479865,125481738,125487606,125492932,",0,FAT4
NM_001438397.1,chr4,+,125314954,125492932,17,"125314954,125398783,125406879,125408443,125414883,125416447,125434244,125446292,125448460,125463562,125468511,125476170,125477154,125479740,125481520,125487344,125489903,","125321586,125398915,125407141,125408794,125415806,125416622,125434425,125446543,125452810,125463667,125468819,125476256,125477334,125479865,125481738,125487606,125492932,",0,FAT4
NM_001354810.2,chr4,+,1793292,1808867,17,"1793292,1793832,1799253,1799746,1801366,1801619,1801834,1803691,1804329,1804820,1805354,1805558,1805749,1806050,1806545,1806828,1807115,","1793465,1794043,1799523,1799812,1801536,1801743,1802025,1803836,1804520,1804969,1805476,1805669,1805940,1806173,1806683,1806934,1808867,",0,FGFR3
NM_001354809.2,chr4,+,1793292,1808867,18,"1793292,1793832,1799253,1799746,1801366,1801619,1801834,1803691,1804329,1804820,1805354,1805558,1805749,1806050,1806256,1806545,1806828,1807115,","1793465,1794043,1799523,1799812,1801536,1801743,1802025,1803836,1804520,1804969,1805476,1805669,1805940,1806173,1806327,1806683,1806934,1808867,",0,FGFR3
XM_006714167.5,chr4,+,143381962,143474565,12,"143381962,143415476,143433490,143434087,143437998,143439801,143440078,143457679,143459384,143460363,143466102,143469030,","143382030,143415771,143433716,143434168,143438600,143439887,143440382,143457769,143459478,143460487,143466225,143474565,",0,GAB1
XM_006714168.5,chr4,+,143367742,143474565,12,"143367742,143415476,143433490,143434087,143437998,143439801,143440078,143457679,143459384,143460363,143466102,143469030,","143380739,143415771,143433716,143434168,143438600,143439887,143440382,143457769,143459478,143460487,143466225,143474565,",0,GAB1
XM_006714242.4,chr4,+,105146875,105279803,9,"105146875,105190359,105233896,105242833,105259618,105261758,105269609,105272563,105275047,","105146979,105190505,105237351,105242927,105259769,105261848,105269747,105272918,105279803,",0,TET2
NM_001291285.3,chr4,+,125314954,125492932,18,"125314954,125316399,125398783,125406879,125408443,125414883,125416447,125434244,125446292,125448460,125463562,125468511,125476170,125477154,125479740,125481520,125487344,125489903,","125315977,125321586,125398915,125407141,125408794,125415806,125416622,125434425,125446543,125452810,125463667,125468819,125476256,125477334,125479865,125481738,125487606,125492932,",0,FAT4
NM_001291303.3,chr4,+,125314954,125492932,18,"125314954,125316399,125398783,125406879,125408443,125414883,125416447,125434244,125446292,125448460,125463562,125468511,125476170,125477154,125479740,125481520,125487344,125489900,","125315977,125321586,125398915,125407141,125408794,125415806,125416622,125434425,125446543,125452810,125463667,125468819,125476256,125477334,125479865,125481738,125487606,125492932,",0,FAT4
XM_005265743.2,chr4,+,54229866,54298245,23,"54229866,54258756,54261094,54263666,54264918,54267288,54267551,54270632,54272393,54273536,54274530,54274840,54277387,54277895,54278361,54280315,54285370,54285840,54287429,54288798,54289008,54290312,54295124,","54230606,54258817,54261412,54263927,54265049,54267460,54267741,54270748,54272520,54273730,54274625,54274973,54277492,54278006,54278515,54280482,54285486,54285963,54287541,54288898,54289114,54290554,54298245,",0,PDGFRA
NM_001349798.2,chr4,-,152320543,152536092,14,"152320543,152324183,152326005,152328207,152329671,152330731,152332595,152337801,152346929,152350041,152411302,152412479,152534940,152535126,","152323149,152324394,152326231,152328389,152329785,152330868,152332719,152337936,152347071,152350124,152411872,152412529,152535033,152536092,",0,FBXW7
NM_006206.6,chr4,+,54229292,54298245,23,"54229292,54258756,54261094,54263666,54264918,54267288,54267551,54270632,54272393,54273536,54274530,54274840,54277387,54277895,54278361,54280315,54285370,54285840,54287429,54288798,54289008,54290312,54295124,","54229415,54258817,54261412,54263927,54265049,54267460,54267741,54270748,54272520,54273730,54274625,54274973,54277492,54278006,54278515,54280482,54285486,54285963,54287541,54288898,54289114,54290554,54298245,",0,PDGFRA
NM_001093772.2,chr4,+,54657956,54740715,21,"54657956,54695511,54698283,54699629,54703723,54707097,54709423,54723583,54725856,54727217,54727415,54727822,54728010,54729334,54731327,54731870,54733069,54736497,54736720,54737174,54738428,","54658081,54695781,54698565,54699766,54703892,54707287,54709539,54723698,54726038,54727324,54727542,54727927,54728121,54729485,54731419,54731998,54733192,54736609,54736820,54737280,54740715,",0,KIT
NM_001163213.2,chr4,+,1793292,1808867,18,"1793292,1793832,1799253,1799746,1801366,1801619,1801834,1802913,1804329,1804823,1805354,1805558,1805749,1806050,1806256,1806545,1806828,1807115,","1793465,1794043,1799523,1799812,1801536,1801743,1802025,1803064,1804520,1804969,1805476,1805669,1805940,1806173,1806327,1806683,1806934,1808867,",0,FGFR3
NM_002039.4,chr4,+,143336875,143474565,10,"143336875,143415476,143433490,143437998,143439801,143440078,143459384,143460363,143466102,143469030,","143337260,143415771,143433716,143438600,143439887,143440382,143459478,143460487,143466225,143474565,",0,GAB1
NM_001963.6,chr4,+,109912882,110013766,24,"109912882,109940945,109943253,109943841,109945072,109959311,109960866,109961862,109963172,109964400,109968970,109974702,109976011,109979971,109980825,109983421,109987743,109988583,109993246,109994732,109999678,110004504,110008151,110011201,","109913462,109941145,109943435,109944069,109945275,109959437,109960989,109961985,109963298,109964537,109969119,109974807,109976235,109980139,109980975,109983541,109987860,109988709,109993369,109994880,109999846,110004622,110008230,110013766,",0,EGF
NM_001385284.1,chr4,+,54657956,54740715,21,"54657956,54695511,54698283,54699629,54703720,54707097,54709423,54723583,54725856,54727217,54727415,54727822,54728010,54729334,54731327,54731870,54733069,54736497,54736720,54737174,54738428,","54658081,54695781,54698565,54699766,54703892,54707287,54709539,54723698,54726050,54727324,54727542,54727927,54728121,54729485,54731419,54731998,54733192,54736609,54736820,54737280,54740715,",0,KIT
NM_001385285.1,chr4,+,54657956,54740715,21,"54657956,54695511,54698283,54699629,54703723,54707097,54709423,54723583,54725856,54727217,54727415,54727822,54728010,54729334,54731330,54731870,54733069,54736497,54736720,54737174,54738428,","54658081,54695781,54698565,54699766,54703892,54707287,54709539,54723698,54726050,54727324,54727542,54727927,54728121,54729485,54731419,54731998,54733192,54736609,54736820,54737280,54740715,",0,KIT
NM_001385286.1,chr4,+,54657956,54740715,21,"54657956,54695511,54698283,54699629,54703723,54707097,54709423,54723583,54725856,54727217,54727415,54727822,54728010,54729334,54731330,54731870,54733069,54736497,54736720,54737174,54738428,","54658081,54695781,54698565,54699766,54703892,54707287,54709539,54723698,54726038,54727324,54727542,54727927,54728121,54729485,54731419,54731998,54733192,54736609,54736820,54737280,54740715,",0,KIT
NM_001385288.1,chr4,+,54657956,54740715,21,"54657956,54695511,54698283,54699629,54703720,54707097,54709423,54723583,54725856,54727217,54727415,54727822,54728010,54729334,54731327,54731870,54733069,54736497,54736720,54737174,54738428,","54658081,54695781,54698565,54699766,54703892,54707287,54709539,54723698,54726038,54727324,54727542,54727927,54728121,54729485,54731419,54731998,54733192,54736609,54736820,54737280,54740715,",0,KIT
NM_001385290.1,chr4,+,54657956,54740715,21,"54657956,54695511,54698283,54699629,54703720,54707097,54709423,54723583,54725856,54727217,54727415,54727822,54728010,54729334,54731330,54731870,54733069,54736497,54736720,54737174,54738428,","54658081,54695781,54698565,54699766,54703892,54707287,54709539,54723698,54726050,54727324,54727542,54727927,54728121,54729485,54731419,54731998,54733192,54736609,54736820,54737280,54740715,",0,KIT
NM_001385292.1,chr4,+,54657956,54740715,21,"54657956,54695511,54698283,54699629,54703720,54707097,54709423,54723583,54725856,54727217,54727415,54727822,54728010,54729334,54731330,54731870,54733069,54736497,54736720,54737174,54738428,","54658081,54695781,54698565,54699766,54703892,54707287,54709539,54723698,54726038,54727324,54727542,54727927,54728121,54729485,54731419,54731998,54733192,54736609,54736820,54737280,54740715,",0,KIT
XM_011513420.2,chr4,+,1793292,1808867,18,"1793292,1793832,1799253,1799746,1801366,1801619,1801834,1803691,1804329,1804823,1805354,1805558,1805749,1806050,1806256,1806545,1806828,1807112,","1793465,1794043,1799523,1799812,1801536,1801743,1802025,1803836,1804526,1804969,1805476,1805669,1805940,1806173,1806327,1806683,1806934,1808867,",0,FGFR3
XM_011513422.2,chr4,+,1793292,1808867,18,"1793292,1793832,1799253,1799746,1801366,1801619,1801834,1803691,1804329,1804820,1805354,1805558,1805749,1806050,1806256,1806545,1806828,1807112,","1793465,1794043,1799523,1799812,1801536,1801743,1802025,1803836,1804520,1804969,1805476,1805669,1805940,1806173,1806327,1806683,1806934,1808867,",0,FGFR3
NM_002253.4,chr4,-,55078480,55125595,30,"55078480,55081955,55082535,55087606,55088867,55089373,55089690,55089955,55092616,55094801,55095576,55096228,55097661,55098136,55098696,55101896,55102361,55104642,55105831,55106686,55107736,55110402,55110653,55113303,55114125,55114873,55115280,55118603,55121096,55125226,","55080163,55082041,55082635,55087758,55088973,55089473,55089802,55090078,55092714,55094955,55095665,55096342,55097766,55098272,55098803,55102028,55102508,55104984,55105940,55106810,55107893,55110566,55110768,55113481,55114265,55115042,55115411,55118800,55121190,55125595,",0,KDR
NM_001440455.1,chr4,-,186587793,186726696,27,"186587793,186595688,186596539,186597681,186597971,186599897,186601268,186602902,186603175,186604376,186606069,186609182,186609800,186611385,186613108,186614190,186617004,186617707,186628153,186628487,186633683,186636024,186636584,186639721,186663298,186706562,186726353,","186589220,186595826,186597171,186597792,186598125,186600360,186601426,186603034,186603977,186604574,186606213,186609320,186610015,186611775,186613342,186614344,186617201,186621775,186628364,186628763,186633823,186636235,186636914,186639783,186663613,186709845,186726696,",0,FAT1
NM_001440456.1,chr4,-,186587793,186726696,28,"186587793,186590367,186595688,186596539,186597681,186597971,186599897,186601268,186602902,186603175,186604376,186606069,186609182,186609800,186611385,186613108,186614190,186617004,186617707,186628153,186628487,186633683,186636024,186636584,186639721,186663298,186706562,186726353,","186589220,186590403,186595826,186597171,186597792,186598125,186600360,186601426,186603034,186603977,186604574,186606213,186609320,186610015,186611775,186613342,186614344,186617201,186621775,186628364,186628763,186633823,186636235,186636914,186639783,186663613,186709845,186726696,",0,FAT1
NM_001440457.1,chr4,-,186587793,186723856,28,"186587793,186590367,186595688,186596539,186597681,186597971,186599897,186601268,186602902,186603175,186604376,186606069,186609182,186609800,186611385,186613108,186614190,186617004,186617707,186628153,186628487,186633683,186636024,186636584,186639721,186663298,186706562,186723663,","186589220,186590403,186595826,186597171,186597792,186598125,186600360,186601426,186603034,186603977,186604574,186606213,186609320,186610015,186611775,186613342,186614344,186617201,186621775,186628364,186628763,186633823,186636235,186636914,186639783,186663613,186709845,186723856,",0,FAT1
XM_011513560.3,chr4,+,1954589,1982192,11,"1954589,1955160,1955692,1955982,1957932,1959470,1961034,1974862,1975293,1976474,1978637,","1954685,1955340,1955849,1956188,1958036,1959740,1961151,1975004,1975400,1976679,1982192,",0,NSD2
XM_017007966.2,chr4,+,143367742,143474565,14,"143367742,143383470,143394816,143415476,143433490,143434087,143437998,143439801,143440078,143457679,143459384,143460363,143466102,143469030,","143380739,143391632,143398908,143415771,143433716,143434168,143438600,143439887,143440382,143457769,143459478,143460487,143466225,143474565,",0,GAB1
XM_017007967.2,chr4,+,143402890,143474565,12,"143402890,143415476,143433490,143434087,143437998,143439801,143440078,143457679,143459384,143460363,143466102,143469030,","143403049,143415771,143433716,143434168,143438600,143439887,143440382,143457769,143459478,143460487,143466225,143474565,",0,GAB1
XM_017007968.2,chr4,+,143381962,143474565,12,"143381962,143394816,143415476,143433490,143437998,143439801,143440078,143457679,143459384,143460363,143466102,143469030,","143391632,143398908,143415771,143433716,143438600,143439887,143440382,143457769,143459478,143460487,143466225,143474565,",0,GAB1
XM_017007970.2,chr4,+,143354021,143474565,12,"143354021,143415476,143433490,143434087,143437998,143439801,143440078,143457679,143459384,143460363,143466102,143469030,","143354188,143415771,143433716,143434168,143438600,143439887,143440382,143457769,143459478,143460487,143466225,143474565,",0,GAB1
XM_017007969.2,chr4,+,143345055,143474565,12,"143345055,143415476,143433490,143434087,143437998,143439801,143440078,143457679,143459384,143460363,143466102,143469030,","143345135,143415771,143433716,143434168,143438600,143439887,143440382,143457769,143459478,143460487,143466225,143474565,",0,GAB1
NM_001257069.1,chr4,-,152411159,152535241,4,"152411159,152412479,152534940,152535126,","152411872,152412529,152535033,152535241,",0,FBXW7
NM_001178130.3,chr4,+,109912882,110013766,23,"109912882,109940945,109943253,109943841,109945072,109959311,109960866,109961862,109963172,109964400,109968970,109974702,109976011,109979971,109980825,109983421,109987743,109988583,109994732,109999678,110004504,110008151,110011201,","109913462,109941145,109943435,109944069,109945275,109959437,109960989,109961985,109963298,109964537,109969119,109974807,109976235,109980139,109980975,109983541,109987860,109988709,109994880,109999846,110004622,110008230,110013766,",0,EGF
NM_001178131.3,chr4,+,109912882,110013766,23,"109912882,109940945,109943253,109943841,109945072,109960866,109961862,109963172,109964400,109968970,109974702,109976011,109979971,109980825,109983421,109987743,109988583,109993246,109994732,109999678,110004504,110008151,110011201,","109913462,109941145,109943435,109944069,109945275,109960989,109961985,109963298,109964537,109969119,109974807,109976235,109980139,109980975,109983541,109987860,109988709,109993369,109994880,109999846,110004622,110008230,110013766,",0,EGF
XM_017008281.2,chr4,+,54233959,54281978,17,"54233959,54258756,54261094,54263666,54264918,54267288,54267551,54270632,54272393,54273536,54274530,54274840,54277387,54277895,54278361,54280315,54281580,","54234498,54258817,54261412,54263927,54265049,54267460,54267741,54270748,54272520,54273730,54274625,54274973,54277492,54278006,54278515,54280482,54281978,",0,PDGFRA
XM_017008319.2,chr4,+,105146875,105240928,4,"105146875,105190359,105233896,105238513,","105146979,105190505,105237351,105240928,",0,TET2
NM_001440900.1,chr4,+,1871392,1982192,23,"1871392,1900625,1904215,1912090,1916870,1918140,1930625,1935143,1938450,1939653,1951071,1952107,1953323,1955160,1955692,1955982,1957932,1959470,1961034,1974862,1975293,1976474,1978637,","1871542,1901251,1904378,1912194,1917037,1918623,1930770,1935262,1938532,1939778,1951203,1952231,1953524,1955340,1955849,1956188,1958036,1959740,1961151,1975004,1975400,1976679,1982192,",0,NSD2
NM_001440892.1,chr4,+,1871392,1982192,23,"1871392,1892165,1900625,1904215,1916870,1918140,1930625,1935143,1938450,1939653,1951071,1952107,1953323,1955160,1955692,1955982,1957932,1959470,1961034,1974862,1975293,1976474,1978637,","1871542,1892263,1901251,1904378,1917037,1918623,1930770,1935262,1938532,1939778,1951203,1952231,1953524,1955340,1955849,1956188,1958036,1959740,1961151,1975004,1975400,1976679,1982192,",0,NSD2
NM_001440893.1,chr4,+,1871392,1982192,22,"1871392,1900625,1904215,1916870,1918140,1930625,1935143,1938450,1939653,1951071,1952107,1953323,1955160,1955692,1955982,1957932,1959470,1961034,1974862,1975293,1976474,1978637,","1871542,1901350,1904378,1917037,1918623,1930770,1935262,1938532,1939778,1951203,1952231,1953524,1955340,1955849,1956188,1958036,1959740,1961151,1975004,1975400,1976679,1982192,",0,NSD2
NM_001440894.1,chr4,+,1871392,1982192,21,"1871392,1900625,1904215,1916870,1918140,1930625,1935143,1938450,1939653,1951071,1952107,1953323,1955160,1955692,1955982,1957932,1959470,1974862,1975293,1976474,1978637,","1871542,1901251,1904378,1917037,1918623,1930770,1935262,1938532,1939778,1951203,1952231,1953524,1955340,1955849,1956188,1958036,1959740,1975004,1975400,1976679,1982192,",0,NSD2
NM_001440895.1,chr4,+,1871392,1982192,22,"1871392,1900625,1904215,1916870,1918140,1930625,1935143,1938450,1939653,1951071,1952107,1953323,1955160,1955692,1955982,1957932,1959617,1961034,1974862,1975293,1976474,1978637,","1871542,1901251,1904378,1917037,1918623,1930770,1935262,1938532,1939778,1951203,1952231,1953524,1955340,1955849,1956188,1958036,1959740,1961151,1975004,1975400,1976679,1982192,",0,NSD2
NM_001440896.1,chr4,+,1871392,1982192,21,"1871392,1900625,1904215,1916870,1918140,1930625,1935143,1938450,1939653,1951071,1952107,1955160,1955692,1955982,1957932,1959470,1961034,1974862,1975293,1976474,1978637,","1871542,1901251,1904378,1917037,1918623,1930770,1935262,1938532,1939778,1951203,1952231,1955340,1955849,1956188,1958036,1959740,1961151,1975004,1975400,1976679,1982192,",0,NSD2
NM_001440897.1,chr4,+,1871392,1982192,20,"1871392,1900625,1904215,1916870,1918140,1930625,1935143,1951071,1952107,1953323,1955160,1955692,1955982,1957932,1959470,1961034,1974862,1975293,1976474,1978637,","1871542,1901251,1904378,1917037,1918623,1930770,1935262,1951203,1952231,1953524,1955340,1955849,1956188,1958036,1959740,1961151,1975004,1975400,1976679,1982192,",0,NSD2
NM_001440898.1,chr4,+,1871392,1982192,19,"1871392,1900625,1904215,1916870,1918140,1930625,1935143,1951071,1952107,1953323,1955160,1955692,1955982,1957932,1959470,1974862,1975293,1976474,1978637,","1871542,1901251,1904378,1917037,1918623,1930770,1935262,1951203,1952231,1953524,1955340,1955849,1956188,1958036,1959740,1975004,1975400,1976679,1982192,",0,NSD2
NM_001440899.1,chr4,+,1871392,1982192,21,"1871392,1900625,1916870,1918140,1930625,1935143,1938450,1939653,1951071,1952107,1953323,1955160,1955692,1955982,1957932,1959470,1961034,1974862,1975293,1976474,1978637,","1871542,1901251,1917037,1918623,1930770,1935262,1938532,1939778,1951203,1952231,1953524,1955340,1955849,1956188,1958036,1959740,1961151,1975004,1975400,1976679,1982192,",0,NSD2
NM_007331.2,chr4,+,1892781,1942541,11,"1892781,1893729,1899220,1900625,1904215,1916870,1918140,1930625,1935143,1938450,1939653,","1892891,1893909,1899395,1901251,1904378,1917037,1918623,1930770,1935262,1938532,1942541,",0,NSD2
XR_007057933.1,chr4,+,105146875,105242916,5,"105146875,105190359,105233896,105241338,105242833,","105146979,105190505,105237351,105242098,105242916,",0,TET2
XM_047449820.1,chr4,+,1793782,1808867,17,"1793782,1799253,1799746,1801366,1801619,1801834,1802913,1804329,1804823,1805354,1805558,1805749,1806050,1806256,1806545,1806828,1807112,","1794043,1799523,1799812,1801536,1801743,1802025,1803064,1804526,1804969,1805476,1805669,1805940,1806173,1806327,1806683,1806934,1808867,",0,FGFR3
XM_047449821.1,chr4,+,1793292,1808867,18,"1793292,1793832,1799253,1799746,1801366,1801619,1801834,1802913,1804329,1804820,1805354,1805558,1805749,1806050,1806256,1806545,1806828,1807115,","1793465,1794043,1799523,1799812,1801536,1801743,1802025,1803064,1804520,1804969,1805476,1805669,1805940,1806173,1806327,1806683,1806934,1808867,",0,FGFR3
XM_047449822.1,chr4,+,1793782,1808867,17,"1793782,1799253,1799746,1801366,1801619,1801834,1803691,1804329,1804820,1805354,1805558,1805749,1806050,1806256,1806545,1806828,1807115,","1794043,1799523,1799812,1801536,1801743,1802025,1803836,1804520,1804969,1805476,1805669,1805940,1806173,1806327,1806683,1806934,1808867,",0,FGFR3
XM_047449823.1,chr4,+,1793782,1808867,17,"1793782,1799253,1799746,1801366,1801619,1801834,1803691,1804329,1804823,1805354,1805558,1805749,1806050,1806256,1806545,1806828,1807112,","1794043,1799523,1799812,1801536,1801743,1802025,1803836,1804520,1804969,1805476,1805669,1805940,1806173,1806327,1806683,1806934,1808867,",0,FGFR3
XM_047449824.1,chr4,+,1793782,1808867,17,"1793782,1799253,1799746,1801366,1801619,1801834,1803691,1804329,1804823,1805354,1805558,1805749,1806050,1806256,1806545,1806828,1807115,","1794043,1799523,1799812,1801536,1801743,1802025,1803836,1804520,1804969,1805476,1805669,1805940,1806173,1806327,1806683,1806934,1808867,",0,FGFR3
XM_047415766.1,chr4,+,54231968,54298245,23,"54231968,54258756,54261094,54263666,54264918,54267288,54267551,54270632,54272393,54273536,54274530,54274840,54277387,54277895,54278361,54280315,54285370,54285840,54287429,54288798,54289008,54290312,54295124,","54232171,54258817,54261412,54263927,54265049,54267460,54267741,54270748,54272520,54273730,54274625,54274973,54277492,54278006,54278515,54280482,54285486,54285963,54287541,54288898,54289114,54290554,54298245,",0,PDGFRA
XM_047415767.1,chr4,+,54229866,54298245,24,"54229866,54230365,54258756,54261094,54263666,54264918,54267288,54267551,54270632,54272393,54273536,54274530,54274840,54277387,54277895,54278361,54280315,54285370,54285840,54287429,54288798,54289008,54290312,54295124,","54230131,54230606,54258817,54261412,54263927,54265049,54267460,54267741,54270748,54272520,54273730,54274625,54274973,54277492,54278006,54278515,54280482,54285486,54285963,54287541,54288898,54289114,54290554,54298245,",0,PDGFRA
XM_047415840.1,chr4,+,105146875,105259764,6,"105146875,105190359,105233896,105241338,105242833,105259618,","105146979,105190505,105237351,105241429,105242927,105259764,",0,TET2
XM_047415839.1,chr4,+,105146875,105269746,6,"105146875,105190359,105233896,105259618,105261758,105269609,","105146979,105190505,105237351,105259769,105261848,105269746,",0,TET2
XM_047415841.1,chr4,+,105146875,105243767,5,"105146875,105190359,105233896,105242833,105243569,","105146979,105190505,105237351,105242927,105243767,",0,TET2
XM_047415842.1,chr4,+,105146875,105241396,5,"105146875,105190359,105233896,105238513,105241338,","105146979,105190505,105237351,105238713,105241396,",0,TET2
XM_047415843.1,chr4,+,105146875,105240928,3,"105146875,105233896,105238513,","105146979,105237351,105240928,",0,TET2
NM_022965.4,chr4,+,1793292,1808867,16,"1793292,1793832,1799253,1799746,1801366,1801619,1801834,1804823,1805354,1805558,1805749,1806050,1806256,1806545,1806828,1807115,","1793465,1794043,1799523,1799812,1801536,1801743,1802025,1804969,1805476,1805669,1805940,1806173,1806327,1806683,1806934,1808867,",0,FGFR3
XM_047415900.1,chr4,-,152320543,152536092,13,"152320543,152324183,152326005,152328207,152329671,152330731,152332595,152337801,152346929,152350041,152411302,152412479,152535126,","152323149,152324394,152326231,152328389,152329785,152330868,152332719,152337936,152347071,152350124,152411872,152412529,152536092,",0,FBXW7
XM_047415901.1,chr4,-,152320543,152456359,14,"152320543,152324183,152326005,152328207,152329671,152330731,152332595,152337801,152346929,152350041,152411302,152412479,152448451,152450881,","152323149,152324394,152326231,152328389,152329785,152330868,152332719,152337936,152347071,152350124,152411872,152412529,152450380,152456359,",0,FBXW7
XM_047415902.1,chr4,-,152320543,152536092,14,"152320543,152324183,152326005,152328207,152329671,152330731,152332595,152337801,152346929,152350041,152382188,152411302,152412479,152535126,","152323149,152324394,152326231,152328389,152329785,152330868,152332719,152337936,152347071,152350124,152382366,152411872,152412529,152536092,",0,FBXW7
XM_047449968.1,chr4,+,143391480,143474565,13,"143391480,143394816,143415476,143433490,143434087,143437998,143439801,143440078,143457679,143459384,143460363,143466102,143469030,","143392005,143398908,143415771,143433716,143434168,143438600,143439887,143440382,143457769,143459478,143460487,143466225,143474565,",0,GAB1
XM_047415897.1,chr4,-,152320543,152536092,17,"152320543,152324183,152326005,152328207,152329671,152330731,152332595,152337801,152346929,152350041,152411302,152412479,152469940,152482369,152489828,152534940,152535126,","152323149,152324394,152326231,152328389,152329785,152330868,152332719,152337936,152347071,152350124,152411872,152412529,152469988,152482673,152530850,152535033,152536092,",0,FBXW7
XM_047449970.1,chr4,+,143402894,143474565,10,"143402894,143415476,143433490,143437998,143439801,143440078,143459384,143460363,143466102,143469030,","143403049,143415771,143433716,143438600,143439887,143440382,143459478,143460487,143466225,143474565,",0,GAB1
XM_047449969.1,chr4,+,143345055,143474565,14,"143345055,143391443,143394816,143415476,143433490,143434087,143437998,143439801,143440078,143457679,143459384,143460363,143466102,143469030,","143345135,143391632,143398908,143415771,143433716,143434168,143438600,143439887,143440382,143457769,143459478,143460487,143466225,143474565,",0,GAB1
XM_047415898.1,chr4,-,152320543,152535033,14,"152320543,152324183,152326005,152328207,152329671,152330731,152332595,152337801,152346929,152350041,152411302,152412479,152482369,152534940,","152323149,152324394,152326231,152328389,152329785,152330868,152332719,152337936,152347071,152350124,152411872,152412529,152482673,152535033,",0,FBXW7
XM_047449971.1,chr4,+,143381962,143474565,12,"143381962,143415476,143433490,143434087,143437998,143439801,143440078,143457679,143459384,143460363,143466102,143469030,","143391558,143415771,143433716,143434168,143438600,143439887,143440382,143457769,143459478,143460487,143466225,143474565,",0,GAB1
XM_047415899.1,chr4,-,152320543,152456359,13,"152320543,152324183,152326005,152328207,152329671,152330731,152332595,152337801,152346929,152350041,152411302,152412479,152448451,","152323149,152324394,152326231,152328389,152329785,152330868,152332719,152337936,152347071,152350124,152411872,152412529,152456359,",0,FBXW7
NM_017628.4,chr4,+,105145874,105242771,3,"105145874,105190359,105233896,","105146086,105190505,105242771,",0,TET2
XM_047449972.1,chr4,+,143367742,143474565,11,"143367742,143415476,143433490,143437998,143439801,143440078,143457679,143459384,143460363,143466102,143469030,","143380739,143415771,143433716,143438600,143439887,143440382,143457769,143459478,143460487,143466225,143474565,",0,GAB1
XM_047449973.1,chr4,+,143367742,143474565,11,"143367742,143415476,143433490,143434087,143437998,143439801,143440078,143459384,143460363,143466102,143469030,","143380739,143415771,143433716,143434168,143438600,143439887,143440382,143459478,143460487,143466225,143474565,",0,GAB1
XM_047449974.1,chr4,+,143367742,143474565,10,"143367742,143415476,143433490,143437998,143439801,143440078,143459384,143460363,143466102,143469030,","143380739,143415771,143433716,143438600,143439887,143440382,143459478,143460487,143466225,143474565,",0,GAB1
XM_005263082.4,chr4,+,105146875,105279803,10,"105146875,105233896,105241338,105242833,105243569,105259618,105261758,105269609,105272563,105275047,","105146979,105237351,105241429,105242927,105243778,105259769,105261848,105269747,105272918,105279803,",0,TET2
NM_001357021.2,chr4,+,109912882,110013766,20,"109912882,109940945,109943253,109943841,109945072,109960866,109961862,109963172,109964400,109968970,109974702,109976011,109979971,109980825,109983421,109993246,109994732,109999678,110004504,110011201,","109913462,109941145,109943435,109944069,109945275,109960989,109961985,109963298,109964537,109969119,109974807,109976235,109980139,109980975,109983541,109993369,109994880,109999846,110004622,110013766,",0,EGF
XM_047416137.1,chr4,+,1871392,1982192,23,"1871392,1899220,1900625,1904215,1916870,1918140,1930625,1935143,1938450,1939653,1951071,1952107,1953323,1955160,1955692,1955982,1957932,1959470,1961034,1974862,1975293,1976474,1978637,","1871542,1899395,1901251,1904378,1917037,1918623,1930770,1935262,1938532,1939778,1951203,1952231,1953524,1955340,1955849,1956188,1958036,1959740,1961151,1975004,1975400,1976679,1982192,",0,NSD2
XM_047416139.1,chr4,+,1893729,1982192,22,"1893729,1900625,1904215,1916870,1918140,1930625,1935143,1938450,1939653,1951071,1952107,1953323,1955160,1955692,1955982,1957932,1959470,1961034,1974862,1975293,1976474,1978637,","1893822,1901251,1904378,1917037,1918623,1930770,1935262,1938532,1939778,1951203,1952231,1953524,1955340,1955849,1956188,1958036,1959740,1961151,1975004,1975400,1976679,1982192,",0,NSD2
XM_047416141.1,chr4,+,1871392,1982192,21,"1871392,1892165,1900625,1904215,1916870,1918140,1930625,1935143,1951071,1952107,1953323,1955160,1955692,1955982,1957932,1959470,1961034,1974862,1975293,1976474,1978637,","1871542,1892263,1901251,1904378,1917037,1918623,1930770,1935262,1951203,1952231,1953524,1955340,1955849,1956188,1958036,1959740,1961151,1975004,1975400,1976679,1982192,",0,NSD2
XM_047416142.1,chr4,+,1893726,1982192,20,"1893726,1900625,1904215,1916870,1918140,1930625,1935143,1951071,1952107,1953323,1955160,1955692,1955982,1957932,1959470,1961034,1974862,1975293,1976474,1978637,","1893909,1901251,1904378,1917037,1918623,1930770,1935262,1951203,1952231,1953524,1955340,1955849,1956188,1958036,1959740,1961151,1975004,1975400,1976679,1982192,",0,NSD2
XM_047416143.1,chr4,+,1871392,1953502,11,"1871392,1900625,1904215,1916870,1918140,1930625,1935143,1938450,1939653,1951071,1953323,","1871542,1901251,1904378,1917037,1918623,1930770,1935262,1938532,1939778,1951203,1953502,",0,NSD2
XM_047416144.1,chr4,+,1871392,1948818,11,"1871392,1899220,1900625,1904215,1916870,1918140,1930625,1935143,1938450,1939653,1942338,","1871542,1899395,1901251,1904378,1917037,1918623,1930770,1935262,1938532,1939778,1948818,",0,NSD2
XM_005248001.5,chr4,+,1893729,1982192,22,"1893729,1900625,1904215,1916870,1918140,1930625,1935143,1938450,1939653,1951071,1952107,1953323,1955160,1955692,1955982,1957932,1959470,1961034,1974862,1975293,1976474,1978637,","1893909,1901251,1904378,1917037,1918623,1930770,1935262,1938532,1939778,1951203,1952231,1953524,1955340,1955849,1956188,1958036,1959740,1961151,1975004,1975400,1976679,1982192,",0,NSD2
NR_148971.2,chr4,+,1793292,1808867,19,"1793292,1793832,1799253,1799746,1801366,1801619,1801834,1802913,1803691,1804329,1804823,1805354,1805558,1805749,1806050,1806256,1806545,1806828,1807115,","1793465,1794043,1799523,1799812,1801536,1801743,1802025,1803064,1803836,1804520,1804969,1805476,1805669,1805940,1806173,1806327,1806683,1806934,1808867,",0,FGFR3
NM_018315.5,chr4,-,152320543,152352826,11,"152320543,152324183,152326005,152328207,152329671,152330731,152332595,152337801,152346929,152350041,152352469,","152323149,152324394,152326231,152328389,152329785,152330868,152332719,152337936,152347071,152350124,152352826,",0,FBXW7
NM_033632.3,chr4,-,152321257,152535033,12,"152321257,152324183,152326005,152328207,152329671,152330731,152332595,152337801,152346929,152350041,152411302,152534940,","152323149,152324394,152326231,152328389,152329785,152330868,152332719,152337936,152347071,152350124,152411872,152535033,",0,FBXW7
NM_001347827.2,chr4,+,54229292,54281978,17,"54229292,54258756,54261094,54263666,54264918,54267288,54267551,54270632,54272393,54273536,54274530,54274840,54277387,54277895,54278361,54280315,54281580,","54229415,54258817,54261412,54263927,54265049,54267460,54267741,54270748,54272520,54273730,54274625,54274973,54277492,54278006,54278515,54280482,54281978,",0,PDGFRA
NM_001347828.2,chr4,+,54229292,54298245,24,"54229292,54240037,54258756,54261094,54263666,54264918,54267288,54267551,54270632,54272393,54273536,54274530,54274840,54277387,54277895,54278361,54280315,54285370,54285840,54287429,54288798,54289008,54290312,54295124,","54229415,54240115,54258817,54261412,54263927,54265049,54267460,54267741,54270748,54272520,54273730,54274625,54274973,54277492,54278006,54278515,54280482,54285486,54285963,54287541,54288898,54289114,54290554,54298245,",0,PDGFRA
NM_001347830.2,chr4,+,54233959,54298245,23,"54233959,54258756,54261094,54263666,54264918,54267288,54267551,54270632,54272393,54273536,54274530,54274840,54277387,54277895,54278361,54280315,54285370,54285840,54287429,54288798,54289008,54290312,54295124,","54234498,54258817,54261412,54263927,54265049,54267460,54267741,54270748,54272520,54273730,54274625,54274973,54277492,54278006,54278515,54280482,54285486,54285963,54287541,54288898,54289114,54290554,54298245,",0,PDGFRA
NM_001347829.2,chr4,+,54233099,54298245,23,"54233099,54258756,54261094,54263666,54264918,54267288,54267551,54270632,54272393,54273536,54274530,54274840,54277387,54277895,54278361,54280315,54285370,54285840,54287429,54288798,54289008,54290312,54295124,","54233443,54258817,54261412,54263927,54265049,54267460,54267741,54270748,54272520,54273730,54274625,54274973,54277492,54278006,54278515,54280482,54285486,54285963,54287541,54288898,54289114,54290554,54298245,",0,PDGFRA
NM_001042424.3,chr4,+,1871392,1982192,22,"1871392,1900625,1904215,1916870,1918140,1930625,1935143,1938450,1939653,1951071,1952107,1953323,1955160,1955692,1955982,1957932,1959470,1961034,1974862,1975293,1976474,1978637,","1871542,1901251,1904378,1917037,1918623,1930770,1935262,1938532,1939778,1951203,1952231,1953524,1955340,1955849,1956188,1958036,1959740,1961151,1975004,1975400,1976679,1982192,",0,NSD2
NM_001205247.2,chr5,-,131949972,132011658,21,"131949972,131959535,131960519,131962534,131966415,131967939,131970127,131971549,131972723,131973265,131974757,131976647,131985406,131986821,131988047,131988804,131989406,131990099,131990852,131994135,132011504,","131954371,131959607,131960621,131962678,131966532,131968028,131970200,131971645,131972858,131973400,131974835,131976721,131985458,131986854,131988226,131988904,131989508,131990164,131990967,131994251,132011658,",0,ACSL6
NM_001205248.2,chr5,-,131949972,132011817,21,"131949972,131959535,131960519,131962534,131966415,131967939,131970127,131971549,131972723,131973265,131974757,131976647,131985406,131986821,131988047,131988804,131989406,131990099,131990852,131994030,132011769,","131954371,131959607,131960621,131962678,131966532,131968028,131970200,131971645,131972858,131973400,131974835,131976721,131985458,131986854,131988226,131988904,131989508,131990164,131990967,131994251,132011817,",0,ACSL6
NM_001205250.1,chr5,-,131949972,132012068,21,"131949972,131959535,131960519,131962534,131966415,131967939,131970127,131971549,131972723,131973265,131974892,131976647,131985406,131986821,131988047,131988804,131989406,131990099,131990852,131994030,132011913,","131954371,131959607,131960621,131962678,131966532,131968028,131970200,131971645,131972858,131973400,131974970,131976721,131985458,131986854,131988226,131988904,131989508,131990164,131990967,131994251,132012068,",0,ACSL6
NM_001205251.2,chr5,-,131949972,132011817,20,"131949972,131959535,131960519,131962534,131966415,131967939,131970127,131971549,131972723,131973265,131976647,131985406,131986821,131988047,131988804,131989406,131990099,131990852,131994135,132011769,","131954371,131959607,131960621,131962678,131966532,131968028,131970200,131971645,131972858,131973358,131976721,131985458,131986854,131988226,131988904,131989508,131990164,131990967,131994251,132011817,",0,ACSL6
XM_047417315.1,chr5,+,68216537,68301821,16,"68216537,68226289,68273389,68273938,68279601,68280527,68280926,68292258,68293100,68293302,68293708,68294535,68295147,68295419,68296170,68297411,","68217798,68227009,68273482,68274013,68279733,68280729,68281006,68292361,68293199,68293483,68293834,68294678,68295324,68295488,68296341,68301821,",0,PIK3R1
XM_047417316.1,chr5,+,68239844,68301821,17,"68239844,68240803,68242955,68273389,68273938,68279601,68280527,68280926,68292258,68293100,68293302,68293708,68294535,68295147,68295419,68296170,68297411,","68239937,68240854,68252258,68273482,68274013,68279733,68280729,68281006,68292361,68293199,68293483,68293834,68294678,68295324,68295488,68296341,68301821,",0,PIK3R1
XM_047417317.1,chr5,+,68239844,68301821,16,"68239844,68242955,68273389,68273938,68279601,68280527,68280926,68292258,68293100,68293302,68293708,68294535,68295147,68295419,68296170,68297411,","68239937,68252258,68273482,68274013,68279733,68280729,68281006,68292361,68293199,68293483,68293834,68294678,68295324,68295488,68296341,68301821,",0,PIK3R1
NM_001037738.3,chr5,+,171387848,171407125,10,"171387848,171390050,171391304,171391705,171392709,171392913,171400152,171400838,171405301,171406396,","171388006,171390130,171391424,171391799,171392816,171392978,171400210,171400925,171405403,171407125,",0,NPM1
NM_015256.4,chr5,-,131949972,132011658,21,"131949972,131959535,131960519,131962534,131966415,131967939,131970127,131971549,131972723,131973265,131974757,131976647,131985406,131986821,131988047,131988804,131989406,131990099,131990852,131994030,132011504,","131954371,131959607,131960621,131962678,131966532,131968028,131970200,131971645,131972858,131973400,131974835,131976721,131985458,131986854,131988226,131988904,131989508,131990164,131990967,131994251,132011658,",0,ACSL6
NR_175945.1,chr5,-,131949972,132012213,21,"131949972,131959535,131960519,131962534,131966415,131967939,131970127,131971549,131972723,131973265,131974892,131976647,131985406,131986821,131988047,131988804,131989406,131990099,131990852,131994030,132012088,","131954371,131959607,131960621,131962678,131966532,131968028,131970200,131971645,131972858,131973400,131975250,131976721,131985458,131986854,131988226,131988904,131989508,131990164,131990967,131994251,132012213,",0,ACSL6
NR_175946.1,chr5,-,131949972,132011658,21,"131949972,131959535,131960519,131962534,131966415,131967939,131970127,131971549,131972723,131973265,131974892,131976647,131985406,131986821,131988047,131988804,131989406,131990099,131990852,131994030,132011504,","131954371,131959607,131960621,131962678,131966532,131968028,131970200,131971645,131972858,131973400,131975060,131976721,131985458,131986854,131988226,131988904,131989508,131990164,131990967,131994251,132011658,",0,ACSL6
NR_175947.1,chr5,-,131949972,132011658,21,"131949972,131959535,131960519,131962534,131966415,131967939,131970127,131971549,131972723,131973265,131974892,131976647,131985406,131986821,131988047,131988804,131989406,131990099,131990852,131994030,132011504,","131954371,131959607,131960621,131962678,131966532,131968028,131970200,131971645,131972858,131973400,131975250,131976721,131985458,131986854,131988226,131988904,131989508,131990164,131990967,131994251,132011658,",0,ACSL6
NM_001355006.2,chr5,+,171387115,171410900,12,"171387115,171387932,171390050,171391304,171391705,171392709,171392913,171400152,171400838,171405301,171407699,171410526,","171387234,171388006,171390130,171391424,171391799,171392816,171392978,171400210,171400925,171405403,171407774,171410900,",0,NPM1
NM_001355007.2,chr5,+,171387848,171410900,10,"171387848,171391304,171391705,171392709,171392913,171400152,171400838,171405301,171407699,171410526,","171388006,171391424,171391799,171392816,171392978,171400210,171400925,171405403,171407774,171410900,",0,NPM1
NM_001355010.2,chr5,+,171387848,171410900,7,"171387848,171392709,171392913,171400152,171405301,171407699,171410526,","171388006,171392816,171392978,171400210,171405403,171407774,171410900,",0,NPM1
NM_001355009.2,chr5,+,171387848,171407125,9,"171387848,171390050,171391304,171391705,171392709,171392913,171400152,171405301,171406396,","171388006,171390130,171391424,171391799,171392816,171392978,171400210,171405403,171407125,",0,NPM1
NM_001355016.2,chr5,-,150113838,150155845,22,"150113838,150117617,150118746,150119466,150120011,150120887,150121203,150121879,150123041,150124249,150124726,150125444,150126519,150129756,150130538,150131978,150132749,150133585,150133880,150134749,150135554,150155396,","150115946,150117850,150118852,150119566,150120123,150121010,150121322,150122040,150123201,150124360,150124831,150125577,150126614,150129968,150130662,150132094,150132942,150133760,150134008,150135016,150135878,150155845,",0,PDGFRB
NM_001355017.2,chr5,-,150113838,150155845,23,"150113838,150117617,150118746,150119466,150120011,150120887,150121203,150121879,150123041,150124249,150124726,150125444,150126519,150129756,150130538,150131978,150132749,150133585,150133880,150134715,150135554,150137007,150155396,","150115946,150117850,150118852,150119566,150120123,150121010,150121322,150122040,150123201,150124360,150124831,150125577,150126614,150129968,150130662,150132094,150132942,150133760,150134008,150135016,150135878,150137053,150155845,",0,PDGFRB
NM_198253.3,chr5,-,1253166,1295068,16,"1253166,1254367,1255286,1258597,1260473,1264403,1266463,1268519,1271118,1272184,1278640,1279290,1280157,1282428,1293312,1294770,","1253831,1254505,1255411,1258659,1260600,1264592,1266535,1268633,1271204,1272280,1278796,1279470,1280338,1282624,1294666,1295068,",0,TERT
NM_001009185.3,chr5,-,131949972,132011658,21,"131949972,131959535,131960519,131962534,131966415,131967939,131970127,131971549,131972723,131973265,131974892,131976647,131985406,131986821,131988047,131988804,131989406,131990099,131990852,131994030,132011504,","131954371,131959607,131960621,131962678,131966532,131968028,131970200,131971645,131972858,131973400,131974970,131976721,131985458,131986854,131988226,131988904,131989508,131990164,131990967,131994251,132011658,",0,ACSL6
NM_001242466.2,chr5,+,68292576,68301821,9,"68292576,68293100,68293302,68293708,68294535,68295147,68295419,68296170,68297411,","68292729,68293199,68293483,68293834,68294678,68295324,68295488,68296341,68301821,",0,PIK3R1
NM_001405475.1,chr5,-,131949972,132011817,22,"131949972,131959535,131960519,131962534,131966415,131967939,131970127,131971549,131972723,131973265,131974757,131976647,131985406,131986821,131988047,131988804,131989406,131990099,131990852,131991744,131994030,132011769,","131954371,131959607,131960621,131962678,131966532,131968028,131970200,131971645,131972858,131973400,131974835,131976721,131985458,131986854,131988226,131988904,131989508,131990164,131990967,131991813,131994251,132011817,",0,ACSL6
NM_001405476.1,chr5,-,131949972,132011658,22,"131949972,131959535,131960519,131962534,131966415,131967939,131970127,131971549,131972723,131973265,131974757,131976647,131985406,131986821,131988047,131988804,131989406,131990099,131990852,131994030,132004314,132011504,","131954371,131959607,131960621,131962678,131966532,131968028,131970200,131971645,131972858,131973400,131974835,131976721,131985458,131986854,131988226,131988904,131989508,131990164,131990967,131994251,132004663,132011658,",0,ACSL6
NM_001405477.1,chr5,-,131949972,132011658,20,"131949972,131959535,131960519,131962534,131966415,131967939,131970127,131971549,131972723,131973265,131974757,131976647,131986821,131988047,131988804,131989406,131990099,131990852,131994030,132011504,","131954371,131959607,131960621,131962678,131966532,131968028,131970200,131971645,131972858,131973400,131974835,131976721,131986870,131988226,131988904,131989508,131990164,131990967,131994251,132011658,",0,ACSL6
NM_001405478.1,chr5,-,131949972,132011941,21,"131949972,131959535,131960519,131962534,131966415,131967939,131970127,131971549,131972723,131973265,131974757,131976647,131985406,131986821,131988047,131988804,131989406,131990099,131990852,131994030,132011913,","131954371,131959607,131960621,131962678,131966532,131968028,131970200,131971645,131972858,131973400,131974835,131976721,131985458,131986854,131988226,131988904,131989508,131990164,131990967,131994251,132011941,",0,ACSL6
NM_001405480.1,chr5,-,131949972,132011817,21,"131949972,131959535,131960519,131962534,131966415,131967939,131970127,131971549,131972723,131973265,131974892,131976647,131985406,131986821,131988047,131988804,131989406,131990099,131990852,131994030,132011769,","131954371,131959607,131960621,131962678,131966532,131968028,131970200,131971645,131972858,131973400,131974970,131976721,131985458,131986854,131988226,131988904,131989508,131990164,131990967,131994251,132011817,",0,ACSL6
NM_001405479.1,chr5,-,131949972,132012213,21,"131949972,131959535,131960519,131962534,131966415,131967939,131970127,131971549,131972723,131973265,131974892,131976647,131985406,131986821,131988047,131988804,131989406,131990099,131990852,131994030,132012088,","131954371,131959607,131960621,131962678,131966532,131968028,131970200,131971645,131972858,131973400,131974970,131976721,131985458,131986854,131988226,131988904,131989508,131990164,131990967,131994251,132012213,",0,ACSL6
NM_001405481.1,chr5,-,131949972,131999693,21,"131949972,131959535,131960519,131962534,131966415,131967939,131970127,131971549,131972723,131973265,131974757,131976647,131985406,131986821,131988047,131988804,131989406,131990099,131990852,131994030,131999413,","131954371,131959607,131960621,131962678,131966532,131968028,131970200,131971645,131972858,131973400,131974835,131976721,131985458,131986854,131988226,131988904,131989508,131990164,131990967,131994251,131999693,",0,ACSL6
NM_001405482.1,chr5,-,131949972,131999693,21,"131949972,131959535,131960519,131962534,131966415,131967939,131970127,131971549,131972723,131973265,131974892,131976647,131985406,131986821,131988047,131988804,131989406,131990099,131990852,131994030,131999413,","131954371,131959607,131960621,131962678,131966532,131968028,131970200,131971645,131972858,131973400,131974970,131976721,131985458,131986854,131988226,131988904,131989508,131990164,131990967,131994251,131999693,",0,ACSL6
NM_001405483.1,chr5,-,131949972,131994599,21,"131949972,131959535,131960519,131962534,131966415,131967939,131970127,131971549,131972723,131973265,131974892,131976647,131985406,131986821,131988047,131988804,131989406,131990099,131990852,131994030,131994451,","131954371,131959607,131960621,131962678,131966532,131968028,131970200,131971645,131972858,131973400,131974970,131976721,131985458,131986854,131988226,131988904,131989508,131990164,131990967,131994251,131994599,",0,ACSL6
NM_001405484.1,chr5,-,131949972,131994599,21,"131949972,131959535,131960519,131962534,131966415,131967939,131970127,131971549,131972723,131973265,131974757,131976647,131985406,131986821,131988047,131988804,131989406,131990099,131990852,131994030,131994451,","131954371,131959607,131960621,131962678,131966532,131968028,131970200,131971645,131972858,131973400,131974835,131976721,131985458,131986854,131988226,131988904,131989508,131990164,131990967,131994251,131994599,",0,ACSL6
NM_001405485.1,chr5,-,131949972,132011658,21,"131949972,131959535,131960519,131962534,131966415,131967939,131970127,131971549,131972723,131973265,131974892,131976647,131985406,131986821,131988047,131988804,131989406,131990099,131990852,131994135,132011504,","131954371,131959607,131960621,131962678,131966532,131968028,131970200,131971645,131972858,131973400,131974970,131976721,131985458,131986854,131988226,131988904,131989508,131990164,131990967,131994251,132011658,",0,ACSL6
NM_001405486.1,chr5,-,131949972,132011658,21,"131949972,131959535,131960519,131962534,131966415,131967939,131970127,131971549,131972723,131973265,131974892,131976647,131985406,131986821,131988047,131988804,131989406,131990099,131990852,131994135,132011504,","131954371,131959607,131960621,131962624,131966532,131968028,131970200,131971645,131972858,131973400,131974970,131976721,131985458,131986854,131988226,131988904,131989508,131990164,131990967,131994251,132011658,",0,ACSL6
NM_001405487.1,chr5,-,131949972,132011658,21,"131949972,131959535,131960519,131962534,131966415,131967939,131970127,131971549,131972723,131973265,131974892,131976647,131985406,131986821,131988047,131988804,131989406,131990099,131990852,131994135,132011504,","131954371,131959607,131960621,131962678,131966532,131968028,131970200,131971645,131972858,131973400,131974970,131976721,131985458,131986854,131988226,131988904,131989508,131990164,131990967,131994285,132011658,",0,ACSL6
NM_001405488.1,chr5,-,131949972,132012213,21,"131949972,131959535,131960519,131962534,131966415,131967939,131970127,131971549,131972723,131973265,131974892,131976647,131985406,131986821,131988047,131988804,131989406,131990099,131990852,131994135,132012088,","131954371,131959607,131960621,131962678,131966532,131968028,131970200,131971645,131972858,131973400,131974970,131976721,131985458,131986854,131988226,131988904,131989508,131990164,131990967,131994251,132012213,",0,ACSL6
NM_001405490.1,chr5,-,131949972,132011850,20,"131949972,131959535,131960519,131962534,131966415,131967939,131970127,131971549,131972723,131973265,131976647,131985406,131986821,131988047,131988804,131989406,131990099,131990852,131994135,132011820,","131954371,131959607,131960621,131962678,131966532,131968028,131970200,131971645,131972858,131973358,131976721,131985458,131986854,131988226,131988904,131989508,131990164,131990967,131994251,132011850,",0,ACSL6
NM_001405489.1,chr5,-,131949972,131999693,21,"131949972,131959535,131960519,131962534,131966415,131967939,131970127,131971549,131972723,131973265,131974757,131976647,131985406,131986821,131988047,131988804,131989406,131990099,131990852,131994135,131999413,","131954371,131959607,131960621,131962678,131966532,131968028,131970200,131971645,131972858,131973400,131974835,131976721,131985458,131986854,131988226,131988904,131989508,131990164,131990967,131994251,131999693,",0,ACSL6
NM_199185.4,chr5,+,171387848,171410900,10,"171387848,171390050,171391304,171391705,171392709,171392913,171400152,171405301,171407699,171410526,","171388006,171390130,171391424,171391799,171392816,171392978,171400210,171405403,171407774,171410900,",0,NPM1
NM_002520.7,chr5,+,171387848,171410900,11,"171387848,171390050,171391304,171391705,171392709,171392913,171400152,171400838,171405301,171407699,171410526,","171388006,171390130,171391424,171391799,171392816,171392978,171400210,171400925,171405403,171407774,171410900,",0,NPM1
NM_001193376.3,chr5,-,1253166,1295068,15,"1253166,1254367,1255286,1258597,1260473,1266463,1268519,1271118,1272184,1278640,1279290,1280157,1282428,1293312,1294770,","1253831,1254505,1255411,1258659,1260600,1266535,1268633,1271204,1272280,1278796,1279470,1280338,1282624,1294666,1295068,",0,TERT
NM_002609.4,chr5,-,150113838,150155845,23,"150113838,150117617,150118746,150119466,150120011,150120887,150121203,150121879,150123041,150124249,150124726,150125444,150126519,150129756,150130538,150131978,150132749,150133585,150133880,150134749,150135554,150137007,150155396,","150115946,150117850,150118852,150119566,150120123,150121010,150121322,150122040,150123201,150124360,150124831,150125577,150126614,150129968,150130662,150132094,150132942,150133760,150134008,150135016,150135878,150137053,150155845,",0,PDGFRB
NM_181504.4,chr5,+,68290663,68301821,10,"68290663,68292258,68293100,68293302,68293708,68294535,68295147,68295419,68296170,68297411,","68290834,68292361,68293199,68293483,68293834,68294678,68295324,68295488,68296341,68301821,",0,PIK3R1
NM_181523.3,chr5,+,68215755,68301821,16,"68215755,68226289,68273389,68273938,68279601,68280527,68280926,68292258,68293100,68293302,68293708,68294535,68295147,68295419,68296170,68297411,","68215949,68227009,68273482,68274013,68279733,68280729,68281006,68292361,68293199,68293483,68293834,68294678,68295324,68295488,68296341,68301821,",0,PIK3R1
NM_181524.2,chr5,+,68288518,68301821,10,"68288518,68292258,68293100,68293302,68293708,68294535,68295147,68295419,68296170,68297411,","68288751,68292361,68293199,68293483,68293834,68294678,68295324,68295488,68296341,68301821,",0,PIK3R1
NR_149149.2,chr5,+,171387848,171410900,10,"171387848,171390050,171391304,171391705,171392709,171400152,171400838,171405301,171407699,171410526,","171388006,171390130,171391424,171391799,171392753,171400210,171400925,171405403,171407774,171410900,",0,NPM1
NR_149150.2,chr5,-,150152338,150155845,2,"150152338,150155396,","150153957,150155845,",0,PDGFRB
NR_149162.3,chr5,-,1253166,1295068,13,"1253166,1254367,1255286,1258597,1260473,1266463,1268519,1278640,1279290,1280157,1282428,1293312,1294770,","1253831,1254505,1255411,1258659,1260600,1266535,1268633,1278796,1279470,1280338,1282624,1294666,1295068,",0,TERT
NR_149163.3,chr5,-,1253166,1295068,13,"1253166,1254367,1255286,1258597,1260473,1266463,1268519,1278640,1279290,1280157,1282428,1293312,1294770,","1253831,1254505,1255411,1258659,1260600,1266535,1268633,1278760,1279470,1280338,1282624,1294666,1295068,",0,TERT
XM_017009585.3,chr5,+,68216022,68301821,16,"68216022,68226289,68273389,68273938,68279601,68280527,68280926,68292258,68293100,68293302,68293708,68294535,68295147,68295419,68296170,68297411,","68217045,68227009,68273482,68274013,68279733,68280729,68281006,68292361,68293199,68293483,68293834,68294678,68295324,68295488,68296341,68301821,",0,PIK3R1
XM_005248542.4,chr5,+,68215755,68301821,16,"68215755,68226289,68273389,68273938,68279601,68280527,68280926,68292258,68293100,68293302,68293708,68294535,68295147,68295419,68296170,68297411,","68215953,68227009,68273482,68274013,68279733,68280729,68281006,68292361,68293199,68293483,68293834,68294678,68295324,68295488,68296341,68301821,",0,PIK3R1
XR_007059386.1,chr6,-,149680409,149718101,6,"149680409,149681460,149683078,149695073,149701778,149717848,","149680457,149681523,149684592,149695221,149702266,149718101,",0,LATS1
XM_017011104.2,chr6,+,156777377,157210779,22,"156777377,156829226,156871613,156901375,156935465,157036834,157084661,157110471,157133027,157148623,157167039,157174007,157174846,157180968,157184230,157189641,157190037,157196164,157198810,157200704,157203865,157206166,","156779471,156829421,156871652,156901525,156935576,157036876,157084905,157110561,157133207,157148951,157167185,157174117,157175005,157181178,157184435,157189780,157190210,157196315,157198907,157201488,157203996,157210779,",0,ARID1B
XM_017011105.3,chr6,+,156777377,157210779,22,"156777377,156829226,156871613,156901375,156935465,157036834,157084661,157110471,157133027,157148623,157150724,157167039,157174007,157180968,157184230,157189641,157190037,157196164,157198810,157200704,157203865,157206166,","156779471,156829421,156871652,156901525,156935576,157036876,157084905,157110561,157133207,157148951,157150853,157167185,157174117,157181178,157184435,157189780,157190210,157196315,157198907,157201488,157203996,157210779,",0,ARID1B
XM_017011106.3,chr6,+,156777377,157210779,21,"156777377,156829226,156871613,156901375,156935465,157036834,157084661,157110471,157133027,157148623,157167039,157174007,157180968,157184230,157189641,157190037,157196164,157198810,157200704,157203865,157206166,","156779471,156829421,156871652,156901525,156935576,157036876,157084905,157110561,157133207,157148951,157167185,157174117,157181178,157184435,157189780,157190210,157196315,157198907,157201488,157203996,157210779,",0,ARID1B
XM_017011107.3,chr6,+,156777377,157210779,21,"156777377,156829226,156871613,156901375,156935465,157036834,157084661,157110471,157148623,157167039,157174007,157174846,157180968,157184230,157189641,157190037,157196164,157198810,157200704,157203865,157206166,","156779471,156829421,156871652,156901525,156935576,157036876,157084905,157110561,157148951,157167185,157174117,157175005,157181178,157184435,157189780,157190210,157196315,157198907,157201488,157203996,157210779,",0,ARID1B
XM_017011187.2,chr6,+,106046662,106109938,7,"106046662,106088200,106095614,106099299,106104824,106106370,106106910,","106046791,106088449,106095734,106099552,106105933,106106499,106109938,",0,PRDM1
NM_000125.4,chr6,+,151807681,152103274,8,"151807681,151842596,151880654,151944172,152011655,152060990,152094384,152098731,","151808364,151842787,151880771,151944508,152011794,152061124,152094568,152103274,",0,ESR1
XM_011535543.3,chr6,+,151690526,152103274,11,"151690526,151701874,151757479,151807842,151842596,151880654,151944172,152011655,152060990,152094384,152098731,","151690664,151702005,151757593,151808364,151842787,151880771,151944508,152011794,152061124,152094568,152103274,",0,ESR1
XM_011535545.3,chr6,+,151791514,152103274,9,"151791514,151807842,151842596,151880654,151944172,152011655,152060990,152094384,152098731,","151791712,151808364,151842787,151880771,151944508,152011794,152061124,152094568,152103274,",0,ESR1
XM_011535547.3,chr6,+,151690526,152085230,9,"151690526,151701874,151807842,151842596,151880654,151944172,152011655,152060990,152078791,","151690664,151702005,151808364,151842787,151880771,151944508,152011794,152061124,152085230,",0,ESR1
XM_011535549.3,chr6,+,151933671,152103274,6,"151933671,151944172,152011655,152060990,152094384,152098731,","151936217,151944508,152011794,152061124,152094568,152103274,",0,ESR1
NM_004690.4,chr6,-,149658152,149718101,8,"149658152,149676259,149676554,149679874,149683078,149695073,149701778,149717848,","149662238,149676366,149676737,149680457,149684592,149695221,149702266,149718101,",0,LATS1
NM_001363725.2,chr6,+,157036426,157210779,18,"157036426,157036834,157084661,157110471,157133027,157148623,157167039,157174007,157174846,157180968,157184230,157189641,157190037,157196164,157198810,157200704,157203865,157206166,","157036521,157036876,157084905,157110561,157133207,157148951,157167185,157174117,157175005,157181178,157184435,157189780,157190210,157196315,157198907,157201488,157203996,157210779,",0,ARID1B
NM_014641.3,chr6,-,30699806,30717281,15,"30699806,30702552,30702751,30703103,30703417,30703620,30707383,30707565,30711411,30711666,30711873,30713647,30713802,30715039,30717244,","30700632,30702663,30702877,30703286,30703537,30706098,30707454,30708357,30711504,30711726,30713354,30713717,30714183,30715178,30717281,",0,MDC1
XM_017011474.2,chr6,-,149658152,149718101,9,"149658152,149669021,149676259,149676554,149679874,149683078,149695073,149701778,149717848,","149662238,149669120,149676366,149676737,149680457,149684592,149695221,149702266,149718101,",0,LATS1
XM_017011477.2,chr6,-,149663473,149718101,9,"149663473,149669021,149676259,149676554,149679874,149683078,149695073,149701778,149717848,","149664642,149669120,149676366,149676737,149680457,149684592,149695221,149702266,149718101,",0,LATS1
XM_017011479.2,chr6,-,149663191,149718101,8,"149663191,149676259,149676554,149679874,149683078,149695073,149701778,149717848,","149663315,149676366,149676737,149680457,149684592,149695221,149702266,149718101,",0,LATS1
XM_017011522.3,chr6,-,30699806,30717281,15,"30699806,30702552,30702751,30703103,30703417,30703620,30707383,30711411,30711666,30711873,30713647,30713802,30715039,30716881,30717244,","30700632,30702663,30702877,30703286,30703537,30706098,30707454,30711501,30711726,30713354,30713717,30714183,30715178,30717083,30717281,",0,MDC1
NM_001270519.2,chr6,-,149682913,149718101,4,"149682913,149695073,149701778,149717848,","149684592,149695221,149702266,149718101,",0,LATS1
XM_011536062.4,chr6,+,106087753,106109938,7,"106087753,106088200,106095614,106099299,106104824,106106370,106106910,","106087930,106088449,106095734,106099552,106105933,106106499,106109938,",0,PRDM1
XM_011536064.4,chr6,+,106098088,106109938,5,"106098088,106099299,106104824,106106370,106106910,","106098213,106099552,106105933,106106499,106109938,",0,PRDM1
NM_182907.3,chr6,+,106098940,106109938,5,"106098940,106099299,106104824,106106370,106106910,","106099094,106099552,106105933,106106499,106109938,",0,PRDM1
XM_011535984.3,chr6,+,156777377,157210779,23,"156777377,156829226,156871613,156901375,156935465,157036834,157084661,157110471,157133027,157148623,157150724,157167039,157174007,157174846,157180968,157184230,157189641,157190037,157196164,157198810,157200704,157203865,157206166,","156779471,156829421,156871652,156901525,156935576,157036876,157084905,157110561,157133207,157148951,157150853,157167185,157174117,157175005,157181178,157184435,157189780,157190210,157196315,157198907,157201488,157203996,157210779,",0,ARID1B
XM_011535988.4,chr6,+,157133134,157210779,13,"157133134,157167039,157174007,157174846,157180968,157184230,157189641,157190037,157196164,157198810,157200704,157203865,157206166,","157133207,157167185,157174117,157175005,157181178,157184435,157189780,157190210,157196315,157198907,157201488,157203996,157210779,",0,ARID1B
XM_005249492.3,chr6,-,30699806,30717281,15,"30699806,30702552,30702751,30703103,30703417,30703620,30707383,30707565,30711411,30711666,30711873,30713647,30713802,30715039,30716881,","30700632,30702663,30702877,30703286,30703537,30706098,30707454,30708357,30711504,30711726,30713354,30713717,30714183,30715178,30717281,",0,MDC1
XM_005249494.6,chr6,-,30699806,30717281,15,"30699806,30702552,30702751,30703103,30703417,30703620,30707383,30707565,30711411,30711666,30711873,30713647,30713802,30715039,30717248,","30700632,30702663,30702877,30703286,30703537,30706098,30707454,30708357,30711504,30711726,30713354,30713717,30714183,30715178,30717281,",0,MDC1
XM_005249497.5,chr6,-,30699806,30717281,15,"30699806,30702552,30702751,30703103,30703417,30703620,30707383,30708135,30711411,30711666,30711873,30713647,30713802,30715039,30716881,","30700632,30702663,30702877,30703286,30703537,30706098,30707454,30708357,30711504,30711726,30713354,30713717,30714183,30715178,30717281,",0,MDC1
XM_005249498.5,chr6,-,30699806,30717281,14,"30699806,30702552,30702751,30703103,30703417,30703620,30707383,30711411,30711666,30711873,30713647,30713802,30715039,30716881,","30700632,30702663,30702877,30703286,30703537,30706098,30707454,30711504,30711726,30713354,30713717,30714183,30715178,30717281,",0,MDC1
XM_011536252.3,chr6,-,149663191,149718101,8,"149663191,149676259,149676554,149679874,149683078,149695073,149701778,149717848,","149664642,149676366,149676737,149680457,149684592,149695221,149702266,149718101,",0,LATS1
NM_001122740.2,chr6,+,151807195,152103274,9,"151807195,151807842,151842596,151880654,151944172,152011655,152060990,152094384,152098731,","151807509,151808364,151842787,151880771,151944508,152011794,152061124,152094568,152103274,",0,ESR1
NM_001122741.2,chr6,+,151805704,152103274,9,"151805704,151807842,151842596,151880654,151944172,152011655,152060990,152094384,152098731,","151805820,151808364,151842787,151880771,151944508,152011794,152061124,152094568,152103274,",0,ESR1
NM_001122742.2,chr6,+,151690526,152103274,10,"151690526,151701874,151807842,151842596,151880654,151944172,152011655,152060990,152094384,152098731,","151690664,151702005,151808364,151842787,151880771,151944508,152011794,152061124,152094568,152103274,",0,ESR1
NM_001198.4,chr6,+,106086335,106109938,7,"106086335,106088200,106095614,106099299,106104824,106106370,106106910,","106086595,106088449,106095734,106099552,106105933,106106499,106109938,",0,PRDM1
NM_001350340.2,chr6,-,149658152,149718101,9,"149658152,149676259,149676554,149679874,149683078,149695073,149697091,149701778,149717848,","149662238,149676366,149676737,149680457,149684592,149695221,149697186,149702266,149718101,",0,LATS1
NM_001350339.2,chr6,-,149658152,149718101,10,"149658152,149669021,149676259,149676554,149679874,149683078,149695073,149697091,149701778,149717848,","149662238,149669120,149676366,149676737,149680457,149684592,149695221,149697186,149702266,149718101,",0,LATS1
XM_047418290.1,chr6,+,151656671,152103274,10,"151656671,151701874,151807842,151842596,151880654,151944172,152011655,152060990,152094384,152098731,","151666448,151702005,151808364,151842787,151880771,151944508,152011794,152061124,152094568,152103274,",0,ESR1
XM_047418289.1,chr6,+,151807438,152103274,9,"151807438,151807842,151842596,151880654,151944172,152011655,152060990,152094384,152098731,","151807624,151808364,151842787,151880771,151944508,152011794,152061124,152094568,152103274,",0,ESR1
XM_047418291.1,chr6,+,151805704,152085230,8,"151805704,151807842,151842596,151880654,151944172,152011655,152060990,152078791,","151805820,151808364,151842787,151880771,151944508,152011794,152061124,152085230,",0,ESR1
XM_047418292.1,chr6,+,151807195,152085230,8,"151807195,151807842,151842596,151880654,151944172,152011655,152060990,152078791,","151807509,151808364,151842787,151880771,151944508,152011794,152061124,152085230,",0,ESR1
XM_047418293.1,chr6,+,151807195,152085230,8,"151807195,151807842,151842596,151880654,151944172,152011655,152060990,152078791,","151807504,151808364,151842787,151880771,151944508,152011794,152061124,152085230,",0,ESR1
XM_047418294.1,chr6,+,151807438,152085230,8,"151807438,151807842,151842596,151880654,151944172,152011655,152060990,152078791,","151807624,151808364,151842787,151880771,151944508,152011794,152061124,152085230,",0,ESR1
XM_047418295.1,chr6,+,151690526,152103274,9,"151690526,151701874,151807842,151842596,151880654,151944172,152011655,152060990,152098731,","151690668,151702005,151808364,151842787,151880771,151944508,152011794,152061124,152103274,",0,ESR1
XM_047418296.1,chr6,+,151807195,152103274,8,"151807195,151807842,151842596,151880654,151944172,152011655,152060990,152098731,","151807509,151808364,151842787,151880771,151944508,152011794,152061124,152103274,",0,ESR1
XM_047418297.1,chr6,+,151690526,152061124,7,"151690526,151701874,151807842,151842596,151880654,151944172,152060990,","151690664,151702005,151808364,151842787,151880771,151944508,152061124,",0,ESR1
XM_047418298.1,chr6,+,151807681,152061124,5,"151807681,151842596,151880654,151944172,152060990,","151808364,151842787,151880771,151944508,152061124,",0,ESR1
XM_047418299.1,chr6,+,151807195,152061124,6,"151807195,151807842,151842596,151880654,151944172,152060990,","151807509,151808364,151842787,151880771,151944508,152061124,",0,ESR1
NM_001350392.2,chr6,-,149658152,149718101,7,"149658152,149676259,149676554,149679874,149683078,149701778,149717848,","149662238,149676366,149676737,149680457,149684592,149702266,149718101,",0,LATS1
NM_001438482.1,chr6,+,156777377,157210779,21,"156777377,156829226,156901375,156935465,157084661,157110471,157133027,157148623,157150724,157167039,157174007,157174846,157180968,157184230,157189641,157190037,157196164,157198810,157200704,157203865,157206166,","156779471,156829421,156901525,156935576,157084905,157110561,157133207,157148951,157150853,157167185,157174117,157175005,157181178,157184435,157189780,157190210,157196315,157198907,157201488,157203996,157210779,",0,ARID1B
NM_001438483.1,chr6,+,156777377,157210779,21,"156777377,156829226,156901375,156935465,157036834,157084661,157110471,157133027,157148623,157167039,157174007,157174846,157180968,157184230,157189641,157190037,157196164,157198810,157200704,157203865,157206166,","156779471,156829421,156901525,156935576,157036876,157084905,157110561,157133207,157148951,157167185,157174117,157175005,157181178,157184435,157189780,157190210,157196315,157198907,157201488,157203996,157210779,",0,ARID1B
NM_001438485.1,chr6,+,156777377,157210779,19,"156777377,156829226,156901375,156935465,157084661,157133027,157148623,157167039,157174007,157174846,157180968,157184230,157189641,157190037,157196164,157198810,157200704,157203865,157206166,","156779471,156829421,156901525,156935576,157084905,157133207,157148951,157167185,157174117,157175005,157181178,157184435,157189780,157190210,157196315,157198907,157201488,157203996,157210779,",0,ARID1B
NM_001438486.1,chr6,+,156777377,157210779,20,"156777377,156829226,156901375,156935465,157036834,157084661,157110471,157133027,157148623,157167039,157174007,157180968,157184230,157189641,157190037,157196164,157198810,157200704,157203865,157206166,","156779471,156829421,156901525,156935576,157036876,157084905,157110561,157133207,157148951,157167185,157174117,157181178,157184435,157189780,157190210,157196315,157198907,157201488,157203996,157210779,",0,ARID1B
NM_001438487.1,chr6,+,156777377,157210779,19,"156777377,156829226,156901375,156935465,157084661,157110471,157148623,157167039,157174007,157174846,157180968,157184230,157189641,157190037,157196164,157198810,157200704,157203865,157206166,","156779471,156829421,156901525,156935576,157084905,157110561,157148951,157167185,157174117,157175005,157181178,157184435,157189780,157190210,157196315,157198907,157201488,157203996,157210779,",0,ARID1B
NM_001438488.1,chr6,+,157036426,157210779,17,"157036426,157036834,157084661,157110471,157133027,157148623,157167039,157174007,157180968,157184230,157189641,157190037,157196164,157198810,157200704,157203865,157206166,","157036521,157036876,157084905,157110561,157133207,157148951,157167185,157174117,157181178,157184435,157189780,157190210,157196315,157198907,157201488,157203996,157210779,",0,ARID1B
NM_001438490.1,chr6,+,156777377,157051912,6,"156777377,156829226,156901375,156935465,157036834,157049873,","156779471,156829421,156901525,156935576,157036876,157051912,",0,ARID1B
NM_001438489.1,chr6,+,156777377,157072570,6,"156777377,156829226,156901375,156935465,157036834,157071181,","156779471,156829421,156901525,156935576,157036876,157072570,",0,ARID1B
NM_001438491.1,chr6,+,156777377,156985644,5,"156777377,156829226,156901375,156935465,156984297,","156779471,156829421,156901525,156935576,156985644,",0,ARID1B
NM_001438492.1,chr6,+,156777377,156936720,5,"156777377,156829226,156901375,156935465,156936501,","156779471,156829421,156901525,156935576,156936720,",0,ARID1B
NR_033441.2,chr6,-,113933027,113971148,15,"113933027,113941707,113943350,113944279,113945361,113946007,113948978,113949167,113953276,113956012,113956618,113958648,113959905,113962366,113970856,","113941088,113941765,113943506,113944410,113945470,113946148,113949087,113949260,113953418,113956151,113956693,113958766,113960018,113962394,113971148,",0,HDAC2
NR_073033.2,chr6,-,149658152,149716425,9,"149658152,149676259,149676554,149679874,149683078,149695073,149697091,149701778,149716206,","149662238,149676366,149676737,149680457,149684592,149695221,149697186,149702266,149716425,",0,LATS1
NM_001291230.2,chr6,+,151805704,152103274,9,"151805704,151807842,151842596,151880654,151944172,152011655,152060990,152094384,152098731,","151805820,151808364,151842793,151880771,151944508,152011794,152061124,152094568,152103274,",0,ESR1
NM_001291241.2,chr6,+,151805704,152103274,9,"151805704,151807842,151842596,151880654,151944172,152011655,152060990,152094384,152098731,","151805820,151808364,151842787,151880768,151944508,152011794,152061124,152094568,152103274,",0,ESR1
NM_001374820.1,chr6,+,156777377,157210779,20,"156777377,156829226,156871613,156901375,156935465,157084661,157110471,157133027,157148623,157167039,157174007,157180968,157184230,157189641,157190037,157196164,157198810,157200704,157203865,157206166,","156779471,156829421,156871652,156901525,156935576,157084905,157110561,157133207,157148951,157167185,157174117,157181178,157184435,157189780,157190210,157196315,157198907,157201488,157203996,157210779,",0,ARID1B
NM_001374828.1,chr6,+,156777377,157210779,20,"156777377,156829226,156901375,156935465,157084661,157110471,157133027,157148623,157167039,157174007,157174846,157180968,157184230,157189641,157190037,157196164,157198810,157200704,157203865,157206166,","156779471,156829421,156901525,156935576,157084905,157110561,157133207,157148951,157167185,157174117,157175005,157181178,157184435,157189780,157190210,157196315,157198907,157201488,157203996,157210779,",0,ARID1B
NM_001527.4,chr6,-,113933027,113971148,14,"113933027,113941707,113943350,113944279,113945361,113946007,113948978,113949167,113953276,113956012,113956618,113958648,113959905,113970856,","113941088,113941765,113943506,113944410,113945470,113946148,113949087,113949260,113953418,113956151,113956693,113958766,113960018,113971148,",0,HDAC2
XM_047418692.1,chr6,-,113933027,113968659,14,"113933027,113941707,113943350,113944279,113945361,113946007,113948978,113949167,113953276,113956012,113956618,113958648,113959905,113968633,","113941088,113941765,113943506,113944410,113945470,113946148,113949087,113949260,113953418,113956151,113956693,113958766,113960018,113968659,",0,HDAC2
NR_073443.2,chr6,-,113933027,113970729,14,"113933027,113941707,113943350,113944279,113945361,113946007,113948978,113949167,113953276,113956012,113956618,113958648,113959905,113970479,","113941088,113941765,113943506,113944410,113945470,113946148,113949087,113949260,113953418,113956151,113956693,113958766,113960018,113970729,",0,HDAC2
XM_047419130.1,chr6,+,156777377,157210779,22,"156777377,156829226,156901375,156935465,157036834,157084661,157110471,157133027,157148623,157150724,157167039,157174007,157174846,157180968,157184230,157189641,157190037,157196164,157198810,157200704,157203865,157206166,","156779471,156829421,156901525,156935576,157036876,157084905,157110561,157133207,157148951,157150853,157167185,157174117,157175005,157181178,157184435,157189780,157190210,157196315,157198907,157201488,157203996,157210779,",0,ARID1B
XM_047419131.1,chr6,+,156777377,157210779,22,"156777377,156829226,156871613,156901375,156935465,157084661,157110471,157133027,157148623,157150724,157167039,157174007,157174846,157180968,157184230,157189641,157190037,157196164,157198810,157200704,157203865,157206166,","156779471,156829421,156871652,156901525,156935576,157084905,157110561,157133207,157148951,157150853,157167185,157174117,157175005,157181178,157184435,157189780,157190210,157196315,157198907,157201488,157203996,157210779,",0,ARID1B
XM_047419134.1,chr6,+,156777377,157210779,21,"156777377,156829226,156871613,156901375,156935465,157084661,157110471,157133027,157148623,157167039,157174007,157174846,157180968,157184230,157189641,157190037,157196164,157198810,157200704,157203865,157206166,","156779471,156829421,156871652,156901525,156935576,157084905,157110561,157133207,157148951,157167185,157174117,157175005,157181178,157184435,157189780,157190210,157196315,157198907,157201488,157203996,157210779,",0,ARID1B
XM_047419135.1,chr6,+,156777377,157210779,22,"156777377,156829226,156871613,156901375,156935465,157036834,157084661,157110471,157148623,157150724,157167039,157174007,157174846,157180968,157184230,157189641,157190037,157196164,157198810,157200704,157203865,157206166,","156779471,156829421,156871652,156901525,156935576,157036876,157084905,157110561,157148951,157150853,157167185,157174117,157175005,157181178,157184435,157189780,157190210,157196315,157198907,157201488,157203996,157210779,",0,ARID1B
XM_047419136.1,chr6,+,156777377,157210779,21,"156777377,156829226,156901375,156935465,157036834,157084661,157110471,157133027,157148623,157150724,157167039,157174007,157180968,157184230,157189641,157190037,157196164,157198810,157200704,157203865,157206166,","156779471,156829421,156901525,156935576,157036876,157084905,157110561,157133207,157148951,157150853,157167185,157174117,157181178,157184435,157189780,157190210,157196315,157198907,157201488,157203996,157210779,",0,ARID1B
XM_047419137.1,chr6,+,156777377,157210779,21,"156777377,156829226,156871613,156901375,156935465,157084661,157110471,157133027,157148623,157150724,157167039,157174007,157180968,157184230,157189641,157190037,157196164,157198810,157200704,157203865,157206166,","156779471,156829421,156871652,156901525,156935576,157084905,157110561,157133207,157148951,157150853,157167185,157174117,157181178,157184435,157189780,157190210,157196315,157198907,157201488,157203996,157210779,",0,ARID1B
XM_047419138.1,chr6,+,156777377,157210779,21,"156777377,156829226,156871613,156901375,156935465,157036834,157084661,157133027,157148623,157167039,157174007,157174846,157180968,157184230,157189641,157190037,157196164,157198810,157200704,157203865,157206166,","156779471,156829421,156871652,156901525,156935576,157036876,157084905,157133207,157148951,157167185,157174117,157175005,157181178,157184435,157189780,157190210,157196315,157198907,157201488,157203996,157210779,",0,ARID1B
XM_047419140.1,chr6,+,156777377,157210779,20,"156777377,156829226,156901375,156935465,157084661,157110471,157133027,157148623,157150724,157167039,157174007,157180968,157184230,157189641,157190037,157196164,157198810,157200704,157203865,157206166,","156779471,156829421,156901525,156935576,157084905,157110561,157133207,157148951,157150853,157167185,157174117,157181178,157184435,157189780,157190210,157196315,157198907,157201488,157203996,157210779,",0,ARID1B
XM_047419141.1,chr6,+,156777377,157210779,20,"156777377,156829226,156871613,156901375,156935465,157084661,157133027,157148623,157167039,157174007,157174846,157180968,157184230,157189641,157190037,157196164,157198810,157200704,157203865,157206166,","156779471,156829421,156871652,156901525,156935576,157084905,157133207,157148951,157167185,157174117,157175005,157181178,157184435,157189780,157190210,157196315,157198907,157201488,157203996,157210779,",0,ARID1B
XM_047419144.1,chr6,+,156777377,157210779,20,"156777377,156829226,156901375,156935465,157036834,157084661,157110471,157148623,157167039,157174007,157174846,157180968,157184230,157189641,157190037,157196164,157198810,157200704,157203865,157206166,","156779471,156829421,156901525,156935576,157036876,157084905,157110561,157148951,157167185,157174117,157175005,157181178,157184435,157189780,157190210,157196315,157198907,157201488,157203996,157210779,",0,ARID1B
XM_047419145.1,chr6,+,156777377,157210779,20,"156777377,156829226,156871613,156901375,156935465,157084661,157110471,157148623,157167039,157174007,157174846,157180968,157184230,157189641,157190037,157196164,157198810,157200704,157203865,157206166,","156779471,156829421,156871652,156901525,156935576,157084905,157110561,157148951,157167185,157174117,157175005,157181178,157184435,157189780,157190210,157196315,157198907,157201488,157203996,157210779,",0,ARID1B
XM_047419146.1,chr6,+,156777377,157210779,20,"156777377,156829226,156871613,156901375,156935465,157036834,157084661,157133027,157148623,157167039,157174007,157180968,157184230,157189641,157190037,157196164,157198810,157200704,157203865,157206166,","156779471,156829421,156871652,156901525,156935576,157036876,157084905,157133207,157148951,157167185,157174117,157181178,157184435,157189780,157190210,157196315,157198907,157201488,157203996,157210779,",0,ARID1B
XM_047419148.1,chr6,+,156777377,157210779,19,"156777377,156829226,156901375,156935465,157084661,157110471,157148623,157150724,157167039,157174007,157180968,157184230,157189641,157190037,157196164,157198810,157200704,157203865,157206166,","156779471,156829421,156901525,156935576,157084905,157110561,157148951,157150853,157167185,157174117,157181178,157184435,157189780,157190210,157196315,157198907,157201488,157203996,157210779,",0,ARID1B
XM_047419150.1,chr6,+,156777377,157210779,20,"156777377,156829226,156871613,156901375,156935465,157036834,157084661,157110471,157148623,157167039,157174007,157180968,157184230,157189641,157190037,157196164,157198810,157200704,157203865,157206166,","156779471,156829421,156871652,156901525,156935576,157036876,157084905,157110561,157148951,157167185,157174117,157181178,157184435,157189780,157190210,157196315,157198907,157201488,157203996,157210779,",0,ARID1B
XM_047419149.1,chr6,+,156777377,157210779,18,"156777377,156829226,156901375,156935465,157084661,157133027,157148623,157167039,157174007,157180968,157184230,157189641,157190037,157196164,157198810,157200704,157203865,157206166,","156779471,156829421,156901525,156935576,157084905,157133207,157148951,157167185,157174117,157181178,157184435,157189780,157190210,157196315,157198907,157201488,157203996,157210779,",0,ARID1B
XM_047419151.1,chr6,+,156777377,157210779,19,"156777377,156829226,156871613,156901375,156935465,157084661,157110471,157148623,157167039,157174007,157180968,157184230,157189641,157190037,157196164,157198810,157200704,157203865,157206166,","156779471,156829421,156871652,156901525,156935576,157084905,157110561,157148951,157167185,157174117,157181178,157184435,157189780,157190210,157196315,157198907,157201488,157203996,157210779,",0,ARID1B
XM_047419152.1,chr6,+,156777377,157210779,18,"156777377,156829226,156901375,156935465,157084661,157110471,157148623,157167039,157174007,157180968,157184230,157189641,157190037,157196164,157198810,157200704,157203865,157206166,","156779471,156829421,156901525,156935576,157084905,157110561,157148951,157167185,157174117,157181178,157184435,157189780,157190210,157196315,157198907,157201488,157203996,157210779,",0,ARID1B
XM_047419153.1,chr6,+,157026158,157210779,19,"157026158,157036834,157084661,157110471,157133027,157148623,157150724,157167039,157174007,157174846,157180968,157184230,157189641,157190037,157196164,157198810,157200704,157203865,157206166,","157026347,157036876,157084905,157110561,157133207,157148951,157150853,157167185,157174117,157175005,157181178,157184435,157189780,157190210,157196315,157198907,157201488,157203996,157210779,",0,ARID1B
XM_047419154.1,chr6,+,157026159,157210779,17,"157026159,157036834,157084661,157110471,157133027,157148623,157167039,157174007,157180968,157184230,157189641,157190037,157196164,157198810,157200704,157203865,157206166,","157026347,157036876,157084905,157110561,157133207,157148951,157167185,157174117,157181178,157184435,157189780,157190210,157196315,157198907,157201488,157203996,157210779,",0,ARID1B
XM_047419155.1,chr6,+,156777377,157201470,20,"156777377,156829226,156871613,156901375,156935465,157036834,157084661,157110471,157133027,157148623,157150724,157167039,157174007,157174846,157180968,157184230,157189641,157190037,157196164,157200704,","156779471,156829421,156871652,156901525,156935576,157036876,157084905,157110561,157133207,157148951,157150853,157167185,157174117,157175005,157181178,157184435,157189780,157190210,157196315,157201470,",0,ARID1B
XM_047419156.1,chr6,+,157133134,157210779,12,"157133134,157167039,157174007,157180968,157184230,157189641,157190037,157196164,157198810,157200704,157203865,157206166,","157133207,157167185,157174117,157181178,157184435,157189780,157190210,157196315,157198907,157201488,157203996,157210779,",0,ARID1B
XM_047419246.1,chr6,+,105992689,106109938,8,"105992689,105993509,106088200,106095614,106099299,106104824,106106370,106106910,","105992850,105993639,106088449,106095734,106099552,106105933,106106499,106109938,",0,PRDM1
XM_047419247.1,chr6,+,106086335,106109938,6,"106086335,106088200,106095614,106099299,106104824,106106910,","106086595,106088449,106095734,106099552,106105933,106109938,",0,PRDM1
XM_047419248.1,chr6,+,106098940,106109938,4,"106098940,106099299,106104824,106106910,","106099094,106099552,106105933,106109938,",0,PRDM1
NM_001385568.1,chr6,+,151656671,152103274,10,"151656671,151701874,151807842,151842596,151880654,151944172,152011655,152060990,152094384,152098731,","151656763,151702005,151808364,151842787,151880771,151944508,152011794,152061124,152094568,152103274,",0,ESR1
NM_001385570.1,chr6,+,151690526,152103274,9,"151690526,151701874,151807842,151842596,151880654,151944172,152011655,152060990,152098731,","151690664,151702005,151808364,151842787,151880771,151944508,152011794,152061124,152103274,",0,ESR1
NM_001385569.1,chr6,+,151807195,152103274,9,"151807195,151807842,151842596,151880654,151944172,152011655,152060990,152094384,152098731,","151807504,151808364,151842787,151880771,151944508,152011794,152061124,152094568,152103274,",0,ESR1
NM_001385571.1,chr6,+,151807195,152103274,8,"151807195,151807842,151842596,151880654,151944172,152011655,152060990,152098731,","151807504,151808364,151842787,151880771,151944508,152011794,152061124,152103274,",0,ESR1
NM_001385572.1,chr6,+,151807681,152103274,7,"151807681,151842596,151880654,151944172,152011655,152060990,152098731,","151808364,151842787,151880771,151944508,152011794,152061124,152103274,",0,ESR1
XM_047419517.1,chr6,-,149658152,149717707,9,"149658152,149669021,149676259,149676554,149679874,149683078,149695073,149701778,149717603,","149662238,149669120,149676366,149676737,149680457,149684592,149695221,149702266,149717707,",0,LATS1
XM_047419518.1,chr6,-,149658152,149717707,8,"149658152,149676259,149676554,149679874,149683078,149695073,149701778,149717603,","149662238,149676366,149676737,149680457,149684592,149695221,149702266,149717707,",0,LATS1
XM_047419519.1,chr6,-,149668660,149718101,9,"149668660,149669021,149676259,149676554,149679874,149683078,149695073,149701778,149717848,","149668769,149669120,149676366,149676737,149680457,149684592,149695221,149702266,149718101,",0,LATS1
XM_047419521.1,chr6,-,149658152,149702266,7,"149658152,149669021,149676259,149676554,149679874,149683078,149701778,","149662238,149669120,149676366,149676737,149680457,149684592,149702266,",0,LATS1
XM_047419522.1,chr6,-,149679866,149718101,5,"149679866,149683078,149695073,149701778,149717848,","149680457,149684592,149695221,149702266,149718101,",0,LATS1
XM_024446583.2,chr6,-,149658152,149718101,10,"149658152,149669021,149676259,149676554,149679874,149683078,149695073,149701778,149703860,149717848,","149662238,149669120,149676366,149676737,149680457,149684592,149695221,149702266,149704315,149718101,",0,LATS1
XM_047419580.1,chr6,-,30699806,30717281,16,"30699806,30702552,30702751,30703103,30703417,30703620,30707383,30707565,30711411,30711666,30711873,30713647,30713802,30715039,30716881,30717244,","30700632,30702663,30702877,30703286,30703537,30706098,30707454,30708357,30711504,30711726,30713354,30713717,30714183,30715178,30717083,30717281,",0,MDC1
XM_047419581.1,chr6,-,30699806,30717281,16,"30699806,30702552,30702751,30703103,30703417,30703620,30707383,30707565,30711411,30711666,30711873,30713647,30713802,30715039,30716881,30717244,","30700632,30702663,30702877,30703286,30703537,30706098,30707454,30708357,30711501,30711726,30713354,30713717,30714183,30715178,30717083,30717281,",0,MDC1
XM_047419582.1,chr6,-,30699806,30717281,16,"30699806,30702552,30702751,30703103,30703417,30703620,30707383,30707565,30711411,30711666,30711873,30713647,30713802,30715039,30715587,30717244,","30700632,30702663,30702877,30703286,30703537,30706098,30707454,30708357,30711504,30711726,30713354,30713717,30714183,30715178,30715707,30717281,",0,MDC1
XM_047419583.1,chr6,-,30699806,30717281,16,"30699806,30702552,30702751,30703103,30703417,30703620,30707383,30707565,30711411,30711666,30711873,30713647,30713802,30715039,30715587,30717083,","30700632,30702663,30702877,30703286,30703537,30706098,30707454,30708357,30711504,30711726,30713354,30713717,30714183,30715178,30715707,30717281,",0,MDC1
XM_047419584.1,chr6,-,30699806,30717281,16,"30699806,30702552,30702751,30703103,30703417,30703620,30707383,30707565,30711411,30711666,30711873,30713647,30713802,30715039,30717037,30717244,","30700632,30702663,30702877,30703286,30703537,30706098,30707454,30708357,30711504,30711726,30713354,30713717,30714183,30715178,30717083,30717281,",0,MDC1
XM_047419585.1,chr6,-,30699806,30717281,16,"30699806,30702552,30702751,30703103,30703417,30703620,30707383,30708135,30711411,30711666,30711873,30713647,30713802,30715039,30716881,30717244,","30700632,30702663,30702877,30703286,30703537,30706098,30707454,30708357,30711501,30711726,30713354,30713717,30714183,30715178,30717083,30717281,",0,MDC1
XM_047419586.1,chr6,-,30699806,30717281,15,"30699806,30702552,30702751,30703103,30703417,30703620,30707383,30708135,30711411,30711666,30711873,30713647,30713802,30715039,30717248,","30700632,30702663,30702877,30703286,30703537,30706098,30707454,30708357,30711504,30711726,30713354,30713717,30714183,30715178,30717281,",0,MDC1
XM_047419587.1,chr6,-,30699806,30717281,15,"30699806,30702552,30702751,30703103,30703417,30703620,30707383,30711411,30711666,30711873,30713647,30713802,30715039,30716881,30717244,","30700632,30702663,30702877,30703286,30703537,30706098,30707454,30711504,30711726,30713354,30713717,30714183,30715178,30717083,30717281,",0,MDC1
XM_047419588.1,chr6,-,30699806,30717281,14,"30699806,30702552,30702751,30703103,30703417,30703620,30707383,30711411,30711666,30711873,30713647,30713802,30715039,30717248,","30700632,30702663,30702877,30703286,30703537,30706098,30707454,30711504,30711726,30713354,30713717,30714183,30715178,30717281,",0,MDC1
XM_047419589.1,chr6,-,30699806,30717281,14,"30699806,30702552,30702751,30703103,30703417,30703620,30707383,30711411,30711666,30711873,30713647,30713802,30715039,30717248,","30700632,30702663,30702877,30703286,30703537,30706098,30707454,30711501,30711726,30713354,30713717,30714183,30715178,30717281,",0,MDC1
XM_006715550.4,chr6,+,106087753,106109938,6,"106087753,106088200,106095614,106099299,106104824,106106910,","106087930,106088449,106095734,106099552,106105933,106109938,",0,PRDM1
NM_001371656.1,chr6,+,156776025,157210779,21,"156776025,156776861,156829226,156871613,156901375,156935465,157084661,157110471,157133027,157148623,157167039,157174007,157180968,157184230,157189641,157190037,157196164,157198810,157200704,157203865,157206166,","156776126,156779471,156829421,156871652,156901525,156935576,157084905,157110561,157133207,157148951,157167185,157174117,157181178,157184435,157189780,157190210,157196315,157198907,157201488,157203996,157210779,",0,ARID1B
XM_006715603.4,chr6,-,149676554,149718101,7,"149676554,149678681,149679874,149683078,149695073,149701778,149717848,","149676737,149678745,149680457,149684592,149695221,149702266,149718101,",0,LATS1
NM_017519.3,chr6,+,156777377,157210779,19,"156777377,156829226,156901375,156935465,157084661,157110471,157133027,157148623,157167039,157174007,157180968,157184230,157189641,157190037,157196164,157198810,157200704,157203865,157206166,","156779471,156829421,156901525,156935576,157084905,157110561,157133207,157148951,157167185,157174117,157181178,157184435,157189780,157190210,157196315,157198907,157201488,157203996,157210779,",0,ARID1B
XM_011515003.4,chr6,-,30699806,30717281,15,"30699806,30702552,30702751,30703103,30703417,30703620,30707383,30707565,30711411,30711666,30711873,30713647,30713802,30715039,30717037,","30700632,30702663,30702877,30703286,30703537,30706098,30707454,30708357,30711504,30711726,30713354,30713717,30714183,30715178,30717281,",0,MDC1
XM_011515004.4,chr6,-,30699806,30714122,14,"30699806,30702552,30702751,30703103,30703417,30703620,30707383,30707565,30711411,30711666,30711873,30713647,30713802,30714030,","30700632,30702663,30702877,30703286,30703537,30706098,30707454,30708357,30711504,30711726,30713354,30713717,30713932,30714122,",0,MDC1
XM_017010377.2,chr6,+,151656671,152103274,11,"151656671,151666389,151701874,151807842,151842596,151880654,151944172,152011655,152060990,152094384,152098731,","151656763,151666448,151702005,151808364,151842787,151880771,151944508,152011794,152061124,152094568,152103274,",0,ESR1
XM_017010378.2,chr6,+,151690526,152103274,10,"151690526,151701874,151807842,151842596,151880654,151944172,152011655,152060990,152094384,152098731,","151690668,151702005,151808364,151842787,151880771,151944508,152011794,152061124,152094568,152103274,",0,ESR1
XM_017010380.2,chr6,+,151656671,152103274,9,"151656671,151807842,151842596,151880654,151944172,152011655,152060990,152094384,152098731,","151656763,151808364,151842787,151880771,151944508,152011794,152061124,152094568,152103274,",0,ESR1
XM_017010379.2,chr6,+,151696528,152103274,10,"151696528,151701874,151807842,151842596,151880654,151944172,152011655,152060990,152094384,152098731,","151701713,151702005,151808364,151842787,151880771,151944508,152011794,152061124,152094568,152103274,",0,ESR1
XM_017010381.2,chr6,+,151805913,152103274,9,"151805913,151807842,151842596,151880654,151944172,152011655,152060990,152094384,152098731,","151805935,151808364,151842787,151880771,151944508,152011794,152061124,152094568,152103274,",0,ESR1
XM_017010383.2,chr6,+,151936241,152103274,6,"151936241,151944172,152011655,152060990,152094384,152098731,","151940853,151944508,152011794,152061124,152094568,152103274,",0,ESR1
NM_001328100.2,chr6,+,151809106,152129619,7,"151809106,151842596,151880654,151944172,152011655,152060990,152125265,","151809271,151842787,151880771,151944508,152011794,152061124,152129619,",0,ESR1
NM_004456.5,chr7,-,148807382,148884291,20,"148807382,148809070,148809309,148810332,148811624,148813958,148814913,148815505,148816683,148817221,148817876,148819595,148826453,148827163,148828739,148829727,148832633,148846469,148847181,148884163,","148807706,148809155,148809390,148810414,148811720,148814137,148815039,148815546,148816778,148817391,148818117,148819687,148826632,148827266,148828880,148829848,148832750,148846598,148847305,148884291,",0,EZH2
XM_011515883.3,chr7,-,148807382,148884148,21,"148807382,148809070,148809309,148810332,148811624,148813958,148814913,148815505,148816683,148817221,148817876,148819595,148826453,148827163,148828739,148829727,148832633,148846469,148847181,148850453,148884059,","148807706,148809155,148809390,148810414,148811720,148814137,148815039,148815546,148816778,148817391,148818117,148819687,148826632,148827266,148828880,148829848,148832750,148846598,148847305,148850525,148884148,",0,EZH2
XM_011515885.3,chr7,-,148807382,148860329,20,"148807382,148809070,148809309,148810332,148811624,148813958,148814913,148815505,148816683,148817221,148817876,148819595,148826453,148827163,148828739,148829727,148832633,148846496,148847181,148850453,","148807706,148809155,148809390,148810414,148811720,148814137,148815039,148815546,148816778,148817391,148818117,148819687,148826632,148827266,148828880,148829848,148832750,148846598,148847305,148860329,",0,EZH2
XM_011515887.4,chr7,-,148807382,148884291,20,"148807382,148809070,148809309,148810332,148811624,148813958,148814913,148815505,148816683,148817221,148817876,148819595,148826453,148827163,148828739,148829727,148832633,148846496,148847181,148884163,","148807706,148809155,148809390,148810414,148811720,148814137,148815039,148815546,148816778,148817391,148818117,148819687,148826632,148827266,148828880,148829848,148832750,148846598,148847305,148884291,",0,EZH2
XM_011515890.3,chr7,-,148807382,148860329,19,"148807382,148809070,148809309,148810332,148811624,148813958,148814913,148815505,148816683,148817221,148817876,148819595,148826453,148827163,148828739,148829727,148846469,148847181,148850453,","148807706,148809155,148809390,148810414,148811720,148814137,148815039,148815546,148816778,148817391,148818117,148819687,148826632,148827266,148828880,148829848,148846598,148847305,148860329,",0,EZH2
XM_011515889.3,chr7,-,148807382,148847278,20,"148807382,148809070,148809309,148810332,148811624,148813958,148814913,148815505,148816683,148817221,148817876,148819595,148826453,148827163,148828739,148829727,148832633,148836821,148846496,148847181,","148807706,148809155,148809390,148810414,148811720,148814137,148815039,148815546,148816778,148817391,148818117,148819687,148826632,148827266,148828880,148829848,148832750,148836958,148846598,148847278,",0,EZH2
XM_011515901.4,chr7,-,148814065,148860329,12,"148814065,148815505,148817876,148819595,148826453,148827163,148828739,148829727,148832633,148846469,148847181,148850453,","148814137,148815546,148818117,148819687,148826632,148827266,148828880,148829848,148832750,148846598,148847305,148860329,",0,EZH2
XM_011515892.3,chr7,-,148807382,148860329,19,"148807382,148809070,148809309,148810332,148811624,148813958,148815505,148816683,148817221,148817876,148819595,148826453,148827163,148828739,148829727,148832633,148846469,148847181,148850453,","148807706,148809155,148809390,148810414,148811720,148814137,148815546,148816778,148817391,148818117,148819687,148826632,148827266,148828880,148829848,148832750,148846598,148847305,148860329,",0,EZH2
XM_011515893.3,chr7,-,148807382,148860329,19,"148807382,148809070,148809309,148810332,148811624,148813958,148814913,148815505,148816683,148817221,148817876,148819595,148826468,148827163,148828739,148829727,148846469,148847181,148850453,","148807706,148809155,148809390,148810414,148811720,148814137,148815039,148815546,148816778,148817391,148818117,148819687,148826632,148827266,148828880,148829848,148846598,148847305,148860329,",0,EZH2
XM_011515894.3,chr7,-,148807382,148884291,19,"148807382,148809070,148809309,148810332,148811624,148813958,148814913,148815505,148816683,148817221,148817876,148819595,148826453,148827163,148828739,148829727,148846469,148847181,148884163,","148807706,148809155,148809390,148810414,148811720,148814137,148815039,148815546,148816778,148817391,148818117,148819687,148826632,148827266,148828880,148829848,148846598,148847305,148884291,",0,EZH2
XM_011515895.3,chr7,-,148807382,148860329,19,"148807382,148809070,148809309,148810332,148811624,148813958,148814913,148815505,148816683,148817221,148817876,148819595,148826453,148827163,148828739,148829727,148846496,148847181,148850453,","148807706,148809155,148809390,148810414,148811720,148814137,148815039,148815546,148816778,148817391,148818117,148819687,148826632,148827266,148828880,148829848,148846598,148847305,148860329,",0,EZH2
XM_011515896.3,chr7,-,148807382,148860329,18,"148807382,148809070,148809309,148810332,148811624,148813958,148815505,148816683,148817221,148817876,148819595,148826468,148827163,148828739,148829727,148846469,148847181,148850453,","148807706,148809155,148809390,148810414,148811720,148814137,148815546,148816778,148817391,148818117,148819687,148826632,148827266,148828880,148829848,148846598,148847305,148860329,",0,EZH2
XM_011515899.4,chr7,-,148815552,148860329,13,"148815552,148816683,148817221,148817876,148819595,148826453,148827163,148828739,148829727,148832633,148846469,148847181,148850453,","148815954,148816778,148817391,148818117,148819687,148826632,148827266,148828880,148829848,148832750,148846598,148847305,148860329,",0,EZH2
NM_152998.3,chr7,-,148807382,148884291,19,"148807382,148809070,148809309,148810332,148811624,148813958,148814913,148815505,148816683,148817221,148817876,148819595,148826468,148827163,148828739,148829727,148846469,148847181,148884163,","148807706,148809155,148809390,148810414,148811720,148814137,148815039,148815546,148816778,148817391,148818117,148819687,148826632,148827266,148828880,148829848,148846598,148847305,148884291,",0,EZH2
NM_001378467.1,chr7,-,140719336,140924929,19,"140719336,140734616,140739811,140749286,140753274,140754186,140776911,140777990,140781575,140783020,140787547,140794307,140800361,140801411,140807959,140808882,140834608,140850110,140924565,","140726516,140734770,140739946,140749418,140753393,140754233,140777088,140778075,140781693,140783157,140787584,140794467,140800481,140801560,140808062,140808995,140834872,140850212,140924929,",0,BRAF
NM_001378468.1,chr7,-,140719336,140924929,18,"140719336,140739811,140749286,140753274,140754186,140776911,140777990,140781575,140783020,140787547,140794307,140800361,140801411,140807959,140808891,140834608,140850110,140924565,","140726516,140739946,140749418,140753393,140754233,140777088,140778075,140781693,140783157,140787584,140794467,140800481,140801560,140808062,140808995,140834872,140850212,140924929,",0,BRAF
NM_001378470.1,chr7,-,140719336,140924929,18,"140719336,140734616,140739811,140749286,140753274,140754186,140776911,140777990,140781575,140783020,140787547,140794307,140800361,140801411,140807959,140808891,140834608,140924565,","140726516,140734770,140739946,140749418,140753393,140754233,140777088,140778075,140781693,140783157,140787584,140794467,140800481,140801560,140808062,140808995,140834872,140924929,",0,BRAF
NM_001378469.1,chr7,-,140730664,140924929,18,"140730664,140739811,140749286,140753274,140754186,140776911,140777990,140781575,140783020,140787547,140794307,140800361,140801411,140807959,140808891,140834608,140850110,140924565,","140734770,140739946,140749418,140753393,140754233,140777088,140778075,140781693,140783091,140787584,140794467,140800481,140801560,140808062,140808995,140834872,140850212,140924929,",0,BRAF
NM_001378471.1,chr7,-,140719336,140924929,18,"140719336,140734616,140739811,140749286,140753274,140754186,140776911,140777990,140781575,140783020,140794307,140800361,140801411,140807959,140808891,140834608,140850110,140924565,","140726516,140734770,140739946,140749418,140753393,140754233,140777088,140778075,140781693,140783083,140794467,140800481,140801560,140808062,140808995,140834872,140850212,140924929,",0,BRAF
NM_001378472.1,chr7,-,140719336,140924268,19,"140719336,140734616,140739811,140749286,140753274,140754186,140776911,140777990,140781575,140783020,140787547,140794307,140800361,140801411,140807959,140808891,140834608,140850110,140924185,","140726516,140734770,140739946,140749418,140753393,140754233,140777088,140778075,140781693,140783157,140787584,140794467,140800481,140801560,140808062,140808995,140834872,140850212,140924268,",0,BRAF
NM_001378473.1,chr7,-,140730664,140924268,18,"140730664,140739811,140749286,140753274,140754186,140776911,140777990,140781575,140783020,140787547,140794307,140800361,140801411,140807959,140808891,140834608,140850110,140924185,","140734770,140739946,140749418,140753393,140754233,140777088,140778075,140781693,140783157,140787584,140794467,140800481,140801560,140808062,140808995,140834872,140850212,140924268,",0,BRAF
NM_001378474.1,chr7,-,140713327,140924929,18,"140713327,140739811,140749286,140753274,140754186,140776911,140777990,140781575,140783020,140787547,140794307,140800361,140801411,140807959,140808891,140834608,140850110,140924565,","140716036,140739946,140749418,140753393,140754233,140777088,140778075,140781693,140783157,140787584,140794467,140800481,140801560,140808062,140808995,140834872,140850212,140924929,",0,BRAF
NM_001378475.1,chr7,-,140719336,140924929,18,"140719336,140734616,140739811,140749286,140753274,140754186,140776911,140777990,140781575,140783020,140787547,140794307,140800361,140801411,140807959,140808891,140850110,140924565,","140726516,140734770,140739946,140749418,140753393,140754233,140777088,140778075,140781693,140783157,140787584,140794467,140800481,140801560,140808062,140808995,140850212,140924929,",0,BRAF
XM_017011817.3,chr7,-,148807382,148860329,20,"148807382,148809070,148809309,148810332,148811624,148813958,148814913,148815505,148816683,148817221,148817876,148819595,148826453,148827163,148828739,148829727,148832633,148846469,148847181,148850453,","148807706,148809155,148809390,148810414,148811720,148814137,148815039,148815546,148816778,148817391,148818117,148819687,148826632,148827266,148828880,148829848,148832750,148846598,148847305,148860329,",0,EZH2
XM_017011819.2,chr7,-,148807382,148860329,19,"148807382,148809070,148809309,148810332,148811624,148813958,148815505,148816683,148817221,148817876,148819595,148826468,148827163,148828739,148829727,148832633,148846469,148847181,148850453,","148807706,148809155,148809390,148810414,148811720,148814137,148815546,148816778,148817391,148818117,148819687,148826632,148827266,148828880,148829848,148832750,148846598,148847305,148860329,",0,EZH2
XM_017011820.3,chr7,-,148807382,148884291,19,"148807382,148809070,148809309,148810332,148811624,148813958,148814913,148815505,148816683,148817221,148817876,148819595,148826453,148827163,148828739,148829727,148846496,148847181,148884163,","148807706,148809155,148809390,148810414,148811720,148814137,148815039,148815546,148816778,148817391,148818117,148819687,148826632,148827266,148828880,148829848,148846598,148847305,148884291,",0,EZH2
NM_005228.5,chr7,+,55019016,55211628,28,"55019016,55142285,55143304,55146605,55151293,55152545,55154010,55155829,55156532,55156758,55157662,55160138,55161498,55163732,55165279,55171174,55172982,55173920,55174721,55181292,55191718,55192765,55198716,55200315,55201187,55201734,55202516,55205255,","55019365,55142437,55143488,55146740,55151362,55152664,55154152,55155946,55156659,55156832,55157753,55160338,55161631,55163823,55165437,55171213,55173124,55174043,55174820,55181478,55191874,55192841,55198863,55200413,55201355,55201782,55202625,55211628,",0,EGFR
NM_001374244.1,chr7,-,140730664,140924929,19,"140730664,140739811,140749286,140753274,140754186,140776911,140777990,140781575,140783020,140785688,140787547,140794307,140800361,140801411,140807959,140808891,140834608,140850110,140924565,","140734770,140739946,140749418,140753393,140754233,140777088,140778075,140781693,140783157,140785808,140787584,140794467,140800481,140801560,140808062,140808995,140834872,140850212,140924929,",0,BRAF
NM_001374258.1,chr7,-,140719336,140924929,20,"140719336,140734616,140739811,140749286,140753274,140754186,140776911,140777990,140781575,140783020,140785688,140787547,140794307,140800361,140801411,140807959,140808891,140834608,140850110,140924565,","140726516,140734770,140739946,140749418,140753393,140754233,140777088,140778075,140781693,140783157,140785808,140787584,140794467,140800481,140801560,140808062,140808995,140834872,140850212,140924929,",0,BRAF
NM_001354609.2,chr7,-,140719336,140924929,19,"140719336,140734616,140739811,140749286,140753274,140754186,140776911,140777990,140781575,140783020,140787547,140794307,140800361,140801411,140807959,140808891,140834608,140850110,140924565,","140726516,140734770,140739946,140749418,140753393,140754233,140777088,140778075,140781693,140783157,140787584,140794467,140800481,140801560,140808062,140808995,140834872,140850212,140924929,",0,BRAF
XM_017012289.2,chr7,-,497257,518329,7,"497257,500430,501115,510808,512350,517393,518202,","498574,500499,501242,510996,512455,517490,518329,",0,PDGFA
XM_005249962.5,chr7,-,148807382,148883485,21,"148807382,148809070,148809309,148810332,148811624,148813958,148814913,148815505,148816683,148817221,148817876,148819595,148826468,148827163,148828739,148829727,148832633,148846469,148847181,148850453,148883196,","148807706,148809155,148809390,148810414,148811720,148814137,148815039,148815546,148816778,148817391,148818117,148819687,148826632,148827266,148828880,148829848,148832750,148846598,148847305,148850525,148883485,",0,EZH2
XM_005249963.5,chr7,-,148807382,148860329,20,"148807382,148809070,148809309,148810332,148811624,148813958,148814913,148815505,148816683,148817221,148817876,148819595,148826468,148827163,148828739,148829727,148832633,148846496,148847181,148850453,","148807706,148809155,148809390,148810414,148811720,148814137,148815039,148815546,148816778,148817391,148818117,148819687,148826632,148827266,148828880,148829848,148832750,148846598,148847305,148860329,",0,EZH2
XM_005249964.5,chr7,-,148807382,148860329,19,"148807382,148809070,148809309,148810332,148811624,148813958,148815505,148816683,148817221,148817876,148819595,148826468,148827163,148828739,148829727,148832633,148846496,148847181,148850453,","148807706,148809155,148809390,148810414,148811720,148814137,148815546,148816778,148817391,148818117,148819687,148826632,148827266,148828880,148829848,148832750,148846598,148847305,148860329,",0,EZH2
NM_020910.3,chr7,-,138831380,138981389,20,"138831380,138840132,138844316,138852222,138861138,138867974,138869537,138871156,138879537,138881387,138894341,138898954,138903587,138905021,138906918,138908990,138911145,138912371,138916747,138981082,","138838112,138840278,138844474,138852269,138861456,138868128,138869761,138871362,138879653,138881584,138894526,138899132,138903736,138905081,138907102,138909121,138911323,138912460,138919438,138981389,",0,KIAA1549
XM_017012559.2,chr7,-,140719336,140924929,19,"140719336,140739811,140749286,140753274,140754186,140776911,140777990,140781575,140783020,140785688,140787547,140794307,140800361,140801411,140807959,140808891,140834608,140850110,140924565,","140726516,140739946,140749418,140753393,140754233,140777088,140778075,140781693,140783157,140785808,140787584,140794467,140800481,140801560,140808062,140808995,140834872,140850212,140924929,",0,BRAF
NM_194071.4,chr7,-,137874978,138002086,12,"137874978,137882411,137884994,137885402,137901353,137903958,137905701,137908251,137912990,137915836,137928149,138001603,","137880551,137882628,137885121,137885502,137901422,137904017,137905848,137908436,137913078,137916012,137928366,138002086,",0,CREB3L2
XM_047420000.1,chr7,-,148807382,148860329,19,"148807382,148809070,148809309,148810332,148811624,148813958,148814913,148815505,148816683,148817221,148817876,148819595,148826468,148827163,148828739,148829727,148846496,148847181,148850453,","148807706,148809155,148809390,148810414,148811720,148814137,148815039,148815546,148816778,148817391,148818117,148819687,148826632,148827266,148828880,148829848,148846598,148847305,148860329,",0,EZH2
XM_047420001.1,chr7,-,148807382,148884291,19,"148807382,148809070,148809309,148810332,148811624,148813958,148815505,148816683,148817221,148817876,148819595,148826468,148827163,148828739,148829727,148832633,148846469,148847181,148884163,","148807706,148809155,148809390,148810414,148811720,148814137,148815546,148816778,148817391,148818117,148819687,148826632,148827266,148828880,148829848,148832750,148846598,148847305,148884291,",0,EZH2
XM_047420002.1,chr7,-,148807382,148884291,19,"148807382,148809070,148809309,148810332,148811624,148813958,148814913,148815505,148816683,148817221,148817876,148819595,148826468,148827163,148828739,148829727,148846496,148847181,148884163,","148807706,148809155,148809390,148810414,148811720,148814137,148815039,148815546,148816778,148817391,148818117,148819687,148826632,148827266,148828880,148829848,148846598,148847305,148884291,",0,EZH2
XM_047420004.1,chr7,-,148807382,148884291,18,"148807382,148809070,148809309,148810332,148811624,148813958,148815505,148816683,148817221,148817876,148819595,148826468,148827163,148828739,148829727,148846469,148847181,148884163,","148807706,148809155,148809390,148810414,148811720,148814137,148815546,148816778,148817391,148818117,148819687,148826632,148827266,148828880,148829848,148846598,148847305,148884291,",0,EZH2
XM_047420005.1,chr7,-,148807382,148846578,19,"148807382,148809070,148809309,148810332,148811624,148813958,148814913,148815505,148816683,148817221,148817876,148819595,148826453,148827163,148828739,148829727,148832633,148836821,148846469,","148807706,148809155,148809390,148810414,148811720,148814137,148815039,148815546,148816778,148817391,148818117,148819687,148826632,148827266,148828880,148829848,148832750,148837000,148846578,",0,EZH2
XM_047420006.1,chr7,-,148807382,148846530,19,"148807382,148809070,148809309,148810332,148811624,148813958,148814913,148815505,148816683,148817221,148817876,148819595,148826453,148827163,148828739,148829727,148832633,148836821,148846469,","148807706,148809155,148809390,148810414,148811720,148814137,148815039,148815546,148816778,148817391,148818117,148819687,148826632,148827266,148828880,148829848,148832750,148836958,148846530,",0,EZH2
XM_047420007.1,chr7,-,148815552,148884291,13,"148815552,148816683,148817221,148817876,148819595,148826468,148827163,148828739,148829727,148832633,148846469,148847181,148884163,","148815954,148816778,148817391,148818117,148819687,148826632,148827266,148828880,148829848,148832750,148846598,148847305,148884291,",0,EZH2
XM_047420008.1,chr7,-,148814930,148860329,12,"148814930,148815505,148817876,148819595,148826453,148827163,148828739,148829727,148832633,148846469,148847181,148850453,","148815039,148815546,148818117,148819687,148826632,148827266,148828880,148829848,148832750,148846598,148847305,148860329,",0,EZH2
XM_047420009.1,chr7,-,148816698,148860329,11,"148816698,148817876,148819595,148826453,148827163,148828739,148829727,148832633,148846469,148847181,148850453,","148816778,148818117,148819687,148826632,148827266,148828880,148829848,148832750,148846598,148847305,148860329,",0,EZH2
NR_172526.1,chr7,-,497257,520226,6,"497257,501115,510808,512350,517393,519959,","498574,501242,510996,512455,517490,520226,",0,PDGFA
NR_172527.1,chr7,-,497257,519846,6,"497257,501115,510808,512350,517397,518938,","498574,501242,510996,512455,517490,519846,",0,PDGFA
NM_001395363.1,chr7,-,497257,520700,7,"497257,501115,510808,512350,517397,518938,520396,","498574,501242,510996,512455,517490,519068,520700,",0,PDGFA
NM_001395364.1,chr7,-,497257,518329,6,"497257,501115,510808,512350,517393,518202,","498574,501242,510996,512455,517490,518329,",0,PDGFA
NM_001395365.1,chr7,-,497257,520700,6,"497257,501115,510808,512350,517393,520396,","498574,501242,510996,512455,517490,520700,",0,PDGFA
NM_001395366.1,chr7,-,497257,520226,7,"497257,501115,510808,512350,517393,518938,519959,","498574,501242,510996,512455,517490,519068,520226,",0,PDGFA
NM_001203247.2,chr7,-,148807382,148884291,20,"148807382,148809070,148809309,148810332,148811624,148813958,148814913,148815505,148816683,148817221,148817876,148819595,148826468,148827163,148828739,148829727,148832633,148846469,148847181,148884163,","148807706,148809155,148809390,148810414,148811720,148814137,148815039,148815546,148816778,148817391,148818117,148819687,148826632,148827266,148828880,148829848,148832750,148846598,148847305,148884291,",0,EZH2
XM_047420455.1,chr7,-,497257,520700,7,"497257,500430,501115,510808,512350,518938,520396,","498574,500499,501242,510996,512455,519068,520700,",0,PDGFA
NM_001203248.2,chr7,-,148807382,148884291,20,"148807382,148809070,148809309,148810332,148811624,148813958,148814913,148815505,148816683,148817221,148817876,148819595,148826468,148827163,148828739,148829727,148832633,148846496,148847181,148884163,","148807706,148809155,148809390,148810414,148811720,148814137,148815039,148815546,148816778,148817391,148818117,148819687,148826632,148827266,148828880,148829848,148832750,148846598,148847305,148884291,",0,EZH2
XM_047420456.1,chr7,-,497257,520700,7,"497257,500430,501115,510808,512350,517393,520396,","498574,500499,501242,510996,512455,517490,520700,",0,PDGFA
NM_001203249.2,chr7,-,148807382,148883485,19,"148807382,148809070,148809309,148810332,148811624,148813958,148815505,148816683,148817221,148817876,148819595,148826468,148827163,148828739,148829727,148832633,148846496,148847181,148883196,","148807706,148809155,148809390,148810414,148811720,148814137,148815546,148816778,148817391,148818117,148819687,148826632,148827266,148828880,148829848,148832750,148846598,148847305,148883485,",0,EZH2
XM_047420457.1,chr7,-,497257,520226,8,"497257,500430,501115,510808,512350,517393,518938,519959,","498574,500499,501242,510996,512455,517490,519068,520226,",0,PDGFA
XM_047420458.1,chr7,-,497257,517987,6,"497257,501115,510808,512350,517393,517798,","498574,501242,510996,512455,517490,517987,",0,PDGFA
NM_170606.3,chr7,-,152134924,152436003,59,"152134924,152138795,152139185,152139674,152144712,152145152,152146598,152148032,152150899,152151441,152152704,152154009,152154266,152155909,152156204,152158862,152162116,152167145,152169185,152171263,152174130,152176190,152179833,152180710,152182973,152185557,152187261,152187714,152194008,152194228,152194439,152195906,152199278,152202933,152205105,152207299,152220522,152222000,152222572,152224014,152224434,152229922,152230219,152235816,152238706,152247901,152249875,152250852,152251938,152252545,152263015,152265037,152273704,152309965,152311797,152315137,152330600,152358586,152435625,","152136924,152138904,152139259,152139791,152144881,152145295,152146735,152149152,152151007,152151581,152152954,152154146,152154445,152156057,152156346,152159072,152163826,152167378,152169249,152171342,152174242,152178010,152180126,152182594,152183156,152185631,152187476,152187847,152194128,152194261,152194568,152196011,152199459,152203064,152205225,152207428,152220735,152222066,152222682,152224179,152224616,152230027,152230321,152235933,152238826,152248620,152249953,152250966,152252090,152252715,152263130,152265209,152273867,152310075,152311946,152315338,152330739,152358675,152436003,",0,KMT2C
NM_002607.6,chr7,-,497257,519846,7,"497257,500430,501115,510808,512350,517393,518938,","498574,500499,501242,510996,512455,517490,519846,",0,PDGFA
XM_047420766.1,chr7,-,140719336,140924268,20,"140719336,140734616,140739811,140749286,140753274,140754186,140776911,140777990,140781575,140783020,140785688,140787547,140794307,140800361,140801411,140807959,140808891,140834608,140850110,140924185,","140726516,140734770,140739946,140749418,140753393,140754233,140777088,140778075,140781693,140783157,140785808,140787584,140794467,140800481,140801560,140808062,140808995,140834872,140850212,140924268,",0,BRAF
XM_047420767.1,chr7,-,140739811,140924929,19,"140739811,140747365,140749286,140753274,140754186,140776911,140777990,140781575,140783020,140785688,140787547,140794307,140800361,140801411,140807959,140808891,140834608,140850110,140924565,","140739946,140747447,140749418,140753393,140754233,140777088,140778075,140781693,140783157,140785808,140787584,140794467,140800481,140801560,140808062,140808995,140834872,140850212,140924929,",0,BRAF
XM_047420768.1,chr7,-,140747376,140924929,16,"140747376,140749286,140776911,140777990,140781575,140783020,140785688,140787547,140794307,140800361,140801411,140807959,140808891,140834608,140850110,140924565,","140747447,140749418,140777088,140778075,140781693,140783157,140785808,140787584,140794467,140800481,140801560,140808062,140808995,140834872,140850212,140924929,",0,BRAF
XM_047420770.1,chr7,-,140719336,140808983,18,"140719336,140734616,140739811,140749286,140753274,140754186,140776911,140777990,140781575,140783020,140785688,140787547,140794307,140800361,140801411,140807959,140808236,140808891,","140726516,140734770,140739946,140749418,140753393,140754233,140777088,140778075,140781693,140783157,140785808,140787584,140794467,140800481,140801560,140808062,140808316,140808983,",0,BRAF
XM_047420769.1,chr7,-,140747379,140924929,15,"140747379,140749286,140776911,140777990,140781575,140783020,140787547,140794307,140800361,140801411,140807959,140808891,140834608,140850110,140924565,","140747447,140749418,140777088,140778075,140781693,140783157,140787584,140794467,140800481,140801560,140808062,140808995,140834872,140850212,140924929,",0,BRAF
XM_047419952.1,chr7,+,55095531,55211628,28,"55095531,55142285,55143304,55146605,55151293,55152545,55154010,55155829,55156532,55156758,55157662,55160138,55161498,55163732,55165279,55171174,55172982,55173920,55174721,55181292,55191718,55192765,55198716,55200315,55201187,55201734,55202516,55205255,","55134429,55142437,55143488,55146740,55151362,55152664,55154152,55155946,55156659,55156832,55157753,55160338,55161631,55163823,55165437,55171213,55173124,55174043,55174820,55181478,55191874,55192841,55198863,55200413,55201355,55201782,55202625,55211628,",0,EGFR
XM_047419953.1,chr7,+,55080468,55211628,28,"55080468,55142285,55143304,55146605,55151293,55152545,55154010,55155829,55156532,55156758,55157662,55160138,55161498,55163732,55165279,55171174,55172982,55173920,55174721,55181292,55191718,55192765,55198716,55200315,55201187,55201734,55202516,55205255,","55081543,55142437,55143488,55146740,55151362,55152664,55154152,55155946,55156659,55156832,55157753,55160338,55161631,55163823,55165437,55171213,55173124,55174043,55174820,55181478,55191874,55192841,55198863,55200413,55201355,55201782,55202625,55211628,",0,EGFR
XM_047419990.1,chr7,-,148807382,148884176,21,"148807382,148809070,148809309,148810332,148811624,148813958,148814913,148815505,148816683,148817221,148817876,148819595,148826468,148827163,148828739,148829727,148832633,148846469,148847181,148850453,148884059,","148807706,148809155,148809390,148810414,148811720,148814137,148815039,148815546,148816778,148817391,148818117,148819687,148826632,148827266,148828880,148829848,148832750,148846598,148847305,148850525,148884176,",0,EZH2
XM_047419989.1,chr7,-,148807382,148883485,21,"148807382,148809070,148809309,148810332,148811624,148813958,148814913,148815505,148816683,148817221,148817876,148819595,148826453,148827163,148828739,148829727,148832633,148846469,148847181,148850453,148883196,","148807706,148809155,148809390,148810414,148811720,148814137,148815039,148815546,148816778,148817391,148818117,148819687,148826632,148827266,148828880,148829848,148832750,148846598,148847305,148850525,148883485,",0,EZH2
XM_047419991.1,chr7,-,148807382,148868408,20,"148807382,148809070,148809309,148810332,148811624,148813958,148814913,148815505,148816683,148817221,148817876,148819595,148826453,148827163,148828739,148829727,148832633,148846469,148847181,148868292,","148807706,148809155,148809390,148810414,148811720,148814137,148815039,148815546,148816778,148817391,148818117,148819687,148826632,148827266,148828880,148829848,148832750,148846598,148847305,148868408,",0,EZH2
XM_047419992.1,chr7,-,148807382,148884168,20,"148807382,148809070,148809309,148810332,148811624,148813958,148814913,148815505,148816683,148817221,148817876,148819595,148826468,148827163,148828739,148829727,148832633,148846469,148847181,148884059,","148807706,148809155,148809390,148810414,148811720,148814137,148815039,148815546,148816778,148817391,148818117,148819687,148826632,148827266,148828880,148829848,148832750,148846598,148847305,148884168,",0,EZH2
XM_047419993.1,chr7,-,148807382,148884161,21,"148807382,148809070,148809309,148810332,148811624,148813958,148814913,148815505,148816683,148817221,148817876,148819595,148826468,148827163,148828739,148829727,148832633,148846496,148847181,148850453,148884059,","148807706,148809155,148809390,148810414,148811720,148814137,148815039,148815546,148816778,148817391,148818117,148819687,148826632,148827266,148828880,148829848,148832750,148846598,148847305,148850525,148884161,",0,EZH2
XM_047419994.1,chr7,-,148807382,148884116,21,"148807382,148809070,148809309,148810332,148811624,148813958,148814913,148815505,148816683,148817221,148817876,148819595,148826468,148827163,148828739,148829727,148832633,148846496,148847181,148850453,148883935,","148807706,148809155,148809390,148810414,148811720,148814137,148815039,148815546,148816778,148817391,148818117,148819687,148826632,148827266,148828880,148829848,148832750,148846598,148847305,148850525,148884116,",0,EZH2
XM_047419995.1,chr7,-,148807382,148847278,20,"148807382,148809070,148809309,148810332,148811624,148813958,148814913,148815505,148816683,148817221,148817876,148819595,148826453,148827163,148828739,148829727,148832633,148836821,148846496,148847181,","148807706,148809155,148809390,148810414,148811720,148814137,148815039,148815546,148816778,148817391,148818117,148819687,148826632,148827266,148828880,148829848,148832750,148837000,148846598,148847278,",0,EZH2
XM_047419996.1,chr7,-,148807382,148847278,20,"148807382,148809070,148809309,148810332,148811624,148813958,148814913,148815505,148816683,148817221,148817876,148819595,148826468,148827163,148828739,148829727,148832633,148836821,148846496,148847181,","148807706,148809155,148809390,148810414,148811720,148814137,148815039,148815546,148816778,148817391,148818117,148819687,148826632,148827266,148828880,148829848,148832750,148837000,148846598,148847278,",0,EZH2
XM_047419997.1,chr7,-,148807382,148884170,20,"148807382,148809070,148809309,148810332,148811624,148813958,148814913,148815505,148816683,148817221,148817876,148819595,148826468,148827163,148828739,148829727,148832633,148846496,148847181,148884059,","148807706,148809155,148809390,148810414,148811720,148814137,148815039,148815546,148816778,148817391,148818117,148819687,148826632,148827266,148828880,148829848,148832750,148846598,148847305,148884170,",0,EZH2
XM_047419998.1,chr7,-,148807382,148884153,20,"148807382,148809070,148809309,148810332,148811624,148813958,148814913,148815505,148816683,148817221,148817876,148819595,148826468,148827163,148828739,148829727,148846469,148847181,148850453,148884059,","148807706,148809155,148809390,148810414,148811720,148814137,148815039,148815546,148816778,148817391,148818117,148819687,148826632,148827266,148828880,148829848,148846598,148847305,148850525,148884153,",0,EZH2
XM_047419999.1,chr7,-,148807382,148884291,19,"148807382,148809070,148809309,148810332,148811624,148813958,148815505,148816683,148817221,148817876,148819595,148826453,148827163,148828739,148829727,148832633,148846469,148847181,148884163,","148807706,148809155,148809390,148810414,148811720,148814137,148815546,148816778,148817391,148818117,148819687,148826632,148827266,148828880,148829848,148832750,148846598,148847305,148884291,",0,EZH2
NM_001346900.2,chr7,+,55109838,55211628,28,"55109838,55142285,55143304,55146605,55151293,55152545,55154010,55155829,55156532,55156758,55157662,55160138,55161498,55163732,55165279,55171174,55172982,55173920,55174721,55181292,55191718,55192765,55198716,55200315,55201187,55201734,55202516,55205255,","55109958,55142437,55143488,55146740,55151362,55152664,55154152,55155946,55156659,55156832,55157753,55160338,55161631,55163823,55165437,55171213,55173124,55174043,55174820,55181478,55191874,55192841,55198863,55200413,55201355,55201782,55202625,55211628,",0,EGFR
NM_001346897.2,chr7,+,55019016,55203076,26,"55019016,55142285,55143304,55151293,55152545,55154010,55155829,55156532,55156758,55157662,55160138,55161498,55163732,55165279,55171174,55172982,55173920,55174721,55181292,55191718,55192765,55198716,55200315,55201187,55201734,55202516,","55019365,55142437,55143488,55151362,55152664,55154152,55155946,55156659,55156832,55157753,55160338,55161631,55163823,55165437,55171213,55173124,55174043,55174820,55181478,55191874,55192841,55198863,55200413,55201355,55201782,55203076,",0,EGFR
NM_001346898.2,chr7,+,55019016,55203076,27,"55019016,55142285,55143304,55146605,55151293,55152545,55154010,55155829,55156532,55156758,55157662,55160138,55161498,55163732,55165279,55171174,55172982,55173920,55174721,55181292,55191718,55192765,55198716,55200315,55201187,55201734,55202516,","55019365,55142437,55143488,55146740,55151362,55152664,55154152,55155946,55156659,55156832,55157753,55160338,55161631,55163823,55165437,55171213,55173124,55174043,55174820,55181478,55191874,55192841,55198863,55200413,55201355,55201782,55203076,",0,EGFR
NM_001346899.2,chr7,+,55019016,55211628,27,"55019016,55142285,55143304,55151293,55152545,55154010,55155829,55156532,55156758,55157662,55160138,55161498,55163732,55165279,55171174,55172982,55173920,55174721,55181292,55191718,55192765,55198716,55200315,55201187,55201734,55202516,55205255,","55019365,55142437,55143488,55151362,55152664,55154152,55155946,55156659,55156832,55157753,55160338,55161631,55163823,55165437,55171213,55173124,55174043,55174820,55181478,55191874,55192841,55198863,55200413,55201355,55201782,55202625,55211628,",0,EGFR
NM_001346941.2,chr7,+,55019016,55211628,22,"55019016,55155829,55156532,55156758,55157662,55160138,55161498,55163732,55165279,55171174,55172982,55173920,55174721,55181292,55191718,55192765,55198716,55200315,55201187,55201734,55202516,55205255,","55019365,55155946,55156659,55156832,55157753,55160338,55161631,55163823,55165437,55171213,55173124,55174043,55174820,55181478,55191874,55192841,55198863,55200413,55201355,55201782,55202625,55211628,",0,EGFR
NM_033023.5,chr7,-,497257,519846,6,"497257,501115,510808,512350,517393,518938,","498574,501242,510996,512455,517490,519846,",0,PDGFA
NM_201282.2,chr7,+,55019016,55168635,16,"55019016,55142285,55143304,55146605,55151293,55152545,55154010,55155829,55156532,55156758,55157662,55160138,55161498,55163732,55165279,55168522,","55019365,55142437,55143488,55146740,55151362,55152664,55154152,55155946,55156659,55156832,55157753,55160338,55161631,55163823,55165437,55168635,",0,EGFR
NM_201283.2,chr7,+,55019016,55156939,10,"55019016,55142285,55143304,55146605,55151293,55152545,55154010,55155829,55156532,55156758,","55019365,55142437,55143488,55146740,55151362,55152664,55154152,55155946,55156659,55156939,",0,EGFR
NM_201284.2,chr7,+,55019016,55171037,16,"55019016,55142285,55143304,55146605,55151293,55152545,55154010,55155829,55156532,55156758,55157662,55160138,55161498,55163732,55165279,55170306,","55019365,55142437,55143488,55146740,55151362,55152664,55154152,55155946,55156659,55156832,55157753,55160338,55161631,55163823,55165437,55171037,",0,EGFR
NM_001164665.2,chr7,-,138831380,138981389,20,"138831380,138840132,138844316,138852222,138861138,138867974,138869537,138871156,138879537,138881387,138894341,138898954,138903587,138905021,138906918,138908990,138911145,138912371,138916747,138981082,","138838160,138840278,138844474,138852269,138861456,138868128,138869761,138871362,138879653,138881584,138894526,138899132,138903736,138905081,138907102,138909121,138911323,138912460,138919438,138981389,",0,KIAA1549
NM_001253775.2,chr7,-,137912823,138002086,4,"137912823,137915836,137928149,138001603,","137913078,137916012,137928366,138002086,",0,CREB3L2
XM_011515415.2,chr7,-,497257,520700,8,"497257,500430,501115,510808,512350,517397,518938,520396,","498574,500499,501242,510996,512455,517490,519068,520700,",0,PDGFA
XM_011515416.2,chr7,-,497257,520700,8,"497257,500430,501115,510808,512350,517393,518938,520396,","498574,500499,501242,510996,512455,517490,519068,520700,",0,PDGFA
XM_011515418.2,chr7,-,497257,520700,7,"497257,501115,510808,512350,517393,518938,520396,","498574,501242,510996,512455,517490,519068,520700,",0,PDGFA
XM_011515419.4,chr7,-,497257,517904,7,"497257,500430,501115,510808,512350,517393,517798,","498574,500499,501242,510996,512455,517490,517904,",0,PDGFA
NM_001318246.2,chr7,-,137874978,137932988,12,"137874978,137882411,137884994,137885402,137901353,137903958,137905701,137908251,137912990,137915836,137928149,137932903,","137880551,137882628,137885121,137885502,137901422,137904017,137905848,137908436,137913078,137916012,137928366,137932988,",0,CREB3L2
NM_004333.6,chr7,-,140730664,140924929,18,"140730664,140739811,140749286,140753274,140754186,140776911,140777990,140781575,140783020,140787547,140794307,140800361,140801411,140807959,140808891,140834608,140850110,140924565,","140734770,140739946,140749418,140753393,140754233,140777088,140778075,140781693,140783157,140787584,140794467,140800481,140801560,140808062,140808995,140834872,140850212,140924929,",0,BRAF
NM_001314051.2,chr8,-,107249481,107336522,8,"107249481,107264220,107284681,107293935,107303239,107321895,107336149,107336383,","107252015,107264351,107284848,107294037,107303367,107322128,107336271,107336522,",0,ANGPT1
NM_001199859.3,chr8,-,107249481,107497918,9,"107249481,107264220,107284681,107293935,107303239,107321898,107336149,107346941,107497261,","107252015,107264351,107284848,107294037,107303367,107322128,107336271,107347097,107497918,",0,ANGPT1
NM_001354367.2,chr8,-,38411142,38468635,18,"38411142,38413917,38414151,38414558,38414778,38415869,38417305,38417869,38418227,38419532,38421796,38424508,38426121,38427920,38428351,38429681,38457355,38467980,","38412595,38414023,38414289,38414629,38414901,38416060,38417416,38417991,38418373,38419735,38421941,38424699,38426245,38428093,38428435,38429948,38457534,38468635,",0,FGFR1
NM_001354368.2,chr8,-,38411142,38468635,17,"38411142,38413917,38414151,38414558,38414778,38415869,38417305,38417869,38418227,38419538,38421796,38424508,38426121,38427920,38428351,38457355,38467980,","38413804,38414023,38414289,38414629,38414901,38416060,38417416,38417991,38418373,38419735,38421941,38424699,38426245,38428093,38428435,38457534,38468635,",0,FGFR1
NM_001354370.2,chr8,-,38411142,38468635,17,"38411142,38413917,38414151,38414558,38414778,38415869,38417305,38417869,38418227,38419532,38421796,38424508,38426121,38427920,38428351,38457355,38467980,","38412595,38414023,38414289,38414629,38414901,38416060,38417416,38417991,38418373,38419735,38421941,38424699,38426245,38428093,38428435,38457534,38468635,",0,FGFR1
NM_001354369.2,chr8,-,38411142,38467724,18,"38411142,38413917,38414151,38414558,38414778,38415869,38417305,38417869,38418227,38419538,38421796,38424508,38426121,38427920,38428351,38429681,38457355,38467671,","38412595,38414023,38414289,38414629,38414901,38416060,38417416,38417991,38418373,38419735,38421941,38424699,38426245,38428093,38428435,38429948,38457534,38467724,",0,FGFR1
NM_001438282.1,chr8,-,100702915,100722088,15,"100702915,100704279,100704925,100705588,100706650,100706886,100709132,100709458,100712361,100712651,100713086,100715461,100717772,100718086,100721390,","100703359,100704390,100705056,100705673,100706805,100706997,100709223,100709731,100712457,100712789,100713181,100715601,100717888,100718280,100722088,",0,PABPC1
NM_001146.5,chr8,-,107249481,107497918,9,"107249481,107264220,107284681,107293935,107303239,107321895,107336149,107346941,107497261,","107252015,107264351,107284848,107294037,107303367,107322128,107336271,107347097,107497918,",0,ANGPT1
XM_011516815.3,chr8,-,112222927,112531053,45,"112222927,112228755,112231544,112234364,112237189,112241719,112244393,112247019,112254252,112255253,112263638,112265410,112281173,112287063,112289364,112291509,112292536,112295832,112301792,112304720,112306006,112310977,112313905,112314428,112318836,112319900,112335328,112336651,112337542,112341476,112346096,112351174,112352415,112380351,112383566,112390663,112406523,112408317,112408918,112472590,112492488,112503789,112506690,112517033,112530828,","112224930,112228891,112231632,112234477,112237348,112241785,112244573,112247131,112254326,112255427,112263812,112265590,112281350,112287246,112289538,112291695,112292710,112296006,112301966,112304915,112306192,112311166,112314052,112314617,112318950,112319981,112335474,112336829,112337731,112341686,112346213,112351244,112352534,112380456,112383663,112390788,112406727,112408413,112409032,112472707,112492683,112503977,112506829,112517225,112531053,",0,CSMD3
XM_011516816.3,chr8,-,112222927,113436939,70,"112222927,112228755,112231544,112234364,112237189,112241719,112244393,112247019,112254252,112255253,112263638,112265410,112281173,112287063,112289364,112291509,112292536,112295832,112301792,112304720,112306006,112310977,112313905,112314428,112318836,112319900,112335328,112336651,112337542,112341476,112346096,112351174,112352415,112380351,112383566,112390663,112406523,112408317,112408918,112472590,112492488,112503789,112506690,112517033,112550670,112552593,112556762,112573500,112587065,112636816,112638695,112645108,112650160,112656153,112666276,112682441,112685405,112689867,112800161,112829685,112859144,112921626,112947789,112954683,113019066,113098755,113173721,113278591,113314570,113436676,","112224930,112228891,112231632,112234477,112237348,112241785,112244573,112247131,112254326,112255427,112263812,112265590,112281350,112287246,112289538,112291695,112292710,112296006,112301966,112304915,112306192,112311166,112314052,112314617,112318950,112319981,112335474,112336829,112337731,112341686,112346213,112351244,112352534,112380456,112383663,112390788,112406727,112408413,112409032,112472707,112492683,112503977,112506829,112517225,112550873,112552720,112556954,112573657,112587235,112637005,112638911,112645225,112650349,112656341,112666415,112682636,112685732,112690050,112800274,112829789,112859266,112921751,112947877,112954761,113019179,113098963,113173916,113278704,113314793,113436939,",0,CSMD3
NM_001354870.1,chr8,+,127735433,127742951,3,"127735433,127738250,127740395,","127736623,127739019,127742951,",0,MYC
NM_198123.2,chr8,-,112222927,113436939,71,"112222927,112228755,112231544,112234364,112237189,112241719,112244393,112247019,112254252,112255253,112263638,112265410,112281173,112287063,112289364,112291509,112292536,112295832,112301792,112304720,112306006,112310977,112313905,112314428,112318836,112319900,112335328,112336651,112337542,112341476,112346096,112351174,112352415,112380351,112383566,112390663,112406523,112408317,112408918,112472590,112492488,112503789,112506690,112517033,112550670,112552593,112556762,112573500,112587065,112636816,112638695,112645108,112650160,112656153,112666276,112682441,112685405,112689867,112800161,112829685,112859144,112921626,112947789,112954683,112975836,113019066,113098755,113173721,113278591,113314570,113436676,","112224930,112228891,112231632,112234477,112237348,112241785,112244573,112247131,112254326,112255427,112263812,112265590,112281350,112287246,112289538,112291695,112292710,112296006,112301966,112304915,112306192,112311166,112314052,112314617,112318950,112319981,112335474,112336829,112337731,112341686,112346213,112351244,112352534,112380456,112383663,112390788,112406727,112408413,112409032,112472707,112492683,112503977,112506829,112517225,112550873,112552720,112556954,112573657,112587235,112637005,112638911,112645225,112650349,112656341,112666415,112682636,112685732,112690050,112800274,112829789,112859266,112921751,112947877,112954761,112976148,113019179,113098963,113173916,113278704,113314793,113436939,",0,CSMD3
NM_198124.2,chr8,-,112222927,113377152,72,"112222927,112228755,112231544,112234364,112237189,112241719,112244393,112247019,112254252,112255253,112263638,112265410,112281173,112287063,112289364,112291509,112292536,112295832,112301792,112304720,112306006,112310977,112313905,112314428,112318836,112319900,112335328,112336651,112337542,112341476,112346096,112351174,112352415,112380351,112383566,112390663,112406523,112408317,112408918,112472590,112492488,112503789,112506690,112517033,112550670,112552593,112556762,112573500,112587065,112636816,112638695,112645108,112650160,112656153,112666276,112682441,112685405,112689867,112800161,112829685,112859144,112921626,112947789,112954683,112975836,113019066,113098755,113173721,113278591,113314570,113376737,113377072,","112224930,112228891,112231632,112234477,112237348,112241785,112244573,112247131,112254326,112255427,112263812,112265590,112281350,112287246,112289538,112291695,112292710,112296006,112301966,112304915,112306192,112311166,112314052,112314617,112318950,112319981,112335474,112336829,112337731,112341686,112346213,112351244,112352534,112380456,112383663,112390788,112406727,112408413,112409032,112472707,112492683,112503977,112506829,112517225,112550873,112552720,112556954,112573657,112587235,112637005,112638911,112645225,112650349,112656341,112666415,112682636,112685732,112690050,112800274,112829789,112859266,112921751,112947877,112954761,112976148,113019179,113098963,113173916,113278704,113314793,113376885,113377152,",0,CSMD3
NM_015850.4,chr8,-,38411142,38468635,18,"38411142,38413917,38414151,38414558,38414778,38415869,38417305,38417869,38418227,38419532,38421796,38424508,38426121,38427920,38428351,38429681,38457355,38467980,","38413804,38414023,38414289,38414629,38414901,38416060,38417416,38417991,38418373,38419735,38421941,38424699,38426245,38428093,38428435,38429948,38457534,38468635,",0,FGFR1
XM_017013008.2,chr8,-,112222927,113436939,70,"112222927,112228755,112231544,112234364,112237189,112241719,112244393,112247019,112254252,112255253,112263638,112265410,112281173,112287063,112289364,112291509,112292536,112295832,112301792,112304720,112306006,112310977,112313905,112314428,112318836,112319900,112335328,112336651,112337542,112341476,112346096,112351174,112352415,112380351,112383566,112390663,112406523,112408317,112408918,112472590,112492488,112503789,112506690,112517033,112550670,112552593,112556762,112573500,112587065,112636816,112638695,112645108,112650160,112656153,112666276,112682441,112685405,112689867,112800161,112829685,112859144,112921626,112947789,112975836,113019066,113098755,113173721,113278591,113314570,113436676,","112224930,112228891,112231632,112234477,112237348,112241785,112244573,112247131,112254326,112255427,112263812,112265590,112281350,112287246,112289538,112291695,112292710,112296006,112301966,112304915,112306192,112311166,112314052,112314617,112318950,112319981,112335474,112336829,112337731,112341686,112346213,112351244,112352534,112380456,112383663,112390788,112406727,112408413,112409032,112472707,112492683,112503977,112506829,112517225,112550873,112552720,112556954,112573657,112587235,112637005,112638911,112645225,112650349,112656341,112666415,112682636,112685732,112690050,112800274,112829789,112859266,112921751,112947877,112976148,113019179,113098963,113173916,113278704,113314793,113436939,",0,CSMD3
XM_017013010.2,chr8,-,112222927,113436939,69,"112222927,112228755,112231544,112234364,112237189,112241719,112244393,112247019,112254252,112255253,112263638,112265410,112281173,112287063,112289364,112291509,112292536,112295832,112301792,112304720,112306006,112310977,112313905,112314428,112318836,112319900,112335328,112336651,112337542,112341476,112346096,112351174,112352415,112380351,112383566,112390663,112406523,112408317,112408918,112472590,112492488,112503789,112506690,112517033,112550670,112552593,112556762,112573500,112587065,112636816,112638695,112645108,112650160,112656153,112666276,112682441,112685405,112689867,112800161,112829685,112859144,112921626,112947789,113019066,113098755,113173721,113278591,113314570,113436676,","112224930,112228891,112231632,112234477,112237348,112241785,112244573,112247131,112254326,112255427,112263812,112265590,112281350,112287246,112289538,112291695,112292710,112296006,112301966,112304915,112306192,112311166,112314052,112314617,112318950,112319981,112335474,112336829,112337731,112341686,112346213,112351244,112352534,112380456,112383663,112390788,112406727,112408413,112409032,112472707,112492683,112503977,112506829,112517225,112550873,112552720,112556954,112573657,112587235,112637005,112638911,112645225,112650349,112656341,112666415,112682636,112685732,112690050,112800274,112829789,112859266,112921751,112947877,113019179,113098963,113173916,113278704,113314793,113436939,",0,CSMD3
XM_017013009.3,chr8,-,112222927,113436939,69,"112222927,112228755,112231544,112234364,112237189,112241719,112244393,112247019,112254252,112255253,112263638,112265410,112281173,112287063,112289364,112291509,112292536,112295832,112301792,112304720,112306006,112310977,112313905,112314428,112318836,112319900,112335328,112336651,112337542,112341476,112346096,112351174,112352415,112380351,112383566,112390663,112406523,112472590,112492488,112503789,112506690,112517033,112550670,112552593,112556762,112573500,112587065,112636816,112638695,112645108,112650160,112656153,112666276,112682441,112685405,112689867,112800161,112829685,112859144,112921626,112947789,112954683,112975836,113019066,113098755,113173721,113278591,113314570,113436676,","112224930,112228891,112231632,112234477,112237348,112241785,112244573,112247131,112254326,112255427,112263812,112265590,112281350,112287246,112289538,112291695,112292710,112296006,112301966,112304915,112306192,112311166,112314052,112314617,112318950,112319981,112335474,112336829,112337731,112341686,112346213,112351244,112352534,112380456,112383663,112390788,112406727,112472707,112492683,112503977,112506829,112517225,112550873,112552720,112556954,112573657,112587235,112637005,112638911,112645225,112650349,112656341,112666415,112682636,112685732,112690050,112800274,112829789,112859266,112921751,112947877,112954761,112976148,113019179,113098963,113173916,113278704,113314793,113436939,",0,CSMD3
NM_001410922.1,chr8,-,38411142,38467724,18,"38411142,38413917,38414151,38414558,38414778,38415869,38417305,38417869,38418227,38419538,38421796,38424508,38426121,38427920,38428351,38429681,38457355,38467671,","38413804,38414023,38414289,38414629,38414901,38416060,38417416,38417991,38418373,38419735,38421941,38424699,38426245,38428093,38428435,38429948,38457534,38467724,",0,FGFR1
NM_002467.6,chr8,+,127736230,127742951,3,"127736230,127738247,127740395,","127736623,127739019,127742951,",0,MYC
NM_002568.4,chr8,-,100702915,100722088,15,"100702915,100704296,100704925,100705588,100706650,100706886,100709132,100709458,100712361,100712651,100713086,100715461,100717772,100718086,100721390,","100703359,100704390,100705056,100705673,100706805,100706997,100709223,100709731,100712457,100712789,100713181,100715601,100717888,100718280,100722088,",0,PABPC1
NM_001174063.2,chr8,-,38411142,38468635,18,"38411142,38413917,38414151,38414558,38414778,38415869,38417305,38417869,38418227,38419538,38421796,38424508,38426121,38427920,38428345,38429681,38457355,38467980,","38413804,38414023,38414289,38414629,38414901,38416060,38417416,38417991,38418373,38419735,38421941,38424699,38426245,38428093,38428435,38429948,38457534,38468635,",0,FGFR1
NM_001174064.2,chr8,-,38411142,38468635,19,"38411142,38413917,38414151,38414558,38414778,38415869,38417305,38417869,38418227,38419538,38421796,38424508,38426121,38427920,38428345,38429681,38440305,38457355,38467980,","38413804,38414023,38414289,38414629,38414901,38416060,38417416,38417991,38418373,38419735,38421941,38424699,38426245,38428093,38428435,38429948,38440373,38457534,38468635,",0,FGFR1
NM_001174065.2,chr8,-,38411142,38467724,18,"38411142,38413917,38414151,38414558,38414778,38415869,38417305,38417869,38418227,38419532,38421796,38424508,38426121,38427920,38428351,38429681,38457355,38467671,","38413804,38414023,38414289,38414629,38414901,38416060,38417416,38417991,38418373,38419735,38421941,38424699,38426245,38428093,38428435,38429948,38457534,38467724,",0,FGFR1
NM_001174066.2,chr8,-,38411142,38467724,17,"38411142,38413917,38414151,38414558,38414778,38415869,38417305,38417869,38418227,38419532,38421796,38424508,38426121,38427920,38428345,38457355,38467671,","38413804,38414023,38414289,38414629,38414901,38416060,38417416,38417991,38418373,38419735,38421941,38424699,38426245,38428093,38428435,38457534,38467724,",0,FGFR1
NM_001174067.2,chr8,-,38411142,38467724,19,"38411142,38413917,38414151,38414558,38414778,38415869,38417305,38417869,38418227,38419532,38421796,38424508,38426121,38427920,38428351,38429681,38457355,38461095,38467671,","38413804,38414023,38414289,38414629,38414901,38416060,38417416,38417991,38418373,38419735,38421941,38424699,38426245,38428093,38428435,38429948,38457534,38461255,38467724,",0,FGFR1
XM_047421314.1,chr8,-,112222927,113436939,68,"112222927,112228755,112231544,112234364,112237189,112241719,112244393,112247019,112254252,112255253,112263638,112265410,112281173,112287063,112289364,112291509,112292536,112295832,112301792,112304720,112306006,112310977,112313905,112314428,112318836,112319900,112335328,112336651,112337542,112341476,112346096,112351174,112352415,112380351,112383566,112390663,112406523,112472590,112492488,112503789,112506690,112517033,112550670,112552593,112556762,112573500,112587065,112636816,112638695,112645108,112650160,112656153,112666276,112682441,112685405,112689867,112800161,112829685,112859144,112921626,112947789,112975836,113019066,113098755,113173721,113278591,113314570,113436676,","112224930,112228891,112231632,112234477,112237348,112241785,112244573,112247131,112254326,112255427,112263812,112265590,112281350,112287246,112289538,112291695,112292710,112296006,112301966,112304915,112306192,112311166,112314052,112314617,112318950,112319981,112335474,112336829,112337731,112341686,112346213,112351244,112352534,112380456,112383663,112390788,112406727,112472707,112492683,112503977,112506829,112517225,112550873,112552720,112556954,112573657,112587235,112637005,112638911,112645225,112650349,112656341,112666415,112682636,112685732,112690050,112800274,112829789,112859266,112921751,112947877,112976148,113019179,113098963,113173916,113278704,113314793,113436939,",0,CSMD3
NM_023105.3,chr8,-,38411142,38468635,17,"38411142,38413917,38414151,38414558,38414778,38415869,38417305,38417869,38418227,38419532,38421796,38424508,38426121,38427920,38428345,38457355,38467980,","38413804,38414023,38414289,38414629,38414901,38416060,38417416,38417991,38418373,38419735,38421941,38424699,38426245,38428093,38428435,38457534,38468635,",0,FGFR1
NM_023106.3,chr8,-,38411142,38468635,17,"38411142,38413917,38414151,38414558,38414778,38415869,38417305,38417869,38418227,38419532,38421796,38424508,38426121,38427920,38428351,38457355,38467980,","38413804,38414023,38414289,38414629,38414901,38416060,38417416,38417991,38418373,38419735,38421941,38424699,38426245,38428093,38428435,38457534,38468635,",0,FGFR1
NM_023110.3,chr8,-,38411142,38468635,18,"38411142,38413917,38414151,38414558,38414778,38415869,38417305,38417869,38418227,38419532,38421796,38424508,38426121,38427920,38428345,38429681,38457355,38467980,","38413804,38414023,38414289,38414629,38414901,38416060,38417416,38417991,38418373,38419735,38421941,38424699,38426245,38428093,38428435,38429948,38457534,38468635,",0,FGFR1
NM_052900.3,chr8,-,112222927,113436939,69,"112222927,112228755,112231544,112234364,112237189,112241719,112244393,112247019,112254252,112255253,112263638,112265410,112281173,112287063,112289364,112291509,112292536,112295832,112301792,112306006,112310977,112313905,112314428,112318836,112319900,112335328,112336651,112337542,112341476,112346096,112351174,112352415,112380351,112383566,112390663,112406523,112408317,112408918,112472590,112492488,112503789,112506690,112517033,112550670,112552593,112556762,112573500,112587065,112636816,112638695,112645108,112650160,112656153,112666276,112682441,112685405,112689867,112800161,112829685,112859144,112921626,112947789,112954683,113019066,113098755,113173721,113278591,113314570,113436676,","112224930,112228891,112231632,112234477,112237348,112241785,112244573,112247131,112254326,112255427,112263812,112265590,112281350,112287246,112289538,112291695,112292710,112296006,112301966,112306192,112311166,112314052,112314617,112318950,112319981,112335474,112336829,112337731,112341686,112346213,112351244,112352534,112380456,112383663,112390788,112406727,112408413,112409032,112472707,112492683,112503977,112506829,112517225,112550873,112552720,112556954,112573657,112587235,112637005,112638911,112645225,112650349,112656341,112666415,112682636,112685732,112690050,112800274,112829789,112859266,112921751,112947877,112954761,113019179,113098963,113173916,113278704,113314793,113436939,",0,CSMD3
XM_047421694.1,chr8,-,100703294,100722088,14,"100703294,100704925,100705588,100706650,100706886,100709132,100709458,100712361,100712651,100713086,100715461,100717772,100718086,100721390,","100704390,100705056,100705673,100706805,100706997,100709223,100709731,100712457,100712789,100713181,100715601,100717888,100718280,100722088,",0,PABPC1
XM_047421699.1,chr8,-,107264224,107497918,7,"107264224,107293935,107303239,107321895,107336149,107346941,107497261,","107264351,107294037,107303367,107322128,107336271,107347097,107497918,",0,ANGPT1
NM_001363185.1,chr8,-,112222927,113436939,67,"112222927,112228755,112231544,112234364,112237189,112241719,112244393,112247019,112254252,112255253,112263638,112265410,112281173,112287063,112289364,112291509,112292536,112295832,112301792,112304720,112306006,112310977,112313905,112314428,112318836,112319900,112335328,112336651,112337542,112341476,112346096,112351174,112352415,112380351,112383566,112390663,112406523,112472590,112492488,112503789,112506690,112517033,112550670,112552593,112556762,112573500,112587065,112636816,112638695,112645108,112650160,112656153,112666276,112682441,112685405,112689867,112800161,112829685,112859144,112921626,112947789,113019066,113098755,113173721,113278591,113314570,113436676,","112224930,112228891,112231632,112234477,112237348,112241785,112244573,112247131,112254326,112255427,112263812,112265590,112281350,112287246,112289538,112291695,112292710,112296006,112301966,112304915,112306192,112311166,112314052,112314617,112318950,112319981,112335474,112336829,112337731,112341686,112346213,112351244,112352534,112380456,112383663,112390788,112406727,112472707,112492683,112503977,112506829,112517225,112550873,112552720,112556954,112573657,112587235,112637005,112638911,112645225,112650349,112656341,112666415,112682636,112685732,112690050,112800274,112829789,112859266,112921751,112947877,113019179,113098963,113173916,113278704,113314793,113436939,",0,CSMD3
NM_001190737.2,chr9,-,14081847,14314141,11,"14081847,14112998,14116207,14120439,14125631,14146688,14150144,14155824,14179726,14306988,14313481,","14088326,14113081,14116346,14120624,14125766,14146807,14150265,14155893,14179780,14307520,14314141,",0,NFIB
NM_001190738.2,chr9,-,14081847,14398983,9,"14081847,14120439,14125631,14146688,14150144,14155824,14179726,14306988,14398523,","14088326,14120624,14125766,14146807,14150265,14155893,14179780,14307520,14398983,",0,NFIB
NM_000077.5,chr9,-,21967751,21974857,3,"21967751,21970901,21974677,","21968242,21971208,21974857,",0,CDKN2A
XM_047422596.1,chr9,-,21969804,21971664,3,"21969804,21970901,21971334,","21970503,21971208,21971664,",0,CDKN2A
XM_047422597.1,chr9,-,21967751,21994634,3,"21967751,21970901,21994546,","21968242,21971208,21994634,",0,CDKN2A
XM_047422598.1,chr9,-,21969804,21971360,3,"21969804,21970901,21971328,","21970503,21971208,21971360,",0,CDKN2A
NR_052005.2,chr9,+,5450541,5470554,8,"5450541,5456099,5457078,5462833,5463074,5465498,5466769,5467839,","5450596,5456165,5457420,5462968,5463121,5465539,5466829,5470554,",0,CD274
NR_169763.1,chr9,+,4984389,5129948,25,"4984389,4985939,5021962,5029782,5044402,5050685,5054562,5055668,5064882,5066677,5069021,5069924,5072491,5073697,5077452,5078305,5080228,5080532,5081724,5089673,5090445,5090738,5123003,5126332,5126683,","4984765,4986022,5022213,5029906,5044520,5050831,5054884,5055788,5065040,5066789,5069208,5070052,5072626,5073785,5077580,5078444,5080380,5080683,5081861,5089863,5090570,5090911,5123121,5126446,5129948,",0,JAK2
NR_169764.1,chr9,+,4984389,5129948,24,"4984389,5021962,5029782,5044402,5050685,5054562,5055668,5064882,5066677,5069021,5069924,5072491,5073697,5077452,5078305,5080228,5080532,5081724,5089673,5090445,5090738,5123003,5126332,5126683,","4984765,5022213,5029906,5044520,5050831,5054884,5055788,5065040,5066789,5069208,5070052,5072626,5073785,5077580,5078444,5080380,5080683,5081861,5089863,5090570,5090911,5123121,5126446,5129948,",0,JAK2
NM_001363763.2,chr9,-,21967751,21995324,3,"21967751,21970901,21994820,","21968242,21971208,21995324,",0,CDKN2A
NM_004972.4,chr9,+,4985271,5129948,25,"4985271,4985939,5021962,5029782,5044402,5050685,5054562,5055668,5064882,5066677,5069021,5069924,5072491,5073697,5077452,5078305,5080228,5080532,5081724,5089673,5090445,5090738,5123003,5126332,5126683,","4985630,4986022,5022213,5029906,5044520,5050831,5054884,5055788,5065040,5066789,5069208,5070052,5072626,5073785,5077580,5078444,5080380,5080683,5081861,5089863,5090570,5090911,5123121,5126446,5129948,",0,JAK2
NM_005157.6,chr9,+,130835253,130887675,11,"130835253,130854063,130854800,130862762,130872128,130872859,130874867,130878414,130880067,130880499,130883968,","130835525,130854237,130855096,130863035,130872213,130873037,130875052,130878567,130880157,130880664,130887675,",0,ABL1
XM_047423240.1,chr9,-,77716096,77984048,7,"77716096,77728513,77794462,77797519,77815615,77922160,77944795,","77721513,77728667,77794592,77797648,77815770,77922345,77984048,",0,GNAQ
XM_047423239.1,chr9,-,77716096,78030921,7,"77716096,77728513,77794462,77797519,77815615,77922160,78030741,","77721513,77728667,77794592,77797648,77815770,77922345,78030921,",0,GNAQ
XM_047423262.1,chr9,+,5450541,5470554,6,"5450541,5457078,5462833,5465498,5466769,5467839,","5450596,5457420,5463121,5465606,5466829,5470554,",0,CD274
NR_161382.1,chr9,-,14081847,14314954,8,"14081847,14120439,14125631,14146688,14150144,14155824,14179726,14314858,","14088326,14120624,14125766,14146807,14150265,14155893,14179780,14314954,",0,NFIB
NR_161383.1,chr9,-,14081847,14322387,8,"14081847,14120439,14125634,14146688,14150144,14155824,14179726,14321940,","14088326,14120624,14125766,14146807,14150265,14155893,14179780,14322387,",0,NFIB
NR_161384.1,chr9,-,14081847,14306845,8,"14081847,14120439,14125631,14146688,14150144,14155824,14179726,14306751,","14088326,14120624,14125766,14146807,14150265,14155893,14179780,14306845,",0,NFIB
NR_161385.1,chr9,-,14081847,14180804,8,"14081847,14120439,14125631,14146688,14150144,14155824,14179726,14180658,","14088326,14120624,14125766,14146807,14150265,14155893,14179780,14180804,",0,NFIB
NM_005596.3,chr9,-,14081842,14314046,9,"14081842,14120439,14125631,14146688,14150144,14155824,14179726,14306988,14313481,","14088326,14120624,14125766,14146807,14150265,14155893,14179780,14307520,14314046,",0,NFIB
NM_001369458.1,chr9,-,14081847,14532077,12,"14081847,14102421,14112998,14116180,14120439,14125631,14146688,14150144,14155824,14179726,14306988,14531946,","14088326,14102510,14113081,14116346,14120624,14125766,14146807,14150265,14155893,14179780,14307520,14532077,",0,NFIB
NM_001369460.1,chr9,-,14081847,14322387,12,"14081847,14102421,14112998,14116180,14120439,14125631,14146688,14150144,14155824,14179726,14306988,14321940,","14088326,14102510,14113081,14116346,14120624,14125766,14146807,14150265,14155893,14179780,14307520,14322387,",0,NFIB
NM_001369459.1,chr9,-,14081847,14532077,12,"14081847,14102421,14112998,14116207,14120439,14125631,14146688,14150144,14155824,14179726,14306988,14531946,","14088326,14102510,14113081,14116346,14120624,14125766,14146807,14150265,14155893,14179780,14307520,14532077,",0,NFIB
NM_001369461.1,chr9,-,14081847,14314141,12,"14081847,14102421,14112998,14116207,14120439,14125631,14146688,14150144,14155824,14179726,14306988,14313481,","14088326,14102510,14113081,14116346,14120624,14125766,14146807,14150265,14155893,14179780,14307520,14314141,",0,NFIB
NM_001369462.1,chr9,-,14081847,14532077,10,"14081847,14102421,14120439,14125631,14146688,14150144,14155824,14179726,14306988,14531946,","14088326,14102510,14120624,14125766,14146807,14150265,14155893,14179780,14307520,14532077,",0,NFIB
NM_001369463.1,chr9,-,14081847,14322387,10,"14081847,14116180,14120439,14125631,14146688,14150144,14155824,14179726,14306988,14321940,","14088326,14116346,14120624,14125766,14146807,14150265,14155893,14179780,14307520,14322387,",0,NFIB
NM_001369464.1,chr9,-,14081847,14314141,10,"14081847,14102421,14120439,14125631,14146688,14150144,14155824,14179726,14306988,14313481,","14088326,14102510,14120624,14125766,14146807,14150265,14155893,14179780,14307520,14314141,",0,NFIB
NM_001369465.1,chr9,-,14081847,14308035,11,"14081847,14112998,14116207,14120439,14125631,14146688,14150144,14155824,14179726,14306988,14307919,","14088326,14113081,14116346,14120624,14125766,14146807,14150265,14155893,14179780,14307520,14308035,",0,NFIB
NM_001369466.1,chr9,-,14081847,14322387,10,"14081847,14102421,14120439,14125631,14146688,14150144,14155824,14179726,14306988,14321940,","14088326,14102510,14120624,14125766,14146807,14150265,14155893,14179780,14307520,14322387,",0,NFIB
NM_001369467.1,chr9,-,14081847,14308035,10,"14081847,14102421,14120439,14125631,14146688,14150144,14155824,14179726,14306988,14307919,","14088326,14102510,14120624,14125766,14146807,14150265,14155893,14179780,14307520,14308035,",0,NFIB
NM_001369468.1,chr9,-,14081847,14532077,9,"14081847,14120439,14125631,14146688,14150144,14155824,14179726,14306988,14531946,","14088326,14120624,14125766,14146807,14150265,14155893,14179780,14307520,14532077,",0,NFIB
NM_001369470.1,chr9,-,14081847,14322387,11,"14081847,14112998,14116180,14120439,14125631,14146688,14150144,14155824,14179726,14307213,14321940,","14088326,14113081,14116346,14120624,14125766,14146807,14150265,14155893,14179780,14307520,14322387,",0,NFIB
NM_001369469.1,chr9,-,14081847,14316137,10,"14081847,14102421,14120439,14125631,14146688,14150144,14155824,14179726,14306988,14316093,","14088326,14102510,14120624,14125766,14146807,14150265,14155893,14179780,14307520,14316137,",0,NFIB
NM_001369471.1,chr9,-,14081847,14314141,9,"14081847,14120439,14125634,14146688,14150144,14155824,14179726,14306988,14313481,","14088326,14120624,14125766,14146807,14150265,14155893,14179780,14307520,14314141,",0,NFIB
NM_001369472.1,chr9,-,14081847,14322387,9,"14081847,14120439,14125631,14146688,14150144,14155824,14179726,14306988,14321940,","14088326,14120624,14125766,14146807,14150265,14155893,14179780,14307520,14322387,",0,NFIB
NM_001369473.1,chr9,-,14081847,14322387,9,"14081847,14120439,14125634,14146688,14150144,14155824,14179726,14306988,14321940,","14088326,14120624,14125766,14146807,14150265,14155893,14179780,14307520,14322387,",0,NFIB
NM_001369474.1,chr9,-,14081847,14308035,9,"14081847,14120439,14125634,14146688,14150144,14155824,14179726,14306988,14307907,","14088326,14120624,14125766,14146807,14150265,14155893,14179780,14307520,14308035,",0,NFIB
NM_001369475.1,chr9,-,14081847,14314141,10,"14081847,14102421,14120439,14125631,14146688,14150144,14155824,14179726,14307213,14313481,","14088326,14102510,14120624,14125766,14146807,14150265,14155893,14179780,14307520,14314141,",0,NFIB
NM_001369476.1,chr9,-,14081847,14308035,9,"14081847,14120439,14125631,14146688,14150144,14155824,14179726,14306988,14307919,","14088326,14120624,14125766,14146807,14150265,14155893,14179780,14307520,14308035,",0,NFIB
NM_001369477.1,chr9,-,14081847,14314141,8,"14081847,14120439,14125634,14146688,14150144,14155824,14306988,14313481,","14088326,14120624,14125766,14146807,14150265,14155893,14307520,14314141,",0,NFIB
NM_001369478.1,chr9,-,14081847,14322387,9,"14081847,14120439,14125631,14146688,14150144,14155824,14179726,14307213,14321940,","14088326,14120624,14125766,14146807,14150265,14155893,14179780,14307520,14322387,",0,NFIB
NM_001369480.1,chr9,-,14081847,14300264,8,"14081847,14120439,14125631,14146688,14150144,14155824,14179726,14300185,","14088326,14120624,14125766,14146807,14150265,14155893,14179780,14300264,",0,NFIB
NM_001369479.1,chr9,-,14081847,14300264,9,"14081847,14102421,14120439,14125631,14146688,14150144,14155824,14179726,14300185,","14088326,14102510,14120624,14125766,14146807,14150265,14155893,14179780,14300264,",0,NFIB
NM_001369481.1,chr9,-,14305752,14314141,3,"14305752,14306988,14313481,","14306018,14307520,14314141,",0,NFIB
XM_011517675.3,chr9,-,21969804,21974857,3,"21969804,21970901,21974677,","21970503,21971208,21974857,",0,CDKN2A
XM_011517676.3,chr9,-,21969580,21974857,3,"21969580,21970901,21974677,","21969793,21971208,21974857,",0,CDKN2A
NM_002072.5,chr9,-,77716096,78031811,7,"77716096,77728513,77794462,77797519,77815615,77922160,78031099,","77721513,77728667,77794592,77797648,77815770,77922345,78031811,",0,GNAQ
NM_001429577.1,chr9,-,14081847,14314141,12,"14081847,14102421,14112998,14116180,14120439,14125631,14146688,14150144,14155824,14179726,14306988,14313481,","14088326,14102510,14113081,14116346,14120624,14125766,14146807,14150265,14155893,14179780,14307520,14314141,",0,NFIB
NM_016848.6,chr9,-,89005770,89178818,12,"89005770,89037992,89042025,89045745,89046843,89052036,89065528,89071198,89075108,89077839,89112555,89177986,","89013575,89038288,89042184,89045833,89046994,89052163,89065580,89071252,89075228,89077903,89112626,89178818,",0,SHC3
NM_001322204.2,chr9,+,5041531,5129948,22,"5041531,5044402,5050685,5054562,5055668,5064882,5066677,5069021,5069924,5072491,5073697,5077452,5078305,5080228,5080532,5081724,5089673,5090445,5090738,5123003,5126332,5126683,","5041907,5044520,5050831,5054884,5055788,5065040,5066789,5069208,5070052,5072626,5073785,5077580,5078444,5080380,5080683,5081861,5089863,5090570,5090911,5123121,5126446,5129948,",0,JAK2
NM_001322194.2,chr9,+,4985085,5129948,25,"4985085,4985939,5021962,5029782,5044402,5050685,5054562,5055668,5064882,5066677,5069021,5069924,5072491,5073697,5077452,5078305,5080228,5080532,5081724,5089673,5090445,5090738,5123003,5126332,5126683,","4985572,4986022,5022213,5029906,5044520,5050831,5054884,5055788,5065040,5066789,5069208,5070052,5072626,5073785,5077580,5078444,5080380,5080683,5081861,5089863,5090570,5090911,5123121,5126446,5129948,",0,JAK2
NM_001322195.2,chr9,+,4985085,5129948,24,"4985085,5021962,5029782,5044402,5050685,5054562,5055668,5064882,5066677,5069021,5069924,5072491,5073697,5077452,5078305,5080228,5080532,5081724,5089673,5090445,5090738,5123003,5126332,5126683,","4985173,5022213,5029906,5044520,5050831,5054884,5055788,5065040,5066789,5069208,5070052,5072626,5073785,5077580,5078444,5080380,5080683,5081861,5089863,5090570,5090911,5123121,5126446,5129948,",0,JAK2
NM_001322196.2,chr9,+,4985271,5129948,24,"4985271,5021962,5029782,5044402,5050685,5054562,5055668,5064882,5066677,5069021,5069924,5072491,5073697,5077452,5078305,5080228,5080532,5081724,5089673,5090445,5090738,5123003,5126332,5126683,","4985630,5022213,5029906,5044520,5050831,5054884,5055788,5065040,5066789,5069208,5070052,5072626,5073785,5077580,5078444,5080380,5080683,5081861,5089863,5090570,5090911,5123121,5126446,5129948,",0,JAK2
NM_001322198.2,chr9,+,4985271,5129948,25,"4985271,4985939,5021962,5029782,5044402,5050685,5054562,5055668,5064882,5066677,5069021,5069924,5072491,5073697,5077452,5078305,5080228,5080532,5081724,5089673,5090445,5090738,5123003,5126332,5126683,","4985630,4986022,5022213,5029906,5044520,5050831,5054789,5055788,5065040,5066789,5069208,5070052,5072626,5073785,5077580,5078444,5080380,5080683,5081861,5089863,5090570,5090911,5123121,5126446,5129948,",0,JAK2
NM_001322199.2,chr9,+,4985271,5129948,25,"4985271,4985939,5021962,5029782,5044402,5050685,5054562,5055668,5064882,5066677,5069021,5069924,5072491,5073697,5077452,5078305,5080228,5080532,5081724,5089673,5090445,5090738,5123003,5126332,5126683,","4985572,4986022,5022213,5029906,5044520,5050831,5054789,5055788,5065040,5066789,5069208,5070052,5072626,5073785,5077580,5078444,5080380,5080683,5081861,5089863,5090570,5090911,5123121,5126446,5129948,",0,JAK2
NM_007313.3,chr9,+,130713042,130887675,11,"130713042,130854063,130854800,130862762,130872128,130872859,130874867,130878414,130880067,130880499,130883968,","130714455,130854237,130855096,130863035,130872213,130873037,130875052,130878567,130880157,130880664,130887675,",0,ABL1
NM_001282787.2,chr9,-,14081847,14180804,11,"14081847,14102421,14112998,14116207,14120439,14125631,14146688,14150144,14155824,14179726,14180658,","14088326,14102510,14113081,14116346,14120624,14125766,14146807,14150265,14155893,14179780,14180804,",0,NFIB
XM_011518717.3,chr9,-,136494432,136544057,31,"136494432,136498898,136499111,136500551,136501747,136502000,136502271,136503181,136504672,136505309,136506526,136506715,136507304,136507954,136508231,136508869,136509732,136510652,136511151,136513020,136513391,136514509,136515289,136515482,136515980,136517271,136517751,136518136,136518590,136519442,136544023,","136497558,136498996,136499259,136500847,136501913,136502088,136502488,136503330,136505104,136505881,136506639,136506973,136507437,136508139,136508385,136509071,136509961,136510805,136511271,136513134,136513537,136514702,136515400,136515716,136516094,136517385,136517937,136518292,136518824,136519565,136544057,",0,NOTCH1
NM_001267706.2,chr9,+,5450541,5470554,6,"5450541,5456099,5462833,5465498,5466769,5467839,","5450596,5456165,5463121,5465606,5466829,5470554,",0,CD274
NM_017617.5,chr9,-,136494432,136546048,34,"136494432,136498898,136499111,136500551,136501747,136502000,136502271,136503181,136504672,136505309,136506526,136506715,136507304,136507954,136508231,136508869,136509732,136510652,136511151,136513020,136513391,136514509,136515289,136515482,136515980,136517271,136517751,136518136,136518590,136519442,136522849,136523716,136544023,136545725,","136497558,136498996,136499259,136500847,136501913,136502088,136502488,136503330,136505104,136505881,136506639,136506973,136507437,136508139,136508385,136509071,136509961,136510805,136511271,136513134,136513537,136514702,136515400,136515716,136516094,136517385,136517937,136518292,136518824,136519565,136523188,136523979,136544102,136546048,",0,NOTCH1
NM_014143.4,chr9,+,5450541,5470554,7,"5450541,5456099,5457078,5462833,5465498,5466769,5467839,","5450596,5456165,5457420,5463121,5465606,5466829,5470554,",0,CD274
NM_001195132.2,chr9,-,21967751,21974857,4,"21967751,21968574,21970901,21974677,","21968242,21968771,21971208,21974857,",0,CDKN2A
NM_058195.4,chr9,-,21967751,21994392,3,"21967751,21970901,21994138,","21968242,21971208,21994392,",0,CDKN2A
NM_058197.5,chr9,-,21967751,21974857,3,"21967751,21970901,21974403,","21968242,21971208,21974857,",0,CDKN2A
NM_001314029.2,chr9,+,5450541,5463238,4,"5450541,5456099,5457078,5462833,","5450596,5456165,5457420,5463238,",0,CD274
NM_000044.6,chrX,+,67544020,67730619,8,"67544020,67643255,67686009,67711401,67717477,67721832,67722826,67723685,","67546762,67643407,67686126,67711689,67717622,67721963,67722984,67730619,",0,AR
XM_047442340.1,chrX,+,129980978,130058071,16,"129980978,129981672,129994374,130005187,130012577,130012949,130020984,130022896,130024989,130028634,130034454,130037366,130039136,130050716,130051859,130055853,","129981333,129981752,129994533,130005317,130012668,130016213,130021150,130022977,130025379,130028861,130034676,130037533,130039282,130050794,130052016,130058071,",0,BCORL1
XM_047442339.1,chrX,+,129984399,130058071,15,"129984399,129994374,130005187,130012577,130012949,130020984,130022896,130024989,130028634,130034454,130037366,130039136,130050716,130051859,130055853,","129984429,129994533,130005317,130012668,130016213,130021150,130022977,130025379,130028861,130034676,130037533,130039282,130050794,130052016,130058071,",0,BCORL1
XM_047442341.1,chrX,+,129980978,130058071,17,"129980978,129981672,129994374,129997869,130005187,130012577,130012949,130020984,130022896,130024989,130028634,130034454,130037366,130039136,130050716,130051859,130055853,","129981333,129981752,129994533,129997937,130005317,130012668,130016213,130021150,130022977,130025379,130028861,130034676,130037533,130039282,130050794,130052016,130058071,",0,BCORL1
XM_047442344.1,chrX,+,129980312,130058071,13,"129980312,130005187,130012577,130012949,130020984,130022896,130028634,130034454,130037366,130039136,130050716,130051859,130055853,","129980388,130005317,130012668,130016213,130021150,130022977,130028861,130034676,130037533,130039282,130050794,130052016,130058071,",0,BCORL1
XM_047442346.1,chrX,+,130010562,130058071,13,"130010562,130012577,130012949,130020984,130022896,130024989,130028634,130034454,130037366,130039136,130050716,130051859,130055853,","130010663,130012668,130016213,130021150,130022977,130025379,130028861,130034676,130037533,130039282,130050794,130052016,130058071,",0,BCORL1
XM_047442347.1,chrX,+,130005187,130058071,13,"130005187,130010507,130012577,130012949,130020984,130022896,130028634,130034454,130037366,130039136,130050716,130051859,130055853,","130005317,130010663,130012668,130016213,130021150,130022977,130028861,130034676,130037533,130039282,130050794,130052016,130058071,",0,BCORL1
NM_001042750.2,chrX,+,123961705,124102656,35,"123961705,124021366,124022530,124025839,124030960,124037526,124042568,124045163,124047353,124049004,124050185,124051120,124051314,124056127,124057865,124061223,124061770,124062901,124063115,124063847,124065875,124066174,124066355,124068563,124071148,124076331,124077956,124081379,124083420,124086546,124090574,124090853,124094017,124095371,124100573,","123961856,124021431,124022671,124025918,124031125,124037623,124042645,124045368,124047505,124049078,124050309,124051219,124051394,124056235,124057977,124061341,124061874,124062994,124063205,124064051,124065946,124066262,124066436,124068656,124071323,124076471,124078058,124081528,124083549,124086770,124090764,124090964,124094144,124095449,124102656,",0,STAG2
NM_001042749.2,chrX,+,123960559,124102656,35,"123960559,124021366,124022530,124025839,124030960,124037526,124042568,124045163,124047353,124049004,124050185,124051120,124051314,124056127,124057865,124061223,124061770,124062901,124063115,124063847,124065875,124066174,124066355,124068563,124071148,124076331,124077956,124081379,124083420,124086546,124090574,124090853,124094017,124095371,124100573,","123960866,124021431,124022671,124025918,124031125,124037623,124042645,124045368,124047505,124049078,124050309,124051219,124051394,124056235,124057977,124061341,124061874,124062994,124063205,124064051,124065946,124066262,124066436,124068656,124071323,124076471,124078058,124081528,124083549,124086770,124090764,124090964,124094144,124095449,124102656,",0,STAG2
NM_001042751.2,chrX,+,123961705,124102656,34,"123961705,124021366,124022530,124025839,124030960,124037526,124042568,124045163,124047353,124049004,124050185,124051120,124051314,124056127,124057865,124061223,124061770,124062901,124063115,124063847,124065875,124066174,124066355,124068563,124071148,124076331,124077956,124081379,124083420,124086546,124090574,124094017,124095371,124100573,","123961856,124021431,124022671,124025918,124031125,124037623,124042645,124045368,124047505,124049078,124050309,124051219,124051394,124056235,124057977,124061341,124061874,124062994,124063205,124064051,124065946,124066262,124066436,124068656,124071323,124076471,124078058,124081528,124083549,124086770,124090764,124094144,124095449,124102656,",0,STAG2
NR_135623.2,chrX,+,2691294,2741309,11,"2691294,2714421,2717604,2719660,2720355,2722626,2723313,2726259,2733356,2738202,2740778,","2691427,2714454,2717652,2719705,2720424,2722674,2723364,2726373,2733374,2738256,2741309,",0,CD99
NM_000489.6,chrX,-,77504879,77786216,35,"77504879,77520787,77521402,77522262,77523251,77557450,77558668,77574249,77589833,77593695,77599410,77599731,77600433,77616612,77618805,77620394,77633206,77633565,77634593,77635914,77652113,77654097,77656559,77663381,77664644,77676225,77681519,77684938,77688817,77693823,77696576,77697582,77698573,77717130,77785981,","77508629,77520916,77521498,77522388,77523401,77557645,77558846,77574358,77589940,77593849,77599580,77599820,77600564,77616730,77618981,77620532,77633384,77633712,77634703,77636056,77652353,77654200,77656653,77663558,77664778,77676298,77684593,77685006,77688927,77693937,77696704,77697635,77698629,77717243,77786216,",0,ATRX
NM_001013628.3,chrX,-,126163498,126166289,1,"126163498,","126166289,",0,DCAF12L2
NM_138270.5,chrX,-,77504879,77786216,34,"77504879,77520787,77521402,77522262,77523251,77557450,77558668,77574249,77589833,77593695,77599410,77599731,77600433,77616612,77618805,77620394,77633206,77633565,77634593,77635914,77652113,77654097,77656559,77663381,77664644,77676225,77681519,77684938,77688817,77696576,77697582,77698573,77717130,77785981,","77508629,77520916,77521498,77522388,77523401,77557645,77558846,77574358,77589940,77593849,77599580,77599820,77600564,77616730,77618981,77620532,77633384,77633712,77634703,77636056,77652353,77654200,77656653,77663558,77664778,77676298,77684593,77685006,77688927,77696704,77697635,77698629,77717243,77786216,",0,ATRX
NM_001122898.3,chrX,+,2691294,2741309,9,"2691294,2714421,2719660,2720355,2722626,2723313,2726259,2738199,2740778,","2691427,2714454,2719705,2720424,2722674,2723364,2726373,2738256,2741309,",0,CD99
NM_001379450.1,chrX,+,129982634,130058071,14,"129982634,130005187,130012577,130012949,130020984,130022896,130024989,130028634,130034454,130037366,130039136,130050716,130051859,130055853,","129982890,130005317,130012668,130016213,130021150,130022977,130025379,130028861,130034676,130037533,130039282,130050794,130052016,130058071,",0,BCORL1
NM_001379451.1,chrX,+,129982634,130058071,14,"129982634,130005187,130012577,130012949,130020984,130022896,130024989,130028634,130034454,130037366,130039136,130050716,130051859,130055853,","129982762,130005317,130012668,130016213,130021150,130022977,130025379,130028861,130034676,130037533,130039282,130050794,130052016,130058071,",0,BCORL1
NM_001321367.2,chrX,+,2691294,2736437,9,"2691294,2714421,2717604,2719660,2720355,2722626,2723313,2726259,2733356,","2691427,2714454,2717652,2719705,2720424,2722674,2723364,2726373,2736437,",0,CD99
NM_001321368.2,chrX,+,2691294,2741309,10,"2691294,2714421,2717604,2719660,2720355,2722626,2723313,2726259,2738202,2740778,","2691427,2714454,2717652,2719705,2720424,2722674,2723364,2726373,2738256,2741309,",0,CD99
NM_001321370.2,chrX,+,2691294,2741309,9,"2691294,2714421,2717604,2719660,2720355,2722626,2726259,2738199,2740778,","2691427,2714454,2717652,2719705,2720424,2722674,2726373,2738256,2741309,",0,CD99
NM_001321369.2,chrX,+,2691294,2741309,9,"2691294,2714421,2719660,2720355,2722626,2723313,2726259,2738202,2740778,","2691427,2714454,2719705,2720424,2722674,2723364,2726373,2738256,2741309,",0,CD99
XM_006724666.5,chrX,-,77504879,77786216,34,"77504879,77520787,77521402,77522262,77523251,77557450,77558668,77574249,77589833,77593695,77599410,77599731,77600433,77616612,77618805,77620394,77633206,77633565,77634593,77635914,77652113,77654097,77656559,77663381,77664644,77676225,77681519,77684938,77688817,77696576,77697582,77698573,77717130,77785981,","77508629,77520916,77521498,77522388,77523401,77557645,77558846,77574358,77589940,77593849,77599580,77599820,77600564,77616730,77618981,77620532,77633384,77633712,77634703,77636056,77652353,77654200,77656653,77663558,77664778,77676298,77684593,77685006,77688924,77696704,77697635,77698629,77717243,77786216,",0,ATRX
XM_006724668.4,chrX,-,77616248,77786216,23,"77616248,77616612,77618805,77620394,77633206,77633565,77634593,77635914,77652113,77654097,77656559,77663381,77664644,77676225,77681519,77684938,77688817,77693823,77696576,77697582,77698573,77717130,77785981,","77616511,77616730,77618981,77620532,77633384,77633712,77634703,77636056,77652353,77654200,77656653,77663558,77664778,77676298,77684593,77685006,77688927,77693937,77696704,77697635,77698629,77717243,77786216,",0,ATRX
NM_001375366.1,chrX,+,123960672,124102656,34,"123960672,124022530,124025839,124030960,124037526,124042568,124045163,124047353,124049004,124050185,124051120,124051314,124056127,124057865,124061223,124061770,124062901,124063115,124063847,124065875,124066174,124066355,124068563,124071148,124076331,124077956,124081379,124083420,124086546,124090574,124090853,124094017,124095371,124100573,","123960866,124022671,124025918,124031125,124037623,124042645,124045368,124047505,124049078,124050309,124051219,124051394,124056235,124057977,124061341,124061874,124062994,124063205,124064051,124065946,124066262,124066436,124068656,124071323,124076471,124078058,124081528,124083549,124086770,124090764,124090964,124094144,124095449,124102656,",0,STAG2
NM_001375367.1,chrX,+,123960863,124102656,35,"123960863,124021366,124022530,124025839,124030960,124037526,124042568,124045163,124047353,124049004,124050185,124051120,124051314,124056127,124057865,124061223,124061770,124062901,124063115,124063847,124065875,124066174,124066355,124068563,124071148,124076331,124077956,124081379,124083420,124086546,124090574,124090853,124094017,124095371,124100573,","123960942,124021431,124022671,124025918,124031125,124037623,124042645,124045368,124047505,124049078,124050309,124051219,124051394,124056235,124057977,124061341,124061874,124062994,124063205,124064051,124065946,124066262,124066436,124068656,124071323,124076471,124078058,124081528,124083549,124086770,124090764,124090964,124094144,124095449,124102656,",0,STAG2
NM_001375368.1,chrX,+,123960863,124102656,34,"123960863,124022530,124025839,124030960,124037526,124042568,124045163,124047353,124049004,124050185,124051120,124051314,124056127,124057865,124061223,124061770,124062901,124063115,124063847,124065875,124066174,124066355,124068563,124071148,124076331,124077956,124081379,124083420,124086546,124090574,124090853,124094017,124095371,124100573,","123960942,124022671,124025918,124031125,124037623,124042645,124045368,124047505,124049078,124050309,124051219,124051394,124056235,124057977,124061341,124061874,124062994,124063205,124064051,124065946,124066262,124066436,124068656,124071323,124076471,124078058,124081528,124083549,124086770,124090764,124090964,124094144,124095449,124102656,",0,STAG2
NM_001375370.1,chrX,+,123961311,124102656,35,"123961311,124021366,124022530,124025839,124030960,124037526,124042568,124045163,124047353,124049004,124050185,124051120,124051314,124056127,124057865,124061223,124061770,124062901,124063115,124063847,124065875,124066174,124066355,124068563,124071148,124076331,124077956,124081379,124083420,124086546,124090574,124090853,124094017,124095371,124100573,","123961435,124021431,124022671,124025918,124031125,124037623,124042645,124045368,124047505,124049078,124050309,124051219,124051394,124056235,124057977,124061341,124061874,124062994,124063205,124064051,124065946,124066262,124066436,124068656,124071323,124076471,124078058,124081528,124083549,124086770,124090764,124090964,124094144,124095449,124102656,",0,STAG2
NM_001375369.1,chrX,+,123961311,124102656,34,"123961311,124022530,124025839,124030960,124037526,124042568,124045163,124047353,124049004,124050185,124051120,124051314,124056127,124057865,124061223,124061770,124062901,124063115,124063847,124065875,124066174,124066355,124068563,124071148,124076331,124077956,124081379,124083420,124086546,124090574,124090853,124094017,124095371,124100573,","123961435,124022671,124025918,124031125,124037623,124042645,124045368,124047505,124049078,124050309,124051219,124051394,124056235,124057977,124061341,124061874,124062994,124063205,124064051,124065946,124066262,124066436,124068656,124071323,124076471,124078058,124081528,124083549,124086770,124090764,124090964,124094144,124095449,124102656,",0,STAG2
NM_001375371.1,chrX,+,123961705,124102656,34,"123961705,124022530,124025839,124030960,124037526,124042568,124045163,124047353,124049004,124050185,124051120,124051314,124056127,124057865,124061223,124061770,124062901,124063115,124063847,124065875,124066174,124066355,124068563,124071148,124076331,124077956,124081379,124083420,124086546,124090574,124090853,124094017,124095371,124100573,","123961856,124022671,124025918,124031125,124037623,124042645,124045368,124047505,124049078,124050309,124051219,124051394,124056235,124057977,124061341,124061874,124062994,124063205,124064051,124065946,124066262,124066436,124068656,124071323,124076471,124078058,124081528,124083549,124086770,124090764,124090964,124094144,124095449,124102656,",0,STAG2
NM_001375372.1,chrX,+,123962057,124102656,34,"123962057,124022530,124025839,124030960,124037526,124042568,124045163,124047353,124049004,124050185,124051120,124051314,124056127,124057865,124061223,124061770,124062901,124063115,124063847,124065875,124066174,124066355,124068563,124071148,124076331,124077956,124081379,124083420,124086546,124090574,124090853,124094017,124095371,124100573,","123962106,124022671,124025918,124031125,124037623,124042645,124045368,124047505,124049078,124050309,124051219,124051394,124056235,124057977,124061341,124061874,124062994,124063205,124064051,124065946,124066262,124066436,124068656,124071323,124076471,124078058,124081528,124083549,124086770,124090764,124090964,124094144,124095449,124102656,",0,STAG2
NM_001375373.1,chrX,+,123960672,124102656,33,"123960672,124022530,124025839,124030960,124037526,124042568,124045163,124047353,124049004,124050185,124051120,124051314,124056127,124057865,124061223,124061770,124062901,124063115,124063847,124065875,124066174,124066355,124068563,124071148,124076331,124077956,124081379,124083420,124086546,124090574,124094017,124095371,124100573,","123960866,124022671,124025918,124031125,124037623,124042645,124045368,124047505,124049078,124050309,124051219,124051394,124056235,124057977,124061341,124061874,124062994,124063205,124064051,124065946,124066262,124066436,124068656,124071323,124076471,124078058,124081528,124083549,124086770,124090764,124094144,124095449,124102656,",0,STAG2
NM_001375374.1,chrX,+,123960863,124102656,33,"123960863,124022530,124025839,124030960,124037526,124042568,124045163,124047353,124049004,124050185,124051120,124051314,124056127,124057865,124061223,124061770,124062901,124063115,124063847,124065875,124066174,124066355,124068563,124071148,124076331,124077956,124081379,124083420,124086546,124090574,124094017,124095371,124100573,","123960942,124022671,124025918,124031125,124037623,124042645,124045368,124047505,124049078,124050309,124051219,124051394,124056235,124057977,124061341,124061874,124062994,124063205,124064051,124065946,124066262,124066436,124068656,124071323,124076471,124078058,124081528,124083549,124086770,124090764,124094144,124095449,124102656,",0,STAG2
NM_001375375.1,chrX,+,123961311,124102656,33,"123961311,124022530,124025839,124030960,124037526,124042568,124045163,124047353,124049004,124050185,124051120,124051314,124056127,124057865,124061223,124061770,124062901,124063115,124063847,124065875,124066174,124066355,124068563,124071148,124076331,124077956,124081379,124083420,124086546,124090574,124094017,124095371,124100573,","123961435,124022671,124025918,124031125,124037623,124042645,124045368,124047505,124049078,124050309,124051219,124051394,124056235,124057977,124061341,124061874,124062994,124063205,124064051,124065946,124066262,124066436,124068656,124071323,124076471,124078058,124081528,124083549,124086770,124090764,124094144,124095449,124102656,",0,STAG2
NM_001375376.1,chrX,+,123961311,124102656,34,"123961311,124021366,124022530,124025839,124030960,124037526,124042568,124045163,124047353,124049004,124050185,124051120,124051314,124056127,124057865,124061223,124061770,124062901,124063115,124063847,124065875,124066174,124066355,124068563,124071148,124076331,124077956,124081379,124083420,124086546,124090574,124094017,124095371,124100573,","123961435,124021431,124022671,124025918,124031125,124037623,124042645,124045368,124047505,124049078,124050309,124051219,124051394,124056235,124057977,124061341,124061874,124062994,124063205,124064051,124065946,124066262,124066436,124068656,124071323,124076471,124078058,124081528,124083549,124086770,124090764,124094144,124095449,124102656,",0,STAG2
NM_001375377.1,chrX,+,123962057,124102656,33,"123962057,124022530,124025839,124030960,124037526,124042568,124045163,124047353,124049004,124050185,124051120,124051314,124056127,124057865,124061223,124061770,124062901,124063115,124063847,124065875,124066174,124066355,124068563,124071148,124076331,124077956,124081379,124083420,124086546,124090574,124094017,124095371,124100573,","123962106,124022671,124025918,124031125,124037623,124042645,124045368,124047505,124049078,124050309,124051219,124051394,124056235,124057977,124061341,124061874,124062994,124063205,124064051,124065946,124066262,124066436,124068656,124071323,124076471,124078058,124081528,124083549,124086770,124090764,124094144,124095449,124102656,",0,STAG2
XM_006724727.2,chrX,+,123961311,124102656,36,"123961311,123961725,124021366,124022530,124025839,124030960,124037526,124042568,124045163,124047353,124049004,124050185,124051120,124051314,124056127,124057865,124061223,124061770,124062901,124063115,124063847,124065875,124066174,124066355,124068563,124071148,124076331,124077956,124081379,124083420,124086546,124090574,124090853,124094017,124095371,124100573,","123961435,123961856,124021431,124022671,124025918,124031125,124037623,124042645,124045368,124047505,124049078,124050309,124051219,124051394,124056235,124057977,124061341,124061874,124062994,124063205,124064051,124065946,124066262,124066436,124068656,124071323,124076471,124078058,124081528,124083549,124086770,124090764,124090964,124094144,124095449,124102656,",0,STAG2
XM_006724777.4,chrX,+,129980312,130058071,14,"129980312,130005187,130012577,130012949,130020984,130022896,130024989,130028634,130034454,130037366,130039136,130050716,130051859,130055853,","129980388,130005317,130012668,130016213,130021150,130022977,130025379,130028861,130034676,130037533,130039282,130050794,130052016,130058071,",0,BCORL1
NM_006603.5,chrX,+,123961705,124102656,33,"123961705,124022530,124025839,124030960,124037526,124042568,124045163,124047353,124049004,124050185,124051120,124051314,124056127,124057865,124061223,124061770,124062901,124063115,124063847,124065875,124066174,124066355,124068563,124071148,124076331,124077956,124081379,124083420,124086546,124090574,124094017,124095371,124100573,","123961856,124022671,124025918,124031125,124037623,124042645,124045368,124047505,124049078,124050309,124051219,124051394,124056235,124057977,124061341,124061874,124062994,124063205,124064051,124065946,124066262,124066436,124068656,124071323,124076471,124078058,124081528,124083549,124086770,124090764,124094144,124095449,124102656,",0,STAG2
NM_021946.5,chrX,+,129982634,130058071,13,"129982634,130005187,130012577,130012949,130020984,130022896,130024989,130028634,130037366,130039136,130050716,130051859,130055853,","129982762,130005317,130012668,130016213,130021150,130022977,130025379,130028861,130037533,130039282,130050794,130052016,130058071,",0,BCORL1
NM_002414.5,chrX,+,2691294,2741309,10,"2691294,2714421,2717604,2719660,2720355,2722626,2723313,2726259,2738199,2740778,","2691427,2714454,2717652,2719705,2720424,2722674,2723364,2726373,2738256,2741309,",0,CD99
XM_005262153.6,chrX,-,77504879,77786216,35,"77504879,77520787,77521402,77522262,77523251,77557450,77558668,77574249,77589833,77593695,77599410,77599731,77600433,77616612,77618805,77620394,77633206,77633565,77634593,77635914,77652113,77654097,77656559,77663381,77664644,77676225,77681519,77684938,77688817,77693823,77696576,77697582,77698573,77717130,77785981,","77508629,77520916,77521498,77522388,77523401,77557645,77558846,77574358,77589940,77593849,77599580,77599820,77600564,77616730,77618981,77620532,77633384,77633712,77634703,77636056,77652353,77654200,77656653,77663558,77664778,77676298,77684593,77685006,77688924,77693937,77696704,77697635,77698629,77717243,77786216,",0,ATRX
XM_005262154.6,chrX,-,77504879,77786216,36,"77504879,77520787,77521402,77522262,77523251,77557450,77558668,77574249,77589833,77593695,77599410,77599731,77600433,77616612,77618805,77620394,77633206,77633565,77634593,77635914,77652113,77654097,77656559,77663381,77664644,77676225,77681519,77683538,77684938,77688817,77693823,77696576,77697582,77698573,77717130,77785981,","77508629,77520916,77521498,77522388,77523401,77557645,77558846,77574358,77589940,77593849,77599580,77599820,77600564,77616730,77618981,77620532,77633384,77633712,77634703,77636056,77652353,77654200,77656653,77663558,77664778,77676298,77683451,77684593,77685006,77688927,77693937,77696704,77697635,77698629,77717243,77786216,",0,ATRX
XM_005262156.5,chrX,-,77504879,77786216,34,"77504879,77520787,77521402,77522262,77523251,77557450,77558668,77574249,77589833,77593695,77599410,77599731,77600433,77616612,77618805,77620394,77633206,77633565,77634593,77635914,77652113,77654097,77656559,77663381,77664644,77676225,77681519,77684938,77688817,77693823,77696576,77697582,77698573,77785981,","77508629,77520916,77521498,77522388,77523401,77557645,77558846,77574358,77589940,77593849,77599580,77599820,77600564,77616730,77618981,77620532,77633384,77633712,77634703,77636056,77652353,77654200,77656653,77663558,77664778,77676298,77684593,77685006,77688927,77693937,77696704,77697635,77698629,77786216,",0,ATRX
XM_005262157.6,chrX,-,77504879,77786216,35,"77504879,77520787,77521402,77522262,77523251,77557450,77558668,77574249,77589833,77593695,77599410,77599731,77600433,77616612,77618805,77620394,77633206,77633565,77634593,77635914,77652113,77654097,77656559,77663381,77664644,77676225,77681519,77683538,77684938,77688817,77696576,77697582,77698573,77717130,77785981,","77508629,77520916,77521498,77522388,77523401,77557645,77558846,77574358,77589940,77593849,77599580,77599820,77600564,77616730,77618981,77620532,77633384,77633712,77634703,77636056,77652353,77654200,77656653,77663558,77664778,77676298,77683451,77684593,77685006,77688924,77696704,77697635,77698629,77717243,77786216,",0,ATRX
NM_001282418.2,chrX,+,123961311,124102656,34,"123961311,123961785,124022530,124025839,124030960,124037526,124042568,124045163,124047353,124049004,124050185,124051120,124051314,124056127,124057865,124061223,124061770,124062901,124063115,124063847,124065875,124066174,124066355,124068563,124071148,124076331,124077956,124081379,124083420,124086546,124090574,124094017,124095371,124100573,","123961435,123961856,124022671,124025918,124031125,124037623,124042645,124045368,124047505,124049078,124050309,124051219,124051394,124056235,124057977,124061341,124061874,124062994,124063205,124064051,124065946,124066262,124066436,124068656,124071323,124076471,124078058,124081528,124083549,124086770,124090764,124094144,124095449,124102656,",0,STAG2
XM_005262453.5,chrX,+,129980312,130058071,15,"129980312,129981672,130005187,130012577,130012949,130020984,130022896,130024989,130028634,130034454,130037366,130039136,130050716,130051859,130055853,","129980388,129981752,130005317,130012668,130016213,130021150,130022977,130025379,130028861,130034676,130037533,130039282,130050794,130052016,130058071,",0,BCORL1
NM_001441077.1,chrX,+,123960672,124102656,34,"123960672,124003466,124022530,124025839,124030960,124037526,124042568,124045163,124047353,124049004,124050185,124051120,124051314,124056127,124057865,124061223,124061770,124062901,124063115,124063847,124065875,124066174,124066355,124068563,124071148,124076331,124077956,124081379,124083420,124086546,124090574,124094017,124095371,124100573,","123960866,124003747,124022671,124025918,124031125,124037623,124042645,124045368,124047505,124049078,124050309,124051219,124051394,124056235,124057977,124061341,124061874,124062994,124063205,124064051,124065946,124066262,124066436,124068656,124071323,124076471,124078058,124081528,124083549,124086770,124090764,124094144,124095449,124102656,",0,STAG2
NM_001441078.1,chrX,+,123960863,124102656,34,"123960863,124021366,124022530,124025839,124030960,124037526,124042568,124045163,124047353,124049004,124050185,124051120,124051314,124056127,124057865,124061223,124061770,124062901,124063115,124063847,124065875,124066174,124066355,124068563,124071148,124076331,124077956,124081379,124083420,124086546,124090574,124094017,124095371,124100573,","123960942,124021431,124022671,124025918,124031125,124037623,124042645,124045368,124047505,124049078,124050309,124051219,124051394,124056235,124057977,124061341,124061874,124062994,124063205,124064051,124065946,124066262,124066436,124068656,124071323,124076471,124078058,124081528,124083549,124086770,124090764,124094144,124095449,124102656,",0,STAG2
NM_001441080.1,chrX,+,123961311,124102656,35,"123961311,123961725,124021366,124022530,124025839,124030960,124037526,124042568,124045163,124047353,124049004,124050185,124051120,124051314,124056127,124057865,124061223,124061770,124062901,124063115,124063847,124065875,124066174,124066355,124068563,124071148,124076331,124077956,124081379,124083420,124086546,124090574,124094017,124095371,124100573,","123961435,123961856,124021431,124022671,124025918,124031125,124037623,124042645,124045368,124047505,124049078,124050309,124051219,124051394,124056235,124057977,124061341,124061874,124062994,124063205,124064051,124065946,124066262,124066436,124068656,124071323,124076471,124078058,124081528,124083549,124086770,124090764,124094144,124095449,124102656,",0,STAG2
NM_001441079.1,chrX,+,123961311,124102656,35,"123961311,123961725,124021366,124022530,124025839,124030960,124037526,124042568,124045163,124047353,124049004,124050185,124051120,124051314,124056127,124057865,124061223,124061770,124062901,124063115,124063847,124065875,124066174,124066355,124068563,124071148,124076331,124077956,124081379,124083420,124086546,124090574,124094017,124095371,124100573,","123961435,123962106,124021431,124022671,124025918,124031125,124037623,124042645,124045368,124047505,124049078,124050309,124051219,124051394,124056235,124057977,124061341,124061874,124062994,124063205,124064051,124065946,124066262,124066436,124068656,124071323,124076471,124078058,124081528,124083549,124086770,124090764,124094144,124095449,124102656,",0,STAG2
NM_001441081.1,chrX,+,123961311,124102656,36,"123961311,123961725,124021366,124022530,124025839,124030960,124037526,124042568,124045163,124047353,124049004,124050185,124051120,124051314,124056127,124057865,124061223,124061770,124062901,124063115,124063847,124065875,124066174,124066355,124068563,124071148,124076331,124077956,124081379,124083420,124086546,124090574,124090853,124094017,124095371,124100573,","123961435,123962106,124021431,124022671,124025918,124031125,124037623,124042645,124045368,124047505,124049078,124050309,124051219,124051394,124056235,124057977,124061341,124061874,124062994,124063205,124064051,124065946,124066262,124066436,124068656,124071323,124076471,124078058,124081528,124083549,124086770,124090764,124090964,124094144,124095449,124102656,",0,STAG2
NM_001441082.1,chrX,+,123961311,124102656,35,"123961311,123961725,124022530,124025839,124030960,124037526,124042568,124045163,124047353,124049004,124050185,124051120,124051314,124056127,124057865,124061223,124061770,124062901,124063115,124063847,124065875,124066174,124066355,124068563,124071148,124076331,124077956,124081379,124083420,124086546,124090574,124090853,124094017,124095371,124100573,","123961435,123961856,124022671,124025918,124031125,124037623,124042645,124045368,124047505,124049078,124050309,124051219,124051394,124056235,124057977,124061341,124061874,124062994,124063205,124064051,124065946,124066262,124066436,124068656,124071323,124076471,124078058,124081528,124083549,124086770,124090764,124090964,124094144,124095449,124102656,",0,STAG2
NM_001441083.1,chrX,+,123961705,124102656,34,"123961705,124003466,124022530,124025839,124030960,124037526,124042568,124045163,124047353,124049004,124050185,124051120,124051314,124056127,124057865,124061223,124061770,124062901,124063115,124063847,124065875,124066174,124066355,124068563,124071148,124076331,124077956,124081379,124083420,124086546,124090574,124094017,124095371,124100573,","123961856,124003747,124022671,124025918,124031125,124037623,124042645,124045368,124047505,124049078,124050309,124051219,124051394,124056235,124057977,124061341,124061874,124062994,124063205,124064051,124065946,124066262,124066436,124068656,124071323,124076471,124078058,124081528,124083549,124086770,124090764,124094144,124095449,124102656,",0,STAG2
NM_001441084.1,chrX,+,123962057,124102656,34,"123962057,124021366,124022530,124025839,124030960,124037526,124042568,124045163,124047353,124049004,124050185,124051120,124051314,124056127,124057865,124061223,124061770,124062901,124063115,124063847,124065875,124066174,124066355,124068563,124071148,124076331,124077956,124081379,124083420,124086546,124090574,124094017,124095371,124100573,","123962246,124021431,124022671,124025918,124031125,124037623,124042645,124045368,124047505,124049078,124050309,124051219,124051394,124056235,124057977,124061341,124061874,124062994,124063205,124064051,124065946,124066262,124066436,124068656,124071323,124076471,124078058,124081528,124083549,124086770,124090764,124094144,124095449,124102656,",0,STAG2
NM_001441085.1,chrX,+,123962057,124102656,35,"123962057,124021366,124022530,124025839,124030960,124037526,124042568,124045163,124047353,124049004,124050185,124051120,124051314,124056127,124057865,124061223,124061770,124062901,124063115,124063847,124065875,124066174,124066355,124068563,124071148,124076331,124077956,124081379,124083420,124086546,124090574,124090853,124094017,124095371,124100573,","123962246,124021431,124022671,124025918,124031125,124037623,124042645,124045368,124047505,124049078,124050309,124051219,124051394,124056235,124057977,124061341,124061874,124062994,124063205,124064051,124065946,124066262,124066436,124068656,124071323,124076471,124078058,124081528,124083549,124086770,124090764,124090964,124094144,124095449,124102656,",0,STAG2
NM_001441086.1,chrX,+,123962057,124102656,34,"123962057,124003466,124022530,124025839,124030960,124037526,124042568,124045163,124047353,124049004,124050185,124051120,124051314,124056127,124057865,124061223,124061770,124062901,124063115,124063847,124065875,124066174,124066355,124068563,124071148,124076331,124077956,124081379,124083420,124086546,124090574,124094017,124095371,124100573,","123962106,124003747,124022671,124025918,124031125,124037623,124042645,124045368,124047505,124049078,124050309,124051219,124051394,124056235,124057977,124061341,124061874,124062994,124063205,124064051,124065946,124066262,124066436,124068656,124071323,124076471,124078058,124081528,124083549,124086770,124090764,124094144,124095449,124102656,",0,STAG2
NM_001441326.1,chrX,+,129980978,130058071,15,"129980978,129981672,130005187,130012577,130012949,130020984,130022896,130024989,130028634,130034454,130037366,130039136,130050716,130051859,130055853,","129981118,129981752,130005317,130012668,130016213,130021150,130022977,130025379,130028861,130034676,130037533,130039282,130050794,130052016,130058071,",0,BCORL1
NM_001441327.1,chrX,+,129980978,130058071,15,"129980978,129981672,130005187,130012577,130012949,130020984,130022896,130024989,130028634,130034454,130037366,130039136,130050716,130051859,130055853,","129981333,129981783,130005317,130012668,130016213,130021150,130022977,130025379,130028861,130034676,130037533,130039282,130050794,130052016,130058071,",0,BCORL1
NM_001441328.1,chrX,+,129984385,130058071,14,"129984385,130005187,130012577,130012949,130020984,130022896,130024989,130028634,130034454,130037366,130039136,130050716,130051859,130055853,","129984429,130005317,130012668,130016213,130021150,130022977,130025379,130028861,130034676,130037533,130039282,130050794,130052016,130058071,",0,BCORL1
NM_001441330.1,chrX,+,129980978,130058071,14,"129980978,129981672,130005187,130012577,130012949,130020984,130022896,130028634,130034454,130037366,130039136,130050716,130051859,130055853,","129981118,129981752,130005317,130012668,130016213,130021150,130022977,130028861,130034676,130037533,130039282,130050794,130052016,130058071,",0,BCORL1
NM_001441329.1,chrX,+,129980978,130058071,14,"129980978,129981672,130005187,130012577,130012949,130020984,130022896,130028634,130034454,130037366,130039136,130050716,130051859,130055853,","129981333,129981752,130005317,130012668,130016213,130021150,130022977,130028861,130034676,130037533,130039282,130050794,130052016,130058071,",0,BCORL1
NM_001441331.1,chrX,+,129980978,130058071,14,"129980978,129981672,130005187,130012577,130012949,130020984,130022896,130028634,130034454,130037366,130039136,130050716,130051859,130055853,","129981118,129981783,130005317,130012668,130016213,130021150,130022977,130028861,130034676,130037533,130039282,130050794,130052016,130058071,",0,BCORL1
NM_001441332.1,chrX,+,129982634,130058071,13,"129982634,130005187,130012577,130012949,130020984,130022896,130028634,130034454,130037366,130039136,130050716,130051859,130055853,","129982762,130005317,130012668,130016213,130021150,130022977,130028861,130034676,130037533,130039282,130050794,130052016,130058071,",0,BCORL1
NM_001011645.3,chrX,+,67544622,67730619,9,"67544622,67568835,67643255,67686009,67711401,67717477,67721832,67722826,67723685,","67546762,67569022,67643407,67686126,67711689,67717622,67721963,67722984,67730619,",0,AR
NM_001184772.3,chrX,+,129980978,130058071,15,"129980978,129981672,130005187,130012577,130012949,130020984,130022896,130024989,130028634,130034454,130037366,130039136,130050716,130051859,130055853,","129981333,129981752,130005317,130012668,130016213,130021150,130022977,130025379,130028861,130034676,130037533,130039282,130050794,130052016,130058071,",0,BCORL1
XM_047441776.1,chrX,+,123961311,124102656,35,"123961311,123961725,124022530,124025839,124030960,124037526,124042568,124045163,124047353,124049004,124050185,124051120,124051314,124056127,124057865,124061223,124061770,124062901,124063115,124063847,124065875,124066174,124066355,124068563,124071148,124076331,124077956,124081379,124083420,124086546,124090574,124090853,124094017,124095371,124100573,","123961435,123962106,124022671,124025918,124031125,124037623,124042645,124045368,124047505,124049078,124050309,124051219,124051394,124056235,124057977,124061341,124061874,124062994,124063205,124064051,124065946,124066262,124066436,124068656,124071323,124076471,124078058,124081528,124083549,124086770,124090764,124090964,124094144,124095449,124102656,",0,STAG2
XM_047441780.1,chrX,+,123961311,124102656,34,"123961311,123961725,124022530,124025839,124030960,124037526,124042568,124045163,124047353,124049004,124050185,124051120,124051314,124056127,124057865,124061223,124061770,124062901,124063115,124063847,124065875,124066174,124066355,124068563,124071148,124076331,124077956,124081379,124083420,124086546,124090574,124094017,124095371,124100573,","123961435,123961856,124022671,124025918,124031125,124037623,124042645,124045368,124047505,124049078,124050309,124051219,124051394,124056235,124057977,124061341,124061874,124062994,124063205,124064051,124065946,124066262,124066436,124068656,124071323,124076471,124078058,124081528,124083549,124086770,124090764,124094144,124095449,124102656,",0,STAG2
XM_047441779.1,chrX,+,124003466,124102656,35,"124003466,124021366,124022530,124025839,124030960,124037526,124042568,124045163,124047353,124049004,124050185,124051120,124051314,124056127,124057865,124061223,124061770,124062901,124063115,124063847,124065875,124066174,124066355,124068563,124071148,124076331,124077956,124081379,124083420,124086546,124090574,124090853,124094017,124095371,124100573,","124003747,124021431,124022671,124025918,124031125,124037623,124042645,124045368,124047505,124049078,124050309,124051219,124051394,124056235,124057977,124061341,124061874,124062994,124063205,124064051,124065946,124066262,124066436,124068656,124071323,124076471,124078058,124081528,124083549,124086770,124090764,124090964,124094144,124095449,124102656,",0,STAG2
XM_047441781.1,chrX,+,123961311,124102656,34,"123961311,123961725,124022530,124025839,124030960,124037526,124042568,124045163,124047353,124049004,124050185,124051120,124051314,124056127,124057865,124061223,124061770,124062901,124063115,124063847,124065875,124066174,124066355,124068563,124071148,124076331,124077956,124081379,124083420,124086546,124090574,124094017,124095371,124100573,","123961435,123962106,124022671,124025918,124031125,124037623,124042645,124045368,124047505,124049078,124050309,124051219,124051394,124056235,124057977,124061341,124061874,124062994,124063205,124064051,124065946,124066262,124066436,124068656,124071323,124076471,124078058,124081528,124083549,124086770,124090764,124094144,124095449,124102656,",0,STAG2
XM_047441783.1,chrX,+,123960559,124102656,34,"123960559,124021366,124022530,124025839,124030960,124037526,124042568,124045163,124047353,124049004,124050185,124051120,124051314,124056127,124057865,124061223,124061770,124062901,124063115,124063847,124065875,124066174,124066355,124068563,124071148,124076331,124077956,124081379,124083420,124086546,124090574,124094017,124095371,124100573,","123960866,124021431,124022671,124025918,124031125,124037623,124042645,124045368,124047505,124049078,124050309,124051219,124051394,124056235,124057977,124061341,124061874,124062994,124063205,124064051,124065946,124066262,124066436,124068656,124071323,124076471,124078058,124081528,124083549,124086770,124090764,124094144,124095449,124102656,",0,STAG2
XM_047441786.1,chrX,+,124003466,124102656,34,"124003466,124021366,124022530,124025839,124030960,124037526,124042568,124045163,124047353,124049004,124050185,124051120,124051314,124056127,124057865,124061223,124061770,124062901,124063115,124063847,124065875,124066174,124066355,124068563,124071148,124076331,124077956,124081379,124083420,124086546,124090574,124094017,124095371,124100573,","124003747,124021431,124022671,124025918,124031125,124037623,124042645,124045368,124047505,124049078,124050309,124051219,124051394,124056235,124057977,124061341,124061874,124062994,124063205,124064051,124065946,124066262,124066436,124068656,124071323,124076471,124078058,124081528,124083549,124086770,124090764,124094144,124095449,124102656,",0,STAG2
XM_047441787.1,chrX,+,124025839,124102656,33,"124025839,124026564,124030960,124037526,124042568,124045163,124047353,124049004,124050185,124051120,124051314,124056127,124057865,124061223,124061770,124062901,124063115,124063847,124065875,124066174,124066355,124068563,124071148,124076331,124077956,124081379,124083420,124086546,124090574,124090853,124094017,124095371,124100573,","124025918,124026687,124031125,124037623,124042645,124045368,124047505,124049078,124050309,124051219,124051394,124056235,124057977,124061341,124061874,124062994,124063205,124064051,124065946,124066262,124066436,124068656,124071323,124076471,124078058,124081528,124083549,124086770,124090764,124090964,124094144,124095449,124102656,",0,STAG2
XM_017029601.3,chrX,-,77504879,77786216,36,"77504879,77520787,77521402,77522262,77523251,77557450,77558668,77574249,77589833,77593695,77599410,77599731,77600433,77616612,77618805,77620394,77633206,77633565,77634593,77635914,77652113,77654097,77656559,77663381,77664644,77676225,77681519,77683538,77684938,77688817,77693823,77696576,77697582,77698573,77717130,77785981,","77508629,77520916,77521498,77522388,77523401,77557645,77558846,77574358,77589940,77593849,77599580,77599820,77600564,77616730,77618981,77620532,77633384,77633712,77634703,77636056,77652353,77654200,77656653,77663558,77664778,77676298,77683451,77684593,77685006,77688924,77693937,77696704,77697635,77698629,77717243,77786216,",0,ATRX
XM_017029604.3,chrX,-,77504879,77786216,35,"77504879,77520787,77521402,77522262,77523251,77557450,77558668,77574249,77589833,77593695,77599410,77599731,77600433,77616612,77618805,77620394,77633206,77633565,77634593,77635914,77652113,77654097,77656559,77663381,77664644,77676225,77681519,77683538,77684938,77688817,77696576,77697582,77698573,77717130,77785981,","77508629,77520916,77521498,77522388,77523401,77557645,77558846,77574358,77589940,77593849,77599580,77599820,77600564,77616730,77618981,77620532,77633384,77633712,77634703,77636056,77652353,77654200,77656653,77663558,77664778,77676298,77683451,77684593,77685006,77688927,77696704,77697635,77698629,77717243,77786216,",0,ATRX
NM_001348061.1,chrX,+,67544622,67696075,4,"67544622,67643255,67686009,67694672,","67546762,67643407,67686126,67696075,",0,AR
XM_017029722.2,chrX,+,129994039,130058071,14,"129994039,130005187,130012577,130012949,130020984,130022896,130024989,130028634,130034454,130037366,130039136,130050716,130051859,130055853,","129994533,130005317,130012668,130016213,130021150,130022977,130025379,130028861,130034676,130037533,130039282,130050794,130052016,130058071,",0,BCORL1
NM_001348063.1,chrX,+,67544622,67689758,4,"67544622,67643255,67686009,67689555,","67546762,67643407,67686126,67689758,",0,AR
NM_001348064.1,chrX,+,67544622,67696075,3,"67544622,67685940,67694672,","67546762,67686126,67696075,",0,AR
XM_047442191.1,chrX,-,77593696,77786216,27,"77593696,77595711,77599410,77599731,77600433,77616612,77618805,77620394,77633206,77633565,77634593,77635914,77652113,77654097,77656559,77663381,77664644,77676225,77681519,77684938,77688817,77693823,77696576,77697582,77698573,77717130,77785981,","77593849,77595785,77599580,77599820,77600564,77616730,77618981,77620532,77633384,77633712,77634703,77636056,77652353,77654200,77656653,77663558,77664778,77676298,77684593,77685006,77688927,77693937,77696704,77697635,77698629,77717243,77786216,",0,ATRX
NM_001321367.2,chrY,+,2691294,2736437,9,"2691294,2714421,2717604,2719660,2720355,2722626,2723313,2726259,2733356,","2691427,2714454,2717652,2719705,2720424,2722674,2723364,2726373,2736437,",0,CD99
NM_001321369.2,chrY,+,2691294,2741309,9,"2691294,2714421,2719660,2720355,2722626,2723313,2726259,2738202,2740778,","2691427,2714454,2719705,2720424,2722674,2723364,2726373,2738256,2741309,",0,CD99
NM_001122898.3,chrY,+,2691294,2741309,9,"2691294,2714421,2719660,2720355,2722626,2723313,2726259,2738199,2740778,","2691427,2714454,2719705,2720424,2722674,2723364,2726373,2738256,2741309,",0,CD99
NM_001321370.2,chrY,+,2691294,2741309,9,"2691294,2714421,2717604,2719660,2720355,2722626,2726259,2738199,2740778,","2691427,2714454,2717652,2719705,2720424,2722674,2726373,2738256,2741309,",0,CD99
NM_001321368.2,chrY,+,2691294,2741309,10,"2691294,2714421,2717604,2719660,2720355,2722626,2723313,2726259,2738202,2740778,","2691427,2714454,2717652,2719705,2720424,2722674,2723364,2726373,2738256,2741309,",0,CD99
NM_002414.5,chrY,+,2691294,2741309,10,"2691294,2714421,2717604,2719660,2720355,2722626,2723313,2726259,2738199,2740778,","2691427,2714454,2717652,2719705,2720424,2722674,2723364,2726373,2738256,2741309,",0,CD99
NR_135623.2,chrY,+,2691294,2741309,11,"2691294,2714421,2717604,2719660,2720355,2722626,2723313,2726259,2733356,2738202,2740778,","2691427,2714454,2717652,2719705,2720424,2722674,2723364,2726373,2733374,2738256,2741309,",0,CD99
NM_004521.3,chr10,-,32009014,32056425,26,"32009014,32015508,32017142,32018051,32018315,32018501,32019857,32021021,32021225,32022139,32022847,32028427,32031072,32032705,32033844,32034689,32035521,32035889,32037253,32037519,32038162,32038777,32039326,32040383,32048463,32055847,","32011516,32015659,32017359,32018156,32018387,32018562,32019959,32021131,32021287,32022257,32023036,32028571,32031279,32032774,32034038,32034838,32035667,32035994,32037378,32037607,32038218,32038826,32039431,32040457,32048551,32056425,",0,KIF5B
NM_000141.5,chr10,-,121478331,121598444,18,"121478331,121483697,121485394,121487353,121487990,121496531,121498494,121500825,121503789,121515116,121517318,121519978,121538591,121551289,121564501,121565437,121593708,121597961,","121480021,121483803,121485532,121487424,121488113,121496722,121498605,121500947,121503941,121515319,121517463,121520169,121538715,121551459,121564579,121565704,121593967,121598444,",0,FGFR2
NM_000314.8,chr10,+,87863624,87971930,9,"87863624,87894024,87925512,87931045,87933012,87952117,87957852,87960893,87965286,","87864548,87894109,87925557,87931089,87933251,87952259,87958019,87961118,87971930,",0,PTEN
XM_017015920.3,chr10,-,121478331,121598458,18,"121478331,121483697,121485394,121487353,121487990,121496531,121498494,121500825,121503789,121515122,121518681,121519978,121538591,121551289,121564501,121565437,121593708,121597961,","121480113,121483803,121485532,121487424,121488113,121496722,121498605,121500947,121503941,121515319,121518829,121520169,121538715,121551459,121564579,121565704,121593967,121598458,",0,FGFR2
XM_017015921.3,chr10,-,121478331,121598458,18,"121478331,121483697,121485394,121487353,121487990,121496531,121498494,121500825,121503789,121515122,121517318,121519978,121538591,121551289,121564501,121565437,121593708,121597961,","121480113,121483803,121485532,121487424,121488113,121496722,121498605,121500947,121503941,121515319,121517463,121520169,121538715,121551459,121564579,121565704,121593967,121598458,",0,FGFR2
XM_017015947.3,chr10,-,103088016,103139422,18,"103088016,103090610,103090935,103091563,103093138,103093971,103094347,103095938,103097290,103098930,103099925,103101044,103101234,103105357,103105705,103106588,103136248,103139405,","103089908,103090787,103090996,103091615,103093309,103094038,103094455,103095980,103097374,103098984,103100019,103101102,103101326,103105381,103105801,103106706,103136372,103139422,",0,NT5C2
XM_006717710.5,chr10,-,121478331,121598458,18,"121478331,121483697,121485394,121487353,121487990,121496531,121498494,121500825,121503789,121515116,121518681,121519978,121538591,121551289,121564501,121565437,121593708,121597961,","121480113,121483803,121485532,121487424,121488113,121496722,121498605,121500947,121503941,121515319,121518829,121520169,121538715,121551459,121564579,121565704,121593967,121598458,",0,FGFR2
NM_001304717.5,chr10,+,87863624,87971930,10,"87863624,87864104,87894024,87925512,87931045,87933012,87952117,87957852,87960893,87965286,","87864103,87864548,87894109,87925557,87931089,87933251,87952259,87958019,87961118,87971930,",0,PTEN
NM_001304718.2,chr10,+,87863624,87971930,9,"87863624,87894024,87931045,87933012,87942610,87952117,87957852,87960893,87965286,","87864548,87894109,87931089,87933251,87942769,87952259,87958019,87961118,87971930,",0,PTEN
NM_000770.3,chr10,-,95036771,95069497,9,"95036771,95038896,95042889,95045809,95058334,95064799,95067207,95067528,95069234,","95037309,95039038,95043077,95045951,95058511,95064960,95067357,95067691,95069497,",0,CYP2C8
NM_020630.7,chr10,+,43077068,43130351,19,"43077068,43100458,43102341,43104951,43106375,43109030,43111206,43112098,43112852,43113555,43114479,43116583,43118372,43119530,43120080,43121945,43123670,43124882,43126574,","43077331,43100722,43102629,43105193,43106571,43109230,43111465,43112224,43112963,43113675,43114736,43116731,43118480,43119745,43120203,43122016,43123808,43124982,43130351,",0,RET
NM_030625.3,chr10,+,68560336,68694487,12,"68560336,68572216,68600980,68644697,68651845,68652500,68667044,68672894,68681398,68682835,68686355,68690807,","68560742,68574252,68601034,68647005,68651936,68652594,68667256,68673045,68681488,68682973,68686707,68694487,",0,TET1
XM_005269637.6,chr10,-,103088016,103153821,18,"103088016,103090610,103090935,103091563,103093138,103093971,103094347,103095938,103097290,103098930,103099925,103101044,103101234,103105357,103105705,103106588,103139405,103153290,","103089908,103090787,103090996,103091615,103093309,103094038,103094455,103095980,103097374,103098984,103100019,103101102,103101326,103105381,103105801,103106706,103139479,103153821,",0,NT5C2
XM_017016686.3,chr10,+,68636615,68694487,11,"68636615,68644697,68651845,68652500,68667044,68672894,68673400,68681398,68682835,68686355,68690807,","68636773,68647005,68651936,68652594,68667256,68673045,68673487,68681488,68682973,68686707,68694487,",0,TET1
XM_017016687.2,chr10,+,68600473,68694487,13,"68600473,68600980,68603234,68644697,68651845,68652500,68667044,68672894,68673400,68681398,68682835,68686355,68690807,","68600769,68601034,68603284,68647005,68651936,68652594,68667256,68673045,68673487,68681488,68682973,68686707,68694487,",0,TET1
XM_017016688.2,chr10,+,68600267,68694487,13,"68600267,68600980,68603234,68644697,68651845,68652500,68667044,68672894,68673400,68681398,68682835,68686355,68690807,","68600450,68601034,68603284,68647005,68651936,68652594,68667256,68673045,68673487,68681488,68682973,68686707,68694487,",0,TET1
NM_001320654.2,chr10,-,121478331,121531314,17,"121478331,121483697,121485394,121487353,121487990,121496531,121498494,121500825,121503789,121515116,121517318,121519978,121526154,121526728,121527675,121530321,121531266,","121480021,121483803,121485532,121487424,121488113,121496722,121498605,121500947,121503941,121515319,121517463,121520169,121526194,121526954,121528003,121530458,121531314,",0,FGFR2
NM_001320658.2,chr10,-,121478331,121598444,18,"121478331,121483697,121485394,121487353,121487990,121496531,121498494,121500825,121503789,121515122,121517318,121519978,121538591,121551289,121564501,121565437,121593708,121597961,","121480021,121483803,121485532,121487424,121488113,121496722,121498605,121500947,121503941,121515319,121517463,121520169,121538715,121551459,121564579,121565704,121593967,121598444,",0,FGFR2
NM_020975.6,chr10,+,43077068,43130351,20,"43077068,43100458,43102341,43104951,43106375,43109030,43111206,43112098,43112852,43113555,43114479,43116583,43118372,43119530,43120080,43121945,43123670,43124882,43126574,43128111,","43077331,43100722,43102629,43105193,43106571,43109230,43111465,43112224,43112963,43113675,43114736,43116731,43118480,43119745,43120203,43122016,43123808,43124982,43126722,43130351,",0,RET
NR_073009.2,chr10,-,121478331,121598444,17,"121478331,121483697,121485394,121487353,121487990,121496531,121498494,121500825,121503789,121515116,121517318,121518681,121519978,121538591,121551289,121593708,121597961,","121480021,121483803,121485532,121487424,121488113,121496722,121498605,121500947,121503941,121515319,121517463,121518829,121520169,121538715,121551459,121593967,121598444,",0,FGFR2
NM_001355216.2,chr10,+,43104764,43130351,16,"43104764,43106375,43109030,43111206,43112098,43112852,43113555,43114479,43116583,43118372,43119530,43120080,43121945,43123670,43124882,43126574,","43105193,43106571,43109230,43111465,43112224,43112963,43113675,43114736,43116731,43118480,43119745,43120203,43122016,43123808,43124982,43130351,",0,RET
NM_001351170.2,chr10,-,103088037,103193272,19,"103088037,103090610,103090935,103091563,103093138,103093971,103094347,103095938,103097290,103098930,103099925,103101044,103101234,103105357,103105705,103106588,103139405,103174857,103193235,","103089908,103090787,103090996,103091615,103093309,103094038,103094455,103095980,103097374,103098984,103100019,103101102,103101326,103105381,103105801,103106706,103139479,103174982,103193272,",0,NT5C2
NM_001351169.2,chr10,-,103088037,103193272,19,"103088037,103090610,103090935,103091563,103093138,103093971,103094347,103095938,103097290,103098930,103099925,103101044,103101234,103105705,103106588,103139405,103174857,103181184,103193235,","103089908,103090787,103090996,103091615,103093309,103094038,103094455,103095980,103097374,103098984,103100019,103101102,103101326,103105801,103106706,103139479,103174982,103181328,103193272,",0,NT5C2
NM_001351171.2,chr10,-,103088037,103193272,20,"103088037,103090610,103090935,103091563,103093138,103093971,103094347,103095938,103097290,103098930,103099925,103101044,103101234,103105357,103105705,103106588,103139405,103174857,103181230,103193235,","103089908,103090787,103090996,103091615,103093309,103094038,103094455,103095980,103097374,103098984,103100019,103101102,103101326,103105381,103105801,103106706,103139479,103174982,103181328,103193272,",0,NT5C2
NM_001351172.2,chr10,-,103088037,103193272,20,"103088037,103090610,103090935,103091563,103093138,103093971,103094347,103095938,103097290,103098930,103099925,103101044,103101234,103105357,103105705,103106588,103139405,103174857,103181184,103193235,","103089908,103090787,103090996,103091615,103093309,103094038,103094455,103095980,103097374,103098984,103100019,103101102,103101326,103105381,103105801,103106706,103139479,103174982,103181328,103193272,",0,NT5C2
NM_001351173.2,chr10,-,103088037,103177057,19,"103088037,103090610,103090935,103091563,103093138,103093971,103094347,103095938,103097290,103098930,103099925,103101044,103101234,103105357,103105705,103106588,103139405,103174857,103176485,","103089908,103090787,103090996,103091615,103093309,103094038,103094455,103095980,103097374,103098984,103100019,103101102,103101326,103105381,103105801,103106706,103139479,103174982,103177057,",0,NT5C2
NM_001351174.1,chr10,-,103088016,103153821,17,"103088016,103090610,103090935,103091563,103093138,103093971,103094347,103095938,103097290,103098930,103099925,103101044,103101234,103105705,103106588,103139405,103153290,","103089908,103090787,103090996,103091615,103093309,103094038,103094455,103095980,103097374,103098984,103100019,103101102,103101326,103105801,103106706,103139479,103153821,",0,NT5C2
NM_002051.3,chr10,+,8054687,8075198,6,"8054687,8055286,8058304,8063995,8069472,8073738,","8054891,8055896,8058841,8064138,8069598,8075198,",0,GATA3
NM_001351175.2,chr10,-,103088037,103193272,20,"103088037,103090610,103090935,103091563,103093138,103093971,103094347,103095938,103097290,103098930,103099925,103101044,103101234,103105705,103106588,103136248,103139405,103174857,103181184,103193235,","103089908,103090787,103090996,103091615,103093309,103094038,103094455,103095980,103097374,103098984,103100019,103101102,103101326,103105801,103106706,103136372,103139479,103174982,103181328,103193272,",0,NT5C2
NM_001351176.2,chr10,-,103088037,103193272,18,"103088037,103090610,103090935,103091563,103093138,103093971,103094347,103095938,103097290,103098930,103099925,103101044,103101234,103105705,103106588,103111744,103174857,103193235,","103089908,103090787,103090996,103091615,103093309,103094038,103094455,103095980,103097374,103098984,103100019,103101102,103101326,103105801,103106706,103111805,103174982,103193272,",0,NT5C2
NM_001351177.2,chr10,-,103088037,103193272,19,"103088037,103090610,103090935,103091563,103093138,103093971,103094347,103095938,103097290,103098930,103099925,103101044,103101234,103105705,103106588,103111744,103139405,103174857,103193235,","103089908,103090787,103090996,103091615,103093309,103094038,103094455,103095980,103097374,103098984,103100019,103101102,103101326,103105801,103106706,103111805,103139479,103174982,103193272,",0,NT5C2
NM_001351178.2,chr10,-,103088037,103193272,21,"103088037,103090610,103090935,103091563,103093138,103093971,103094347,103095938,103097290,103098930,103099925,103101044,103101234,103105357,103105705,103106588,103111744,103139405,103174857,103181230,103193235,","103089908,103090787,103090996,103091615,103093309,103094038,103094455,103095980,103097374,103098984,103100019,103101102,103101326,103105381,103105801,103106706,103111805,103139479,103174982,103181328,103193272,",0,NT5C2
NM_001351180.2,chr10,-,103088037,103193272,18,"103088037,103090610,103090935,103091563,103093138,103093971,103094347,103095938,103097290,103098930,103099925,103100751,103101044,103101234,103105705,103106588,103174857,103193235,","103089908,103090787,103090996,103091615,103093309,103094038,103094455,103095980,103097374,103098984,103100019,103100943,103101102,103101326,103105801,103106706,103174982,103193272,",0,NT5C2
NM_001351179.2,chr10,-,103088037,103177057,20,"103088037,103090610,103090935,103091563,103093138,103093971,103094347,103095938,103097290,103098930,103099925,103100751,103101044,103101234,103105705,103106588,103111744,103139405,103174857,103176485,","103089908,103090787,103090996,103091615,103093309,103094038,103094455,103095980,103097374,103098984,103100019,103100943,103101102,103101326,103105801,103106706,103111805,103139479,103174982,103177057,",0,NT5C2
NM_001351181.2,chr10,-,103088037,103193272,16,"103088037,103090610,103090935,103091563,103093138,103093971,103094347,103095938,103097290,103098930,103099925,103101044,103105705,103106588,103174857,103193235,","103089908,103090787,103090996,103091615,103093309,103094038,103094455,103095980,103097374,103098984,103100019,103101102,103105801,103106706,103174982,103193272,",0,NT5C2
NM_001351182.2,chr10,-,103088037,103193272,20,"103088037,103090610,103090935,103091563,103093138,103093971,103094347,103095938,103097290,103098930,103099925,103100751,103101044,103101234,103105705,103106588,103111744,103139405,103174857,103193235,","103089908,103090787,103090996,103091615,103093309,103094038,103094455,103095980,103097374,103098984,103100019,103100943,103101102,103101326,103105801,103106706,103111805,103139479,103174982,103193272,",0,NT5C2
NM_001351183.2,chr10,-,103088037,103193272,17,"103088037,103090610,103090935,103091563,103093138,103093971,103094347,103095938,103097290,103098930,103099925,103101044,103101234,103105705,103106588,103174857,103193235,","103089908,103090787,103090996,103091615,103093309,103094038,103094455,103095980,103097374,103098984,103100019,103101102,103101326,103105801,103106706,103174982,103193272,",0,NT5C2
NM_001351184.2,chr10,-,103088037,103193272,19,"103088037,103090610,103090935,103091563,103093138,103093971,103094347,103095938,103097290,103098930,103099925,103100751,103101044,103101234,103105705,103106588,103139405,103174857,103193235,","103089908,103090787,103090996,103091615,103093309,103094038,103094455,103095980,103097374,103098984,103100019,103100943,103101102,103101326,103105801,103106706,103139479,103174982,103193272,",0,NT5C2
NM_001351185.2,chr10,-,103088037,103193272,19,"103088037,103090610,103090935,103091563,103093138,103093971,103094347,103095938,103097290,103098930,103099925,103100751,103101044,103101234,103105705,103106588,103139405,103174857,103193235,","103089908,103090787,103090996,103091615,103093309,103094038,103094455,103095980,103097374,103098984,103100019,103100964,103101102,103101326,103105801,103106706,103139479,103174982,103193272,",0,NT5C2
NM_001351186.2,chr10,-,103088037,103193272,21,"103088037,103090610,103090935,103091563,103093138,103093971,103094347,103095938,103097290,103098930,103099925,103100751,103101044,103101234,103105357,103105705,103106588,103111744,103139405,103174857,103193235,","103089908,103090787,103090996,103091615,103093309,103094038,103094455,103095980,103097374,103098984,103100019,103100943,103101102,103101326,103105381,103105801,103106706,103111805,103139479,103174982,103193272,",0,NT5C2
NM_001351187.2,chr10,-,103088037,103193272,22,"103088037,103090610,103090935,103091563,103093138,103093971,103094347,103095938,103097290,103098930,103099925,103100751,103101044,103101234,103105357,103105705,103106588,103111744,103139405,103174857,103181230,103193235,","103089908,103090787,103090996,103091615,103093309,103094038,103094455,103095980,103097374,103098984,103100019,103100964,103101102,103101326,103105381,103105801,103106706,103111805,103139479,103174982,103181328,103193272,",0,NT5C2
NM_001351188.2,chr10,-,103088037,103193272,19,"103088037,103090610,103090935,103091563,103093138,103093971,103094347,103095938,103097290,103098930,103099925,103100751,103101044,103101234,103105705,103106588,103111744,103174857,103193235,","103089908,103090787,103090996,103091615,103093309,103094038,103094455,103095980,103097374,103098984,103100019,103100943,103101102,103101326,103105801,103106706,103111805,103174982,103193272,",0,NT5C2
NM_001351190.2,chr10,-,103088037,103177057,19,"103088037,103090610,103090935,103091563,103093138,103093971,103094347,103095938,103097290,103098930,103099925,103100751,103101044,103101234,103105705,103106588,103139405,103174857,103176485,","103089908,103090787,103090996,103091615,103093309,103094038,103094455,103095980,103097374,103098984,103100019,103100836,103101102,103101326,103105801,103106706,103139479,103174982,103177057,",0,NT5C2
NM_001351189.2,chr10,-,103088037,103177057,19,"103088037,103090610,103090935,103091563,103093138,103093971,103094347,103095938,103097290,103098930,103099925,103100751,103101044,103101234,103105705,103106588,103139405,103174857,103176485,","103089908,103090787,103090996,103091615,103093309,103094038,103094455,103095980,103097374,103098984,103100019,103100943,103101102,103101326,103105801,103106706,103139479,103174982,103177057,",0,NT5C2
NM_001351191.1,chr10,-,103088016,103153821,17,"103088016,103090610,103090935,103091563,103093138,103093971,103094347,103095938,103097290,103098930,103099925,103101044,103105705,103106588,103111744,103139405,103153290,","103089908,103090787,103090996,103091615,103093309,103094038,103094455,103095980,103097374,103098984,103100019,103101102,103105801,103106706,103111805,103139479,103153821,",0,NT5C2
NM_001351192.1,chr10,-,103088016,103153821,18,"103088016,103090610,103090935,103091563,103093138,103093971,103094347,103095938,103097290,103098930,103099925,103101044,103101234,103105705,103106588,103111744,103139405,103153290,","103089908,103090787,103090996,103091615,103093309,103094038,103094455,103095980,103097374,103098984,103100019,103101102,103101326,103105801,103106706,103111805,103139479,103153821,",0,NT5C2
NM_001351193.1,chr10,-,103088016,103153821,19,"103088016,103090610,103090935,103091563,103093138,103093971,103094347,103095938,103097290,103098930,103099925,103101044,103101234,103105357,103105705,103106588,103111744,103139405,103153290,","103089908,103090787,103090996,103091615,103093309,103094038,103094455,103095980,103097374,103098984,103100019,103101102,103101326,103105381,103105801,103106706,103111805,103139479,103153821,",0,NT5C2
NM_001351194.2,chr10,-,103088037,103193272,18,"103088037,103090610,103090935,103091563,103093138,103093971,103094347,103095938,103097290,103098047,103098930,103099925,103101044,103101234,103105705,103106588,103174857,103193235,","103089908,103090787,103090996,103091615,103093309,103094038,103094455,103095980,103097374,103098088,103098984,103100019,103101102,103101326,103105801,103106706,103174982,103193272,",0,NT5C2
NM_001351195.2,chr10,-,103088037,103193272,20,"103088037,103090610,103090935,103091563,103093138,103093971,103094347,103095938,103097290,103098047,103098930,103099925,103101044,103101234,103105705,103106588,103111744,103139405,103174857,103193235,","103089908,103090787,103090996,103091615,103093309,103094038,103094455,103095980,103097374,103098088,103098984,103100019,103101102,103101326,103105801,103106706,103111805,103139479,103174982,103193272,",0,NT5C2
NM_001351196.2,chr10,-,103088037,103193272,21,"103088037,103090610,103090935,103091563,103093138,103093971,103094347,103095938,103097290,103098047,103098930,103099925,103101044,103101234,103105357,103105705,103106588,103111744,103139405,103174857,103193235,","103089908,103090787,103090996,103091615,103093309,103094038,103094455,103095980,103097374,103098088,103098984,103100019,103101102,103101326,103105381,103105801,103106706,103111805,103139479,103174982,103193272,",0,NT5C2
NM_001351197.2,chr10,-,103088037,103193272,20,"103088037,103090610,103090935,103091563,103093138,103093971,103094347,103095938,103097290,103098930,103099925,103101044,103101234,103105705,103106588,103111744,103139405,103174857,103181230,103193235,","103089908,103090787,103090996,103091615,103093309,103094038,103094455,103095980,103097374,103098984,103100019,103101102,103101326,103105801,103106706,103111805,103139479,103174982,103181328,103193272,",0,NT5C2
NM_012229.5,chr10,-,103088037,103193272,19,"103088037,103090610,103090935,103091563,103093138,103093971,103094347,103095938,103097290,103098930,103099925,103101044,103101234,103105705,103106588,103139405,103174857,103181230,103193235,","103089908,103090787,103090996,103091615,103093309,103094038,103094455,103095980,103097374,103098984,103100019,103101102,103101326,103105801,103106706,103139479,103174982,103181328,103193272,",0,NT5C2
XM_047424844.1,chr10,-,103088016,103181179,19,"103088016,103090610,103090935,103091563,103093138,103093971,103094347,103095938,103097290,103098930,103099925,103101044,103101234,103105357,103105705,103106588,103139405,103174857,103177517,","103089908,103090787,103090996,103091615,103093309,103094038,103094455,103095980,103097374,103098984,103100019,103101102,103101326,103105381,103105801,103106706,103139479,103174982,103181179,",0,NT5C2
XM_047424845.1,chr10,-,103088016,103193272,19,"103088016,103090610,103090935,103091563,103093138,103093971,103094347,103095938,103097290,103098930,103099925,103101044,103101234,103105357,103105705,103106588,103139405,103174857,103192405,","103089908,103090787,103090996,103091615,103093309,103094038,103094455,103095980,103097374,103098984,103100019,103101102,103101326,103105381,103105801,103106706,103139479,103174982,103193272,",0,NT5C2
XM_047424846.1,chr10,-,103088016,103187246,19,"103088016,103090610,103090935,103091563,103093138,103093971,103094347,103095938,103097290,103098930,103099925,103101044,103101234,103105357,103105705,103106588,103139405,103174857,103187124,","103089908,103090787,103090996,103091615,103093309,103094038,103094455,103095980,103097374,103098984,103100019,103101102,103101326,103105381,103105801,103106706,103139479,103174982,103187246,",0,NT5C2
XM_047424847.1,chr10,-,103088016,103193272,19,"103088016,103090610,103090935,103091563,103093138,103093971,103094347,103095938,103097290,103098930,103099925,103101044,103101234,103105705,103106588,103139405,103174857,103181184,103192405,","103089908,103090787,103090996,103091615,103093309,103094038,103094455,103095980,103097374,103098984,103100019,103101102,103101326,103105801,103106706,103139479,103174982,103181328,103193272,",0,NT5C2
XM_047424848.1,chr10,-,103088016,103177497,18,"103088016,103090610,103090935,103091563,103093138,103093971,103094347,103095938,103097290,103098930,103099925,103101044,103101234,103105705,103106588,103139405,103174857,103176756,","103089908,103090787,103090996,103091615,103093309,103094038,103094455,103095980,103097374,103098984,103100019,103101102,103101326,103105801,103106706,103139479,103174982,103177497,",0,NT5C2
XM_047424850.1,chr10,-,103088016,103187246,18,"103088016,103090610,103090935,103091563,103093138,103093971,103094347,103095938,103097290,103098930,103099925,103101044,103101234,103105705,103106588,103139405,103174857,103187124,","103089908,103090787,103090996,103091615,103093309,103094038,103094455,103095980,103097374,103098984,103100019,103101102,103101326,103105801,103106706,103139479,103174982,103187246,",0,NT5C2
XM_047424849.1,chr10,-,103088016,103181179,18,"103088016,103090610,103090935,103091563,103093138,103093971,103094347,103095938,103097290,103098930,103099925,103101044,103101234,103105705,103106588,103139405,103174857,103177517,","103089908,103090787,103090996,103091615,103093309,103094038,103094455,103095980,103097374,103098984,103100019,103101102,103101326,103105801,103106706,103139479,103174982,103181179,",0,NT5C2
XM_047424851.1,chr10,-,103088016,103153360,18,"103088016,103090610,103090935,103091563,103093138,103093971,103094347,103095938,103097290,103098930,103099925,103101044,103101234,103105357,103105705,103106588,103139405,103146029,","103089908,103090787,103090996,103091615,103093309,103094038,103094455,103095980,103097374,103098984,103100019,103101102,103101326,103105381,103105801,103106706,103139479,103153360,",0,NT5C2
XM_047424852.1,chr10,-,103088016,103193272,18,"103088016,103090610,103090935,103091563,103093971,103094347,103095938,103097290,103098930,103099925,103101044,103101234,103105357,103105705,103106588,103139405,103174857,103193235,","103089908,103090787,103090996,103091615,103094038,103094455,103095980,103097374,103098984,103100019,103101102,103101326,103105381,103105801,103106706,103139479,103174982,103193272,",0,NT5C2
XM_047424853.1,chr10,-,103088016,103193272,19,"103088016,103090610,103090935,103091563,103093971,103094347,103095938,103097290,103098930,103099925,103101044,103101234,103105357,103105705,103106588,103139405,103174857,103181230,103193235,","103089908,103090787,103090996,103091615,103094038,103094455,103095980,103097374,103098984,103100019,103101102,103101326,103105381,103105801,103106706,103139479,103174982,103181328,103193272,",0,NT5C2
XM_047424854.1,chr10,-,103088016,103193272,17,"103088016,103090610,103090935,103091563,103093971,103094347,103095938,103097290,103098930,103099925,103101044,103101234,103105705,103106588,103139405,103174857,103193235,","103089908,103090787,103090996,103091615,103094038,103094455,103095980,103097374,103098984,103100019,103101102,103101326,103105801,103106706,103139479,103174982,103193272,",0,NT5C2
XM_047424855.1,chr10,-,103088016,103193272,18,"103088016,103090610,103090935,103091563,103093971,103094347,103095938,103097290,103098930,103099925,103101044,103101234,103105705,103106588,103139405,103174857,103181184,103193235,","103089908,103090787,103090996,103091615,103094038,103094455,103095980,103097374,103098984,103100019,103101102,103101326,103105801,103106706,103139479,103174982,103181328,103193272,",0,NT5C2
XM_047424856.1,chr10,-,103088016,103193272,18,"103088016,103090610,103090935,103091563,103093971,103094347,103095938,103097290,103098930,103099925,103101044,103101234,103105705,103106588,103139405,103174857,103181230,103193235,","103089908,103090787,103090996,103091615,103094038,103094455,103095980,103097374,103098984,103100019,103101102,103101326,103105801,103106706,103139479,103174982,103181328,103193272,",0,NT5C2
XM_047424857.1,chr10,-,103088016,103153360,18,"103088016,103090610,103090935,103091563,103093138,103093971,103094347,103095938,103097290,103098930,103099925,103101044,103101234,103105705,103106588,103111744,103139405,103146029,","103089908,103090787,103090996,103091615,103093309,103094038,103094455,103095980,103097374,103098984,103100019,103101102,103101326,103105801,103106706,103111805,103139479,103153360,",0,NT5C2
XM_047424858.1,chr10,-,103088016,103139427,15,"103088016,103090610,103090935,103091563,103093138,103093971,103094347,103095938,103097290,103098930,103099925,103101044,103101234,103105705,103139405,","103089908,103090787,103090996,103091615,103093309,103094038,103094455,103095980,103097374,103098984,103100019,103101102,103101326,103105801,103139427,",0,NT5C2
XM_047424859.1,chr10,-,103088016,103100681,12,"103088016,103090610,103090935,103091563,103093138,103093971,103094347,103095938,103097290,103098930,103099925,103100662,","103089908,103090787,103090996,103091615,103093309,103094038,103094455,103095980,103097374,103098984,103100019,103100681,",0,NT5C2
XM_047425044.1,chr10,+,8051235,8075198,7,"8051235,8052434,8055286,8058304,8063995,8069472,8073738,","8051619,8053778,8055896,8058841,8064138,8069598,8075198,",0,GATA3
XM_005252442.3,chr10,+,8051235,8075198,7,"8051235,8052434,8055286,8058304,8063992,8069472,8073738,","8051619,8053778,8055896,8058841,8064138,8069598,8075198,",0,GATA3
XM_047425202.1,chr10,-,32015506,32056425,25,"32015506,32017142,32018051,32018315,32018501,32019857,32021021,32021225,32022139,32022847,32028427,32031072,32032705,32033844,32034689,32035521,32035889,32037253,32037519,32038162,32038777,32039326,32040383,32048463,32055847,","32015659,32017359,32018156,32018387,32018562,32019959,32021131,32021287,32022257,32023036,32028571,32031279,32032774,32034038,32034838,32035667,32035994,32037378,32037607,32038218,32038826,32039431,32040457,32048551,32056425,",0,KIF5B
XM_047425203.1,chr10,-,32009014,32056425,27,"32009014,32015508,32017142,32018051,32018315,32018501,32019857,32021021,32021225,32022139,32022847,32028427,32031072,32032705,32033844,32034689,32035521,32035889,32037253,32037519,32038162,32038777,32039326,32040383,32048463,32050309,32055847,","32011516,32015659,32017359,32018156,32018387,32018562,32019959,32021131,32021287,32022257,32023036,32028571,32031279,32032774,32034038,32034838,32035667,32035994,32037378,32037607,32038218,32038826,32039431,32040457,32048551,32050523,32056425,",0,KIF5B
NM_001134373.3,chr10,-,103088037,103193272,18,"103088037,103090610,103090935,103091563,103093138,103093971,103094347,103095938,103097290,103098930,103099925,103101044,103101234,103105705,103106588,103139405,103174857,103193235,","103089908,103090787,103090996,103091615,103093309,103094038,103094455,103095980,103097374,103098984,103100019,103101102,103101326,103105801,103106706,103139479,103174982,103193272,",0,NT5C2
NM_001441087.1,chr10,-,121478331,121598444,18,"121478331,121483697,121485394,121487353,121487990,121496531,121498494,121500825,121503789,121515122,121518681,121519978,121538591,121551289,121564501,121565437,121593708,121597961,","121480021,121483803,121485532,121487424,121488113,121496722,121498605,121500947,121503941,121515319,121518829,121520169,121538715,121551459,121564579,121565704,121593967,121598444,",0,FGFR2
NM_001441088.1,chr10,-,121478331,121598444,17,"121478331,121483697,121485394,121487353,121487990,121496531,121498494,121500825,121503789,121515122,121518681,121519978,121538591,121551289,121564501,121593708,121597961,","121480021,121483803,121485532,121487424,121488113,121496722,121498605,121500947,121503941,121515319,121518829,121520169,121538715,121551459,121564579,121593967,121598444,",0,FGFR2
NM_001441090.1,chr10,-,121478331,121598444,16,"121478331,121483697,121485394,121487353,121487990,121496531,121498494,121500825,121503789,121515116,121517318,121519978,121538591,121551289,121593708,121597961,","121480021,121483803,121485532,121487424,121488113,121496722,121498605,121500947,121503941,121515319,121517463,121520169,121538715,121551459,121593967,121598444,",0,FGFR2
NM_001441089.1,chr10,-,121478331,121598444,17,"121478331,121483697,121485394,121487353,121487990,121496531,121498494,121500825,121503789,121515122,121517318,121519978,121538591,121551289,121564501,121593708,121597961,","121480021,121483803,121485532,121487424,121488113,121496722,121498605,121500947,121503941,121515319,121517463,121520169,121538715,121551459,121564579,121593967,121598444,",0,FGFR2
NM_001441091.1,chr10,-,121478331,121598444,16,"121478331,121483697,121485394,121487353,121487990,121496531,121498494,121500825,121503789,121515122,121517318,121519978,121538591,121551289,121593708,121597961,","121480113,121483803,121485532,121487424,121488113,121496722,121498605,121500947,121503941,121515319,121517463,121520169,121538715,121551459,121593967,121598444,",0,FGFR2
NM_001441115.1,chr10,+,8045332,8075198,6,"8045332,8055286,8058304,8063992,8069472,8073738,","8045515,8055896,8058841,8064138,8069598,8075198,",0,GATA3
NM_001441116.1,chr10,+,8045332,8075198,7,"8045332,8045741,8055286,8058304,8063992,8069472,8073738,","8045515,8045941,8055896,8058841,8064138,8069598,8075198,",0,GATA3
NM_001441117.1,chr10,+,8045332,8075198,8,"8045332,8052434,8052987,8055286,8058304,8063992,8069472,8073738,","8045515,8052637,8053126,8055896,8058841,8064138,8069598,8075198,",0,GATA3
NM_001441118.1,chr10,+,8045332,8075198,8,"8045332,8052434,8052964,8055286,8058304,8063992,8069472,8073738,","8045515,8052637,8053126,8055896,8058841,8064138,8069598,8075198,",0,GATA3
NM_001441120.1,chr10,+,8049853,8075198,6,"8049853,8055286,8058304,8063992,8069472,8073738,","8050184,8055896,8058841,8064138,8069598,8075198,",0,GATA3
NM_001441119.1,chr10,+,8049853,8075198,8,"8049853,8052434,8052987,8055286,8058304,8063992,8069472,8073738,","8050184,8052637,8053126,8055896,8058841,8064138,8069598,8075198,",0,GATA3
NM_001441121.1,chr10,+,8051235,8075198,8,"8051235,8052434,8052964,8055286,8058304,8063992,8069472,8073738,","8051619,8052637,8053126,8055896,8058841,8064138,8069598,8075198,",0,GATA3
NM_001441122.1,chr10,+,8051235,8075198,8,"8051235,8052434,8052987,8055286,8058304,8063992,8069472,8073738,","8051619,8052637,8053126,8055896,8058841,8064138,8069598,8075198,",0,GATA3
NM_001441123.1,chr10,+,8053640,8075198,6,"8053640,8055286,8058304,8063992,8069472,8073738,","8053778,8055896,8058841,8064138,8069598,8075198,",0,GATA3
NM_001441124.1,chr10,+,8045332,8075198,6,"8045332,8055286,8058304,8063995,8069472,8073738,","8045515,8055896,8058841,8064138,8069598,8075198,",0,GATA3
NM_001441125.1,chr10,+,8049853,8075198,6,"8049853,8055286,8058304,8063995,8069472,8073738,","8050184,8055896,8058841,8064138,8069598,8075198,",0,GATA3
NM_001441126.1,chr10,+,8051235,8075198,8,"8051235,8052434,8052964,8055286,8058304,8063995,8069472,8073738,","8051619,8052637,8053126,8055896,8058841,8064138,8069598,8075198,",0,GATA3
NM_001441127.1,chr10,+,8051235,8075198,8,"8051235,8052434,8052987,8055286,8058304,8063995,8069472,8073738,","8051619,8052637,8053126,8055896,8058841,8064138,8069598,8075198,",0,GATA3
NM_001441128.1,chr10,+,8053640,8075198,6,"8053640,8055286,8058304,8063995,8069472,8073738,","8053778,8055896,8058841,8064138,8069598,8075198,",0,GATA3
NM_001441130.1,chr10,+,8053640,8075198,6,"8053640,8055286,8058304,8063992,8069472,8073746,","8053778,8055896,8058841,8064138,8069598,8075198,",0,GATA3
NM_001441129.1,chr10,+,8045332,8075198,6,"8045332,8055286,8058304,8063992,8069472,8073746,","8045515,8055896,8058841,8064138,8069598,8075198,",0,GATA3
NM_001441131.1,chr10,+,8054687,8075198,6,"8054687,8055286,8058304,8063992,8069472,8073746,","8054891,8055896,8058841,8064138,8069598,8075198,",0,GATA3
NM_001441132.1,chr10,+,8045332,8075198,6,"8045332,8055286,8058304,8063995,8069472,8073746,","8045515,8055896,8058841,8064138,8069598,8075198,",0,GATA3
NM_001441133.1,chr10,+,8054687,8075198,6,"8054687,8055286,8058304,8063995,8069472,8073746,","8054891,8055896,8058841,8064138,8069598,8075198,",0,GATA3
NM_001441134.1,chr10,+,8054687,8075198,5,"8054687,8055286,8058304,8069472,8073738,","8054891,8055896,8058841,8069598,8075198,",0,GATA3
NM_001441135.1,chr10,+,8060456,8075198,4,"8060456,8063992,8069472,8073738,","8060508,8064138,8069598,8075198,",0,GATA3
NM_023029.3,chr10,-,121478331,121598444,17,"121478331,121483697,121485394,121487353,121487990,121496531,121498494,121500825,121503789,121515116,121517318,121519978,121538591,121551289,121564501,121593708,121597961,","121480021,121483803,121485532,121487424,121488113,121496722,121498605,121500947,121503941,121515319,121517463,121520169,121538715,121551459,121564579,121593967,121598444,",0,FGFR2
NM_001406365.1,chr10,+,68560336,68694487,13,"68560336,68572216,68600980,68644697,68651845,68652500,68667044,68672894,68673400,68681398,68682835,68686355,68690807,","68560742,68574252,68601034,68647005,68651936,68652594,68667256,68673045,68673487,68681488,68682973,68686707,68694487,",0,TET1
NM_001406367.1,chr10,+,68600473,68694487,12,"68600473,68600980,68644697,68651845,68652500,68667044,68672894,68673400,68681398,68682835,68686355,68690807,","68600879,68601034,68647005,68651936,68652594,68667256,68673045,68673487,68681488,68682973,68686707,68694487,",0,TET1
NM_001406368.1,chr10,+,68600267,68694487,12,"68600267,68600980,68644697,68651845,68652500,68667044,68672894,68673400,68681398,68682835,68686355,68690807,","68600450,68601034,68647005,68651936,68652594,68667256,68673045,68673487,68681488,68682973,68686707,68694487,",0,TET1
NM_001406370.1,chr10,+,68600473,68694487,12,"68600473,68600980,68644697,68651845,68652500,68667044,68672894,68673400,68681398,68682835,68686355,68690807,","68600769,68601034,68647005,68651936,68652594,68667256,68673045,68673487,68681488,68682973,68686707,68694487,",0,TET1
NM_001406369.1,chr10,+,68600473,68694487,12,"68600473,68600980,68644701,68651845,68652500,68667044,68672894,68673400,68681398,68682835,68686355,68690807,","68600769,68601034,68647005,68651936,68652594,68667256,68673045,68673487,68681488,68682973,68686707,68694487,",0,TET1
NM_001406371.1,chr10,+,68600267,68694487,11,"68600267,68600980,68644697,68651845,68652500,68667044,68672894,68681398,68682835,68686355,68690807,","68600450,68601034,68647005,68651936,68652594,68667256,68673045,68681488,68682973,68686707,68694487,",0,TET1
NM_001406372.1,chr10,+,68600473,68694487,11,"68600473,68600980,68644697,68651845,68652500,68667044,68672894,68681398,68682835,68686355,68690807,","68600769,68601034,68647005,68651936,68652594,68667256,68673045,68681488,68682973,68686707,68694487,",0,TET1
NM_001406373.1,chr10,+,68560336,68694487,10,"68560336,68572216,68600980,68667044,68672894,68673400,68681398,68682835,68686355,68690807,","68560742,68574252,68601034,68667256,68673045,68673487,68681488,68682973,68686707,68694487,",0,TET1
NM_022970.4,chr10,-,121478331,121598444,18,"121478331,121483697,121485394,121487353,121487990,121496531,121498494,121500825,121503789,121515116,121518681,121519978,121538591,121551289,121564501,121565437,121593708,121597961,","121480021,121483803,121485532,121487424,121488113,121496722,121498605,121500947,121503941,121515319,121518829,121520169,121538715,121551459,121564579,121565704,121593967,121598444,",0,FGFR2
NM_001406374.1,chr10,+,68560336,68694487,9,"68560336,68572216,68600980,68667044,68672894,68681398,68682835,68686355,68690807,","68560742,68574252,68601034,68667256,68673045,68681488,68682973,68686707,68694487,",0,TET1
NM_001406375.1,chr10,+,68600267,68694487,11,"68600267,68600980,68651845,68652500,68667044,68672894,68673400,68681398,68682835,68686355,68690807,","68600450,68601034,68651936,68652594,68667256,68673045,68673487,68681488,68682973,68686707,68694487,",0,TET1
NM_001406376.1,chr10,+,68600473,68694487,10,"68600473,68600980,68651845,68652500,68667044,68672894,68681398,68682835,68686355,68690807,","68600769,68601034,68651936,68652594,68667256,68673045,68681488,68682973,68686707,68694487,",0,TET1
NM_001144913.1,chr10,-,121481850,121593967,17,"121481850,121483697,121485394,121487353,121487990,121496531,121498494,121500825,121503789,121515116,121518681,121519978,121538591,121551289,121564501,121565437,121593708,","121482177,121483803,121485532,121487424,121488113,121496722,121498605,121500947,121503941,121515319,121518829,121520169,121538715,121551459,121564579,121565704,121593967,",0,FGFR2
NM_001144914.1,chr10,-,121478329,121593967,15,"121478329,121483697,121485394,121487353,121487990,121496531,121498494,121500825,121503789,121515116,121538591,121551289,121564501,121565437,121593708,","121480021,121483803,121485532,121487424,121488113,121496722,121498605,121500947,121503941,121515319,121538715,121551459,121564579,121565704,121593967,",0,FGFR2
NM_001144915.2,chr10,-,121478331,121596645,17,"121478331,121483697,121485394,121487353,121487990,121496531,121498494,121500825,121503789,121515116,121517318,121519978,121538591,121551289,121564501,121593708,121596476,","121479670,121483803,121485532,121487424,121488113,121496722,121498605,121500947,121503941,121515319,121517463,121520169,121538715,121551459,121564579,121593967,121596645,",0,FGFR2
NM_001144916.2,chr10,-,121478331,121594258,15,"121478331,121483697,121485394,121487353,121487990,121496531,121498494,121500825,121503789,121515116,121517318,121519978,121538591,121551289,121593708,","121480021,121483803,121485532,121487424,121488113,121496722,121498605,121500947,121503941,121515319,121517463,121520169,121538715,121551459,121594258,",0,FGFR2
NM_001144917.2,chr10,-,121478331,121598444,16,"121478331,121483697,121485394,121487353,121487990,121496531,121498494,121500825,121503789,121519978,121538591,121551289,121564501,121565437,121593708,121597961,","121480021,121483803,121485532,121487424,121488113,121496722,121498605,121500947,121503941,121520169,121538715,121551459,121564579,121565704,121593967,121598444,",0,FGFR2
NM_001144918.2,chr10,-,121478331,121598444,16,"121478331,121483697,121485394,121487353,121487990,121496531,121498494,121500825,121503789,121515122,121517318,121519978,121538591,121551289,121593708,121597961,","121480021,121483803,121485532,121487424,121488113,121496722,121498605,121500947,121503941,121515319,121517463,121520169,121538715,121551459,121593967,121598444,",0,FGFR2
NM_001144919.2,chr10,-,121481823,121598444,17,"121481823,121483697,121485394,121487353,121487990,121496531,121498494,121500825,121503789,121515116,121518681,121519978,121538591,121551289,121564501,121593708,121597961,","121482177,121483803,121485532,121487424,121488113,121496722,121498605,121500947,121503941,121515319,121518829,121520169,121538715,121551459,121564579,121593967,121598444,",0,FGFR2
NM_001198853.1,chr10,-,95036771,95069497,9,"95036771,95038896,95042889,95045809,95058334,95064799,95067207,95067528,95069196,","95037309,95039038,95043077,95045951,95058511,95064960,95067357,95067691,95069497,",0,CYP2C8
NM_001198854.1,chr10,-,95036771,95069497,8,"95036771,95038896,95042889,95045809,95058334,95064799,95067207,95069196,","95037309,95039038,95043077,95045951,95058511,95064960,95067357,95069497,",0,CYP2C8
NM_001198855.1,chr10,-,95036771,95069497,10,"95036771,95038896,95042889,95045809,95058334,95064799,95067207,95067528,95068566,95069196,","95037309,95039038,95043077,95045951,95058511,95064960,95067357,95067691,95068628,95069497,",0,CYP2C8
NM_001406743.1,chr10,+,43077068,43130351,21,"43077068,43100458,43102341,43104951,43106375,43109030,43111206,43112098,43112852,43113555,43114479,43116583,43118372,43119530,43120080,43121945,43123670,43124882,43126574,43128111,43129517,","43077331,43100722,43102629,43105193,43106571,43109230,43111465,43112224,43112963,43113675,43114736,43116731,43118480,43119745,43120203,43122016,43123808,43124982,43126722,43128285,43130351,",0,RET
NM_001406744.1,chr10,+,43077068,43130351,20,"43077068,43100458,43102341,43104951,43106375,43109030,43111206,43112098,43112852,43113555,43114479,43116583,43118372,43119530,43120080,43121945,43123670,43124882,43126574,43129517,","43077331,43100722,43102629,43105193,43106571,43109230,43111465,43112224,43112963,43113675,43114736,43116731,43118480,43119745,43120203,43122016,43123808,43124982,43126722,43130351,",0,RET
NM_001406760.1,chr10,+,43077068,43130351,21,"43077068,43100458,43102341,43104951,43106375,43109030,43111206,43112098,43112852,43113555,43114479,43116583,43118372,43119530,43120080,43121945,43123670,43124882,43126574,43128111,43129517,","43077331,43100722,43102629,43105193,43106571,43109230,43111465,43112224,43112963,43113675,43114736,43116731,43118480,43119745,43120203,43122016,43123808,43124982,43126662,43128285,43130351,",0,RET
NM_001406759.1,chr10,+,43077068,43130351,20,"43077068,43100458,43102341,43104951,43106375,43109030,43111206,43112098,43112852,43113555,43114479,43116583,43118372,43119530,43120080,43121945,43123670,43124882,43126574,43128111,","43077331,43100722,43102629,43105193,43106571,43109230,43111465,43112224,43112963,43113675,43114736,43116731,43118480,43119745,43120203,43122016,43123808,43124982,43126662,43130351,",0,RET
NM_001406761.1,chr10,+,43077068,43130351,21,"43077068,43100458,43102470,43104951,43106375,43109030,43111206,43112098,43112852,43113555,43114479,43116583,43118372,43119530,43120080,43121945,43123670,43124882,43126574,43128111,43129517,","43077331,43100722,43102629,43105193,43106571,43109230,43111465,43112224,43112963,43113675,43114736,43116731,43118480,43119745,43120203,43122016,43123808,43124982,43126722,43128285,43130351,",0,RET
NM_001406762.1,chr10,+,43077068,43130351,20,"43077068,43100458,43102470,43104951,43106375,43109030,43111206,43112098,43112852,43113555,43114479,43116583,43118372,43119530,43120080,43121945,43123670,43124882,43126574,43128111,","43077331,43100722,43102629,43105193,43106571,43109230,43111465,43112224,43112963,43113675,43114736,43116731,43118480,43119745,43120203,43122016,43123808,43124982,43126722,43130351,",0,RET
NM_001406763.1,chr10,+,43077068,43130351,20,"43077068,43100458,43102341,43104951,43106375,43109030,43111206,43112098,43112852,43113555,43114614,43116583,43118372,43119530,43120080,43121945,43123670,43124882,43126574,43128111,","43077331,43100722,43102629,43105193,43106571,43109230,43111465,43112224,43112963,43113675,43114736,43116731,43118480,43119745,43120203,43122016,43123808,43124982,43126722,43130351,",0,RET
NM_001406764.1,chr10,+,43077068,43130351,19,"43077068,43100458,43102470,43104951,43106375,43109030,43111206,43112098,43112852,43113555,43114479,43116583,43118372,43119530,43120080,43121945,43123670,43124882,43126574,","43077331,43100722,43102629,43105193,43106571,43109230,43111465,43112224,43112963,43113675,43114736,43116731,43118480,43119745,43120203,43122016,43123808,43124982,43130351,",0,RET
NM_001002295.2,chr10,+,8054687,8075198,6,"8054687,8055286,8058304,8063992,8069472,8073738,","8054891,8055896,8058841,8064138,8069598,8075198,",0,GATA3
NM_001406765.1,chr10,+,43077068,43130351,19,"43077068,43100458,43102341,43104951,43106375,43109030,43111206,43112098,43112852,43113555,43114614,43116583,43118372,43119530,43120080,43121945,43123670,43124882,43126574,","43077331,43100722,43102629,43105193,43106571,43109230,43111465,43112224,43112963,43113675,43114736,43116731,43118480,43119745,43120203,43122016,43123808,43124982,43130351,",0,RET
NM_001406766.1,chr10,+,43077068,43130351,19,"43077068,43100458,43104951,43106375,43109030,43111206,43112098,43112852,43113555,43114479,43116583,43118372,43119530,43120080,43121945,43123670,43124882,43126574,43128111,","43077331,43100722,43105193,43106571,43109230,43111465,43112224,43112963,43113675,43114736,43116731,43118480,43119745,43120203,43122016,43123808,43124982,43126722,43130351,",0,RET
NM_001406767.1,chr10,+,43077068,43130351,20,"43077068,43100458,43104951,43106375,43109030,43111206,43112098,43112852,43113555,43114479,43116583,43118372,43119530,43120080,43121945,43123670,43124882,43126574,43128111,43129517,","43077331,43100722,43105193,43106571,43109230,43111465,43112224,43112963,43113675,43114736,43116731,43118480,43119745,43120203,43122016,43123808,43124982,43126722,43128285,43130351,",0,RET
NM_001406768.1,chr10,+,43077068,43130351,19,"43077068,43100458,43102470,43104951,43106375,43109030,43111206,43112098,43112852,43113555,43114614,43116583,43118372,43119530,43120080,43121945,43123670,43124882,43126574,","43077331,43100722,43102629,43105193,43106571,43109230,43111465,43112224,43112963,43113675,43114736,43116731,43118480,43119745,43120203,43122016,43123808,43124982,43130351,",0,RET
NM_001406770.1,chr10,+,43077068,43130351,18,"43077068,43100458,43104951,43106375,43109030,43111206,43112098,43112852,43113555,43114479,43116583,43118372,43119530,43120080,43121945,43123670,43124882,43126574,","43077331,43100722,43105193,43106571,43109230,43111465,43112224,43112963,43113675,43114736,43116731,43118480,43119745,43120203,43122016,43123808,43124982,43130351,",0,RET
NM_001406769.1,chr10,+,43077068,43130351,19,"43077068,43100458,43102341,43104951,43111206,43112098,43112852,43113555,43114479,43116583,43118372,43119530,43120080,43121945,43123670,43124882,43126574,43128111,43129517,","43077331,43100722,43102629,43105193,43111465,43112224,43112963,43113675,43114736,43116731,43118480,43119745,43120203,43122016,43123808,43124982,43126722,43128285,43130351,",0,RET
NM_001406771.1,chr10,+,43077068,43130351,18,"43077068,43100458,43102341,43109030,43111206,43112098,43112852,43113555,43114479,43116583,43118372,43119530,43120080,43121945,43123670,43124882,43126574,43128111,","43077331,43100722,43102629,43109230,43111465,43112224,43112963,43113675,43114736,43116731,43118480,43119745,43120203,43122016,43123808,43124982,43126722,43130351,",0,RET
NM_001406772.1,chr10,+,43077068,43130351,17,"43077068,43100458,43102341,43104951,43111206,43112098,43112852,43113555,43114479,43116583,43118372,43119530,43120080,43121945,43123670,43124882,43126574,","43077331,43100722,43102629,43105193,43111465,43112224,43112963,43113675,43114736,43116731,43118480,43119745,43120203,43122016,43123808,43124982,43130351,",0,RET
NM_001406773.1,chr10,+,43077068,43130351,17,"43077068,43100458,43102341,43109030,43111206,43112098,43112852,43113555,43114479,43116583,43118372,43119530,43120080,43121945,43123670,43124882,43126574,","43077331,43100722,43102629,43109230,43111465,43112224,43112963,43113675,43114736,43116731,43118480,43119745,43120203,43122016,43123808,43124982,43130351,",0,RET
NM_001406774.1,chr10,+,43077068,43130351,17,"43077068,43100458,43102470,43104951,43111206,43112098,43112852,43113555,43114479,43116583,43118372,43119530,43120080,43121945,43123670,43124882,43126574,","43077331,43100722,43102629,43105193,43111465,43112224,43112963,43113675,43114736,43116731,43118480,43119745,43120203,43122016,43123808,43124982,43130351,",0,RET
XM_011540206.3,chr10,+,68560336,68665897,7,"68560336,68572216,68600980,68644697,68651845,68652500,68665807,","68560742,68574252,68601034,68647005,68651936,68652594,68665897,",0,TET1
NM_001406775.1,chr10,+,43077068,43130351,17,"43077068,43100458,43109030,43111206,43112098,43112852,43113555,43114479,43116583,43118372,43119530,43120080,43121945,43123670,43124882,43126574,43128111,","43077331,43100722,43109230,43111465,43112224,43112963,43113675,43114736,43116731,43118480,43119745,43120203,43122016,43123808,43124982,43126722,43130351,",0,RET
NM_001406776.1,chr10,+,43077068,43130351,17,"43077068,43100458,43109030,43111206,43112098,43112852,43113555,43114479,43116583,43118372,43119530,43120080,43121945,43123670,43124882,43126574,43129517,","43077331,43100722,43109230,43111465,43112224,43112963,43113675,43114736,43116731,43118480,43119745,43120203,43122016,43123808,43124982,43126722,43130351,",0,RET
NM_001406777.1,chr10,+,43077068,43130351,17,"43077068,43100458,43109030,43111206,43112098,43112852,43113555,43114479,43116583,43118372,43119530,43120080,43121945,43123670,43124882,43126574,43128111,","43077331,43100722,43109230,43111465,43112224,43112963,43113675,43114736,43116731,43118480,43119745,43120203,43122016,43123808,43124982,43126662,43130351,",0,RET
NM_001406778.1,chr10,+,43077068,43130351,16,"43077068,43100458,43109030,43111206,43112098,43112852,43113555,43114479,43116583,43118372,43119530,43120080,43121945,43123670,43124882,43126574,","43077331,43100722,43109230,43111465,43112224,43112963,43113675,43114736,43116731,43118480,43119745,43120203,43122016,43123808,43124982,43130351,",0,RET
NM_001406780.1,chr10,+,43077068,43130351,16,"43077068,43100458,43102341,43112098,43112852,43113555,43114479,43116583,43118372,43119530,43120080,43121945,43123670,43124882,43126574,43128111,","43077331,43100722,43102629,43112224,43112963,43113675,43114736,43116731,43118480,43119745,43120203,43122016,43123808,43124982,43126722,43130351,",0,RET
NM_001406779.1,chr10,+,43077068,43130351,17,"43077068,43100458,43102341,43112098,43112852,43113555,43114479,43116583,43118372,43119530,43120080,43121945,43123670,43124882,43126574,43128111,43129517,","43077331,43100722,43102629,43112224,43112963,43113675,43114736,43116731,43118480,43119745,43120203,43122016,43123808,43124982,43126722,43128285,43130351,",0,RET
NM_001406781.1,chr10,+,43077068,43130351,16,"43077068,43100458,43102341,43112098,43112852,43113555,43114479,43116583,43118372,43119530,43120080,43121945,43123670,43124882,43126574,43129517,","43077331,43100722,43102629,43112224,43112963,43113675,43114736,43116731,43118480,43119745,43120203,43122016,43123808,43124982,43126722,43130351,",0,RET
NM_001406782.1,chr10,+,43077068,43130351,15,"43077068,43100458,43102341,43112098,43112852,43113555,43114479,43116583,43118372,43119530,43120080,43121945,43123670,43124882,43126574,","43077331,43100722,43102629,43112224,43112963,43113675,43114736,43116731,43118480,43119745,43120203,43122016,43123808,43124982,43130351,",0,RET
NM_001406783.1,chr10,+,43077068,43130351,16,"43077068,43100458,43102470,43112098,43112852,43113555,43114479,43116583,43118372,43119530,43120080,43121945,43123670,43124882,43126574,43128111,","43077331,43100722,43102629,43112224,43112963,43113675,43114736,43116731,43118480,43119745,43120203,43122016,43123808,43124982,43126722,43130351,",0,RET
NM_001406784.1,chr10,+,43077068,43130351,15,"43077068,43109030,43111206,43112098,43112852,43113555,43114479,43116583,43118372,43119530,43120080,43121945,43123670,43124882,43126574,","43077331,43109230,43111465,43112224,43112963,43113675,43114736,43116731,43118480,43119745,43120203,43122016,43123808,43124982,43130351,",0,RET
NM_001406785.1,chr10,+,43077068,43130351,14,"43077068,43100458,43102341,43112098,43112852,43114479,43116583,43118372,43119530,43120080,43121945,43123670,43124882,43126574,","43077331,43100722,43102629,43112224,43112963,43114736,43116731,43118480,43119745,43120203,43122016,43123808,43124982,43130351,",0,RET
NM_001406786.1,chr10,+,43077068,43130351,15,"43077068,43100458,43102470,43112098,43112852,43113555,43114479,43116583,43118372,43119530,43120080,43121945,43123670,43124882,43126574,","43077331,43100722,43102629,43112224,43112963,43113675,43114736,43116731,43118480,43119745,43120203,43122016,43123808,43124982,43130351,",0,RET
NM_001406787.1,chr10,+,43077068,43130351,15,"43077068,43100458,43102341,43112098,43112852,43113555,43114614,43116583,43118372,43119530,43120080,43121945,43123670,43124882,43126574,","43077331,43100722,43102629,43112224,43112963,43113675,43114736,43116731,43118480,43119745,43120203,43122016,43123808,43124982,43130351,",0,RET
NM_001406788.1,chr10,+,43077068,43130351,15,"43077068,43100458,43112098,43112852,43113555,43114479,43116583,43118372,43119530,43120080,43121945,43123670,43124882,43126574,43128111,","43077331,43100722,43112224,43112963,43113675,43114736,43116731,43118480,43119745,43120203,43122016,43123808,43124982,43126722,43130351,",0,RET
NM_001406790.1,chr10,+,43077068,43130351,14,"43077068,43100458,43112098,43112852,43113555,43114479,43116583,43118372,43119530,43120080,43121945,43123670,43124882,43126574,","43077331,43100722,43112224,43112963,43113675,43114736,43116731,43118480,43119745,43120203,43122016,43123808,43124982,43130351,",0,RET
NM_001406789.1,chr10,+,43077068,43130351,16,"43077068,43100458,43112098,43112852,43113555,43114479,43116583,43118372,43119530,43120080,43121945,43123670,43124882,43126574,43128111,43129517,","43077331,43100722,43112224,43112963,43113675,43114736,43116731,43118480,43119745,43120203,43122016,43123808,43124982,43126722,43128285,43130351,",0,RET
NM_001406791.1,chr10,+,43077068,43130351,13,"43077068,43100458,43112098,43112852,43114479,43116583,43118372,43119530,43120080,43121945,43123670,43124882,43126574,","43077331,43100722,43112224,43112963,43114736,43116731,43118480,43119745,43120203,43122016,43123808,43124982,43130351,",0,RET
NM_001406792.1,chr10,+,43077068,43130351,14,"43077068,43112098,43112852,43113555,43114479,43116583,43118372,43119530,43120080,43121945,43123670,43124882,43126574,43128111,","43077331,43112224,43112963,43113675,43114736,43116731,43118480,43119745,43120203,43122016,43123808,43124982,43126722,43130351,",0,RET
NM_001406793.1,chr10,+,43077068,43130351,15,"43077068,43112098,43112852,43113555,43114479,43116583,43118372,43119530,43120080,43121945,43123670,43124882,43126574,43128111,43129517,","43077331,43112224,43112963,43113675,43114736,43116731,43118480,43119745,43120203,43122016,43123808,43124982,43126662,43128285,43130351,",0,RET
NM_001406794.1,chr10,+,43077068,43130351,13,"43077068,43112098,43112852,43113555,43114479,43116583,43118372,43119530,43120080,43121945,43123670,43124882,43126574,","43077331,43112224,43112963,43113675,43114736,43116731,43118480,43119745,43120203,43122016,43123808,43124982,43130351,",0,RET
XM_024447890.2,chr10,-,121478329,121598458,17,"121478329,121483697,121485394,121487353,121487990,121496531,121498494,121500825,121503789,121515116,121518681,121519978,121538591,121551289,121564501,121593708,121597961,","121480021,121483803,121485532,121487424,121488113,121496722,121498605,121500947,121503941,121515319,121518829,121520169,121538715,121551459,121564579,121593967,121598458,",0,FGFR2
XM_024447901.2,chr10,-,103088016,103193272,20,"103088016,103090610,103090935,103091563,103093138,103093971,103094347,103095938,103097290,103098930,103099925,103101044,103101234,103105357,103105705,103106588,103139405,103174857,103181184,103192405,","103089908,103090787,103090996,103091615,103093309,103094038,103094455,103095980,103097374,103098984,103100019,103101102,103101326,103105381,103105801,103106706,103139479,103174982,103181328,103193272,",0,NT5C2
XM_024447891.2,chr10,-,121478329,121598458,16,"121478329,121483697,121485394,121487353,121487990,121496531,121498494,121500825,121503789,121515116,121518681,121519978,121538591,121551289,121593708,121597961,","121480021,121483803,121485532,121487424,121488113,121496722,121498605,121500947,121503941,121515319,121518829,121520169,121538715,121551459,121593967,121598458,",0,FGFR2
XM_024447902.2,chr10,-,103088016,103177057,18,"103088016,103090610,103090935,103091563,103093138,103093971,103094347,103095938,103097290,103098930,103099925,103101044,103101234,103105705,103106588,103139405,103174857,103176485,","103089908,103090787,103090996,103091615,103093309,103094038,103094455,103095980,103097374,103098984,103100019,103101102,103101326,103105801,103106706,103139479,103174982,103177057,",0,NT5C2
XM_024447903.2,chr10,-,103088016,103136269,17,"103088016,103090610,103090935,103091563,103093138,103093971,103094347,103095938,103097290,103098930,103099925,103101044,103101234,103105705,103106588,103111744,103136248,","103089908,103090787,103090996,103091615,103093309,103094038,103094455,103095980,103097374,103098984,103100019,103101102,103101326,103105801,103106706,103111805,103136269,",0,NT5C2
XR_001747210.2,chr10,+,68560336,68651938,6,"68560336,68572216,68600980,68644697,68648154,68651845,","68560742,68574252,68601034,68647005,68648337,68651938,",0,TET1
XR_001747211.2,chr10,+,68560336,68667153,6,"68560336,68572216,68600980,68644697,68652500,68667044,","68560742,68574252,68601034,68647005,68652594,68667153,",0,TET1
XR_001747212.2,chr10,+,68560336,68665894,6,"68560336,68572216,68600980,68644697,68652500,68665807,","68560742,68574252,68601034,68647005,68652594,68665894,",0,TET1
XM_011539537.2,chr10,-,103088016,103193272,19,"103088016,103090610,103090935,103091563,103093971,103094347,103095938,103097290,103098930,103099925,103101044,103101234,103105357,103105705,103106588,103139405,103174857,103181184,103193235,","103089908,103090787,103090996,103091615,103094038,103094455,103095980,103097374,103098984,103100019,103101102,103101326,103105381,103105801,103106706,103139479,103174982,103181328,103193272,",0,NT5C2
NM_001367854.1,chr11,-,32387774,32400400,6,"32387774,32391971,32392665,32396256,32399947,32400145,","32389179,32392064,32392755,32396407,32400044,32400400,",0,WT1
NM_000051.4,chr11,+,108223066,108369102,63,"108223066,108227594,108227775,108229177,108235669,108243952,108244787,108246963,108248932,108250700,108251836,108252816,108253813,108256214,108257480,108258985,108267170,108268409,108271063,108271250,108272531,108272721,108279490,108280994,108282709,108284226,108287599,108288976,108289601,108292618,108293312,108294926,108297286,108299713,108301647,108302852,108304674,108307896,108310159,108312410,108315822,108316010,108317372,108319953,108321300,108325309,108326057,108327644,108329020,108330213,108331443,108331878,108332761,108333885,108334968,108335844,108343221,108345742,108347278,108353765,108354810,108365081,108365324,","108223186,108227696,108227888,108229323,108235834,108244118,108245026,108247127,108249102,108251072,108252031,108252912,108254039,108256340,108257606,108259075,108267342,108268609,108271146,108271406,108272607,108272852,108279608,108281168,108282879,108284473,108287715,108289103,108289801,108292793,108293477,108295059,108297382,108299885,108301789,108303029,108304852,108307984,108310315,108312498,108315911,108316113,108317521,108320058,108321420,108325544,108326225,108327758,108329238,108330421,108331557,108332037,108332900,108333968,108335109,108335961,108343371,108345908,108347365,108353880,108354874,108365218,108369102,",0,ATM
XM_047426963.1,chr11,+,118436491,118526832,37,"118436491,118439023,118468774,118471661,118476804,118477966,118480173,118481714,118482421,118484182,118484861,118488613,118489794,118490128,118491195,118491743,118493056,118494287,118494693,118495699,118496260,118497935,118498369,118499302,118499834,118500986,118501671,118502397,118507528,118509135,118509947,118511950,118519617,118519956,118520801,118521287,118521896,","118436944,118439122,118468844,118474315,118476982,118478201,118480238,118482092,118482495,118484314,118484975,118488760,118489887,118490249,118491309,118491928,118493230,118494398,118494767,118495893,118496367,118498073,118498528,118499420,118499913,118501147,118501857,118506646,118507609,118509200,118510118,118512025,118519792,118520064,118520885,118521417,118526832,",0,KMT2A
XM_047426964.1,chr11,+,118436491,118526832,36,"118436491,118468774,118474178,118476804,118477966,118480173,118481714,118482421,118484182,118484861,118488613,118489791,118490128,118491195,118491743,118493056,118494287,118494693,118495699,118496260,118497935,118498369,118499302,118499834,118500986,118501671,118502397,118507528,118509135,118509947,118511950,118519617,118519956,118520801,118521287,118521896,","118436944,118468844,118474315,118476982,118478201,118480238,118482092,118482495,118484314,118484975,118488760,118489887,118490249,118491309,118491928,118493230,118494398,118494767,118495893,118496367,118498073,118498528,118499420,118499913,118501147,118501857,118506646,118507609,118509200,118510118,118512025,118519792,118520064,118520885,118521417,118526832,",0,KMT2A
XM_047426975.1,chr11,+,108223066,108369102,64,"108223066,108224783,108227594,108227775,108229177,108235669,108243952,108244787,108246963,108248932,108250700,108251836,108252816,108253813,108256214,108257480,108258985,108267170,108268409,108271063,108271250,108272531,108272721,108279490,108280994,108282709,108284226,108287599,108288976,108289601,108292618,108293312,108294926,108297286,108299713,108301647,108302852,108304674,108307896,108310159,108312410,108315822,108316010,108317372,108319953,108321300,108325309,108326057,108327644,108329020,108330213,108331443,108331878,108332761,108333885,108334968,108335844,108343221,108345742,108347278,108353765,108354810,108365081,108365324,","108223186,108225574,108227696,108227888,108229323,108235834,108244118,108245026,108247127,108249102,108251072,108252031,108252912,108254039,108256340,108257606,108259075,108267342,108268609,108271146,108271406,108272607,108272852,108279608,108281168,108282879,108284473,108287715,108289103,108289801,108292793,108293477,108295059,108297382,108299885,108301789,108303029,108304852,108307984,108310315,108312498,108315911,108316113,108317521,108320058,108321420,108325544,108326225,108327758,108329238,108330421,108331557,108332037,108332900,108333968,108335109,108335961,108343371,108345908,108347365,108353880,108354874,108365218,108369102,",0,ATM
XM_047426976.1,chr11,+,108223324,108369102,64,"108223324,108224783,108227594,108227775,108229177,108235669,108243952,108244787,108246963,108248932,108250700,108251836,108252816,108253813,108256214,108257480,108258985,108267170,108268409,108271063,108271250,108272531,108272721,108279490,108280994,108282709,108284226,108287599,108288976,108289601,108292618,108293312,108294926,108297286,108299713,108301647,108302852,108304674,108307896,108310159,108312410,108315822,108316010,108317372,108319953,108321300,108325309,108326057,108327644,108329020,108330213,108331443,108331878,108332761,108333885,108334968,108335844,108343221,108345742,108347278,108353765,108354810,108365081,108365324,","108223686,108224871,108227696,108227888,108229323,108235834,108244118,108245026,108247127,108249102,108251072,108252031,108252912,108254039,108256340,108257606,108259075,108267342,108268609,108271146,108271406,108272607,108272852,108279608,108281168,108282879,108284473,108287715,108289103,108289801,108292793,108293477,108295059,108297382,108299885,108301789,108303029,108304852,108307984,108310315,108312498,108315911,108316113,108317521,108320058,108321420,108325544,108326225,108327758,108329238,108330421,108331557,108332037,108332900,108333968,108335109,108335961,108343371,108345908,108347365,108353880,108354874,108365218,108369102,",0,ATM
XM_047426977.1,chr11,+,108223066,108369102,63,"108223066,108224783,108227594,108227775,108229177,108243952,108244787,108246963,108248932,108250700,108251836,108252816,108253813,108256214,108257480,108258985,108267170,108268409,108271063,108271250,108272531,108272721,108279490,108280994,108282709,108284226,108287599,108288976,108289601,108292618,108293312,108294926,108297286,108299713,108301647,108302852,108304674,108307896,108310159,108312410,108315822,108316010,108317372,108319953,108321300,108325309,108326057,108327644,108329020,108330213,108331443,108331878,108332761,108333885,108334968,108335844,108343221,108345742,108347278,108353765,108354810,108365081,108365324,","108224136,108224871,108227696,108227888,108229323,108244118,108245026,108247127,108249102,108251072,108252031,108252912,108254039,108256340,108257606,108259075,108267342,108268609,108271146,108271406,108272607,108272852,108279608,108281168,108282879,108284473,108287715,108289103,108289801,108292793,108293477,108295059,108297382,108299885,108301789,108303029,108304852,108307984,108310315,108312498,108315911,108316113,108317521,108320058,108321420,108325544,108326225,108327758,108329238,108330421,108331557,108332037,108332900,108333968,108335109,108335961,108343371,108345908,108347365,108353880,108354874,108365218,108369102,",0,ATM
XM_047426978.1,chr11,+,108223066,108369102,63,"108223066,108224783,108227594,108227775,108229177,108243952,108244787,108246963,108248932,108250700,108251836,108252816,108253813,108256214,108257480,108258985,108267170,108268409,108271063,108271250,108272531,108272721,108279490,108280994,108282709,108284226,108287599,108288976,108289601,108292618,108293312,108294926,108297286,108299713,108301647,108302852,108304674,108307896,108310159,108312410,108315822,108316010,108317372,108319953,108321300,108325309,108326057,108327644,108329020,108330213,108331443,108331878,108332761,108333885,108334968,108335844,108343221,108345742,108347278,108353765,108354810,108365081,108365324,","108223186,108224871,108227696,108227888,108229323,108244118,108245026,108247127,108249102,108251072,108252031,108252912,108254039,108256340,108257606,108259075,108267342,108268609,108271146,108271406,108272607,108272852,108279608,108281168,108282879,108284473,108287715,108289103,108289801,108292793,108293477,108295059,108297382,108299885,108301789,108303029,108304852,108307984,108310315,108312498,108315911,108316113,108317521,108320058,108321420,108325544,108326225,108327758,108329238,108330421,108331557,108332037,108332900,108333968,108335109,108335961,108343371,108345908,108347365,108353880,108354874,108365218,108369102,",0,ATM
XM_047426979.1,chr11,+,108223066,108369102,62,"108223066,108227594,108227775,108229177,108243952,108244787,108246963,108248932,108250700,108251836,108252816,108253813,108256214,108257480,108258985,108267170,108268409,108271063,108271250,108272531,108272721,108279490,108280994,108282709,108284226,108287599,108288976,108289601,108292618,108293312,108294926,108297286,108299713,108301647,108302852,108304674,108307896,108310159,108312410,108315822,108316010,108317372,108319953,108321300,108325309,108326057,108327644,108329020,108330213,108331443,108331878,108332761,108333885,108334968,108335844,108343221,108345742,108347278,108353765,108354810,108365081,108365324,","108224136,108227696,108227888,108229323,108244118,108245026,108247127,108249102,108251072,108252031,108252912,108254039,108256340,108257606,108259075,108267342,108268609,108271146,108271406,108272607,108272852,108279608,108281168,108282879,108284473,108287715,108289103,108289801,108292793,108293477,108295059,108297382,108299885,108301789,108303029,108304852,108307984,108310315,108312498,108315911,108316113,108317521,108320058,108321420,108325544,108326225,108327758,108329238,108330421,108331557,108332037,108332900,108333968,108335109,108335961,108343371,108345908,108347365,108353880,108354874,108365218,108369102,",0,ATM
XM_047426981.1,chr11,+,108223066,108297375,32,"108223066,108227594,108227775,108229177,108235669,108243952,108244787,108246963,108248932,108250700,108251836,108252816,108253813,108256214,108257480,108258985,108267170,108268409,108271063,108271250,108272531,108272721,108279490,108280994,108282709,108284226,108287599,108288976,108289601,108292618,108293312,108297286,","108223186,108227696,108227888,108229323,108235834,108244118,108245026,108247127,108249102,108251072,108252031,108252912,108254039,108256340,108257606,108259075,108267342,108268609,108271146,108271406,108272607,108272852,108279608,108281168,108282879,108284473,108287715,108289103,108289801,108292793,108293477,108297375,",0,ATM
NM_001367949.2,chr11,+,92224817,92896473,28,"92224817,92352095,92524633,92697383,92761855,92764878,92774040,92789942,92792766,92797835,92805152,92806361,92809842,92831621,92834869,92836565,92837662,92840561,92843933,92857213,92859164,92866740,92880730,92882737,92886999,92889188,92889855,92890490,","92225174,92355404,92524948,92697445,92762170,92765089,92774180,92790218,92792977,92801909,92805349,92806515,92810076,92832011,92835084,92836703,92837806,92840759,92844732,92857348,92859322,92867209,92880884,92883393,92887113,92889248,92889891,92896473,",0,FAT3
NM_024424.5,chr11,-,32387774,32435539,10,"32387774,32391980,32392665,32396256,32399947,32416489,32417576,32427955,32428496,32434699,","32389179,32392064,32392755,32396407,32400044,32416540,32417654,32428058,32428619,32435539,",0,WT1
NM_024426.6,chr11,-,32387774,32435539,10,"32387774,32391971,32392665,32396256,32399947,32416489,32417576,32427955,32428496,32434699,","32389179,32392064,32392755,32396407,32400044,32416540,32417654,32428058,32428619,32435539,",0,WT1
NM_001378141.1,chr11,+,92224817,92621814,4,"92224817,92352095,92524633,92620823,","92225174,92355404,92524948,92621814,",0,FAT3
NM_000378.6,chr11,-,32387774,32435539,9,"32387774,32391980,32392665,32396256,32399947,32417576,32427955,32428496,32434699,","32389179,32392064,32392755,32396407,32400044,32417654,32428058,32428619,32435539,",0,WT1
NM_005117.3,chr11,-,69698237,69704022,3,"69698237,69703260,69703644,","69699576,69703364,69704022,",0,FGF19
NM_005343.4,chr11,-,532241,535576,6,"532241,532630,533452,533765,534211,535415,","532522,532755,533612,533944,534375,535576,",0,HRAS
NM_001271010.2,chr11,+,128694071,128813267,10,"128694071,128758114,128764650,128768117,128772781,128781957,128805365,128807179,128809156,128810458,","128694276,128758326,128764821,128768272,128772985,128782023,128805431,128807239,128809204,128813267,",0,FLI1
NM_001271012.2,chr11,+,128686534,128813267,7,"128686534,128758114,128781957,128805365,128807179,128809156,128810458,","128686701,128758326,128782023,128805431,128807239,128809204,128813267,",0,FLI1
NM_025208.5,chr11,-,103907188,104164147,7,"103907188,103926911,103943451,103947661,103996064,104000050,104163803,","103909819,103927126,103943650,103947724,103996245,104000255,104164147,",0,PDGFD
NM_001142597.2,chr11,+,57657761,57661865,3,"57657761,57659454,57660764,","57657860,57659890,57661865,",0,CLP1
NR_176266.1,chr11,-,32387774,32435539,9,"32387774,32391980,32392665,32396256,32399947,32417423,32427955,32428496,32434699,","32389179,32392064,32392755,32396407,32400044,32417654,32428058,32428619,32435539,",0,WT1
NM_001008781.3,chr11,+,92224817,92896473,26,"92224817,92352095,92524633,92697383,92761855,92764878,92774040,92789942,92792766,92797835,92805152,92806361,92809842,92831621,92834869,92836565,92837662,92840561,92843933,92857213,92859164,92866740,92880730,92882737,92886999,92890490,","92225174,92355404,92524948,92697445,92762170,92765089,92774180,92790218,92792977,92801909,92805349,92806515,92810076,92832011,92835084,92836703,92837806,92840759,92844732,92857348,92859322,92867209,92880884,92883393,92887113,92896473,",0,FAT3
NM_005933.4,chr11,+,118436491,118526832,36,"118436491,118468774,118471661,118476804,118477966,118480173,118481714,118482421,118484182,118484861,118488613,118489791,118490128,118491195,118491743,118493056,118494287,118494693,118495699,118496260,118497935,118498369,118499302,118499834,118500986,118501671,118502397,118507528,118509135,118509947,118511950,118519617,118519956,118520801,118521287,118521896,","118436944,118468844,118474315,118476982,118478201,118480238,118482092,118482495,118484314,118484975,118488760,118489887,118490249,118491309,118491928,118493230,118494398,118494767,118495893,118496367,118498073,118498528,118499420,118499913,118501147,118501857,118506646,118507609,118509200,118510118,118512025,118519792,118520064,118520885,118521417,118526832,",0,KMT2A
XM_017017178.3,chr11,+,92224817,92896473,29,"92224817,92352095,92524633,92697383,92761855,92764878,92765506,92774040,92789942,92792766,92797835,92805152,92806361,92809842,92831621,92834869,92836565,92837662,92840561,92843933,92857213,92859164,92866740,92880730,92882737,92886999,92889188,92889855,92890490,","92225174,92355404,92524948,92697445,92762170,92765089,92765575,92774180,92790218,92792977,92801909,92805349,92806515,92810076,92832011,92835084,92836703,92837806,92840759,92844732,92857348,92859322,92867209,92880884,92883393,92887113,92889248,92889891,92896473,",0,FAT3
XM_017017180.2,chr11,+,92224817,92896473,28,"92224817,92352095,92524633,92697383,92761855,92764878,92765506,92774040,92789942,92792766,92797835,92805152,92806361,92809842,92831621,92834869,92836565,92837662,92840561,92843933,92857213,92859164,92866740,92880730,92882737,92886999,92889855,92890490,","92225174,92355404,92524948,92697445,92762170,92765089,92765575,92774180,92790218,92792977,92801909,92805349,92806515,92810076,92832011,92835084,92836703,92837806,92840759,92844732,92857348,92859322,92867209,92880884,92883393,92887113,92889891,92896473,",0,FAT3
XM_017017179.3,chr11,+,92224817,92896473,30,"92224817,92309603,92352095,92524633,92697383,92761855,92764878,92765506,92774040,92789942,92792766,92797835,92805152,92806361,92809842,92831621,92834869,92836565,92837662,92840561,92843933,92857213,92859164,92866740,92880730,92882737,92886999,92889188,92889855,92890490,","92225174,92309825,92355404,92524948,92697445,92762170,92765089,92765575,92774180,92790218,92792977,92801909,92805349,92806515,92810076,92832011,92835084,92836703,92837806,92840759,92844732,92857348,92859322,92867209,92880884,92883393,92887113,92889248,92889891,92896473,",0,FAT3
XM_017017182.3,chr11,+,92224817,92896473,27,"92224817,92352095,92524633,92697383,92761855,92764878,92765506,92774040,92789942,92792766,92797835,92805152,92806361,92809842,92831621,92834869,92836565,92837662,92840561,92843933,92857213,92859164,92866740,92880730,92882737,92886999,92890490,","92225174,92355404,92524948,92697445,92762170,92765089,92765575,92774180,92790218,92792977,92801909,92805349,92806515,92810076,92832011,92835084,92836703,92837806,92840759,92844732,92857348,92859322,92867209,92880884,92883393,92887113,92896473,",0,FAT3
XM_017017184.3,chr11,+,92224817,92889177,27,"92224817,92352095,92524633,92697383,92761855,92764878,92765506,92774040,92789942,92792766,92797835,92805152,92806361,92809842,92831621,92834869,92836565,92837662,92840561,92843933,92857213,92859164,92866740,92880730,92882737,92886999,92887685,","92225174,92355404,92524948,92697445,92762170,92765089,92765575,92774180,92790218,92792977,92801909,92805349,92806515,92810076,92832011,92835084,92836703,92837806,92840759,92844732,92857348,92859322,92867209,92880884,92883393,92887113,92889177,",0,FAT3
XM_017017185.2,chr11,+,92486159,92896473,28,"92486159,92524633,92697383,92761855,92764878,92765506,92774040,92789942,92792766,92797835,92805152,92806361,92809842,92831621,92834869,92836565,92837662,92840561,92843933,92857213,92859164,92866740,92880730,92882737,92886999,92889188,92889855,92890490,","92494013,92524948,92697445,92762170,92765089,92765575,92774180,92790218,92792977,92801909,92805349,92806515,92810076,92832011,92835084,92836703,92837806,92840759,92844732,92857348,92859322,92867209,92880884,92883393,92887113,92889248,92889891,92896473,",0,FAT3
XM_017017186.2,chr11,+,92224817,92896473,28,"92224817,92524633,92697383,92761855,92764878,92765506,92774040,92789942,92792766,92797835,92805152,92806361,92809842,92831621,92834869,92836565,92837662,92840561,92843933,92857213,92859164,92866740,92880730,92882737,92886999,92889188,92889855,92890490,","92225174,92524948,92697445,92762170,92765089,92765575,92774180,92790218,92792977,92801909,92805349,92806515,92810076,92832011,92835084,92836703,92837806,92840759,92844732,92857348,92859322,92867209,92880884,92883393,92887113,92889248,92889891,92896473,",0,FAT3
XM_017017187.2,chr11,+,92415874,92896473,28,"92415874,92524633,92697383,92761855,92764878,92765506,92774040,92789942,92792766,92797835,92805152,92806361,92809842,92831621,92834869,92836565,92837662,92840561,92843933,92857213,92859164,92866740,92880730,92882737,92886999,92889188,92889855,92890490,","92423346,92524948,92697445,92762170,92765089,92765575,92774180,92790218,92792977,92801909,92805349,92806515,92810076,92832011,92835084,92836703,92837806,92840759,92844732,92857348,92859322,92867209,92880884,92883393,92887113,92889248,92889891,92896473,",0,FAT3
XM_006718839.4,chr11,+,118436491,118526832,36,"118436491,118468774,118474178,118476804,118477966,118480173,118481714,118482421,118484182,118484861,118488613,118489791,118490128,118491195,118491743,118493056,118494287,118494693,118495699,118496260,118497935,118498369,118499302,118499834,118500986,118501671,118502397,118507528,118509135,118509947,118511950,118519617,118519956,118520801,118521287,118521896,","118436944,118468844,118474315,118476982,118478201,118480238,118482092,118482495,118484314,118484975,118488760,118489887,118490249,118491318,118491928,118493230,118494398,118494767,118495893,118496367,118498073,118498528,118499420,118499913,118501147,118501857,118506646,118507609,118509200,118510118,118512025,118519792,118520064,118520885,118521417,118526832,",0,KMT2A
XM_006718843.5,chr11,+,108223066,108369102,63,"108223066,108227594,108227775,108229177,108235669,108243952,108244787,108246963,108248932,108250700,108251836,108252816,108253813,108256214,108257480,108258985,108267170,108268409,108271063,108271250,108272531,108272721,108279490,108280994,108282709,108284226,108287599,108288976,108289601,108292618,108293312,108294926,108297286,108299713,108301647,108302852,108304674,108307896,108310159,108312410,108315822,108316010,108317372,108319953,108321300,108325309,108326057,108327644,108329020,108330213,108331443,108331878,108332761,108333885,108334968,108335844,108343221,108345742,108347278,108353765,108354810,108365081,108365324,","108224136,108227696,108227888,108229323,108235834,108244118,108245026,108247127,108249102,108251072,108252031,108252912,108254039,108256340,108257606,108259075,108267342,108268609,108271146,108271406,108272607,108272852,108279608,108281168,108282879,108284473,108287715,108289103,108289801,108292793,108293477,108295059,108297382,108299885,108301789,108303029,108304852,108307984,108310315,108312498,108315911,108316113,108317521,108320058,108321420,108325544,108326225,108327758,108329238,108330421,108331557,108332037,108332900,108333968,108335109,108335961,108343371,108345908,108347365,108353880,108354874,108365218,108369102,",0,ATM
XM_006718845.3,chr11,+,108287419,108369102,38,"108287419,108287599,108288976,108289601,108292618,108293312,108294926,108297286,108299713,108301647,108302852,108304674,108307896,108310159,108312410,108315822,108316010,108317372,108319953,108321300,108325309,108326057,108327644,108329020,108330213,108331443,108331878,108332761,108333885,108334968,108335844,108343221,108345742,108347278,108353765,108354810,108365081,108365324,","108287438,108287715,108289103,108289801,108292793,108293477,108295059,108297382,108299885,108301789,108303029,108304852,108307984,108310315,108312498,108315911,108316113,108317521,108320058,108321420,108325544,108326225,108327758,108329238,108330421,108331557,108332037,108332900,108333968,108335109,108335961,108343371,108345908,108347365,108353880,108354874,108365218,108369102,",0,ATM
NM_001429031.1,chr11,-,32387774,32435414,10,"32387774,32391971,32392665,32396256,32399947,32416489,32417576,32427955,32428496,32434699,","32389179,32392064,32392755,32396407,32400044,32416540,32417654,32428058,32428619,32435414,",0,WT1
NM_001429032.1,chr11,-,32387774,32435414,10,"32387774,32391980,32392665,32396256,32399947,32416489,32417576,32427955,32428496,32434699,","32389179,32392064,32392755,32396407,32400044,32416540,32417654,32428058,32428619,32435414,",0,WT1
NM_001429033.1,chr11,-,32387774,32435414,9,"32387774,32391971,32392665,32396256,32399947,32417576,32427955,32428496,32434699,","32389179,32392064,32392755,32396407,32400044,32417654,32428058,32428619,32435414,",0,WT1
NM_001429034.1,chr11,-,32387774,32435414,9,"32387774,32391980,32392665,32396256,32399947,32417576,32427955,32428496,32434699,","32389179,32392064,32392755,32396407,32400044,32417654,32428058,32428619,32435414,",0,WT1
NM_001197104.2,chr11,+,118436491,118526832,36,"118436491,118468774,118471661,118476804,118477966,118480173,118481714,118482421,118484182,118484861,118488613,118489791,118490128,118491195,118491743,118493056,118494287,118494693,118495699,118496260,118497935,118498369,118499302,118499834,118500986,118501671,118502397,118507528,118509135,118509947,118511950,118519617,118519956,118520801,118521287,118521896,","118436944,118468844,118474315,118476982,118478201,118480238,118482092,118482495,118484314,118484975,118488760,118489887,118490249,118491318,118491928,118493230,118494398,118494767,118495893,118496367,118498073,118498528,118499420,118499913,118501147,118501857,118506646,118507609,118509200,118510118,118512025,118519792,118520064,118520885,118521417,118526832,",0,KMT2A
NM_002017.5,chr11,+,128694071,128813267,9,"128694071,128758114,128768117,128772781,128781957,128805365,128807179,128809156,128810458,","128694276,128758326,128768272,128772985,128782023,128805431,128807239,128809204,128813267,",0,FLI1
XM_011542830.3,chr11,+,118436491,118526832,37,"118436491,118439023,118468774,118471661,118476804,118477966,118480173,118481714,118482421,118484182,118484861,118488613,118489794,118490128,118491195,118491743,118493056,118494287,118494693,118495699,118496260,118497935,118498369,118499302,118499834,118500986,118501671,118502397,118507528,118509135,118509947,118511950,118519617,118519956,118520801,118521287,118521896,","118436944,118439122,118468844,118474315,118476982,118478201,118480238,118482092,118482495,118484314,118484975,118488760,118489887,118490249,118491318,118491928,118493230,118494398,118494767,118495893,118496367,118498073,118498528,118499420,118499913,118501147,118501857,118506646,118507609,118509200,118510118,118512025,118519792,118520064,118520885,118521417,118526832,",0,KMT2A
XM_011542829.3,chr11,+,118436491,118526832,37,"118436491,118439023,118468774,118471661,118476804,118477966,118480173,118481714,118482421,118484182,118484861,118488613,118489791,118490128,118491195,118491743,118493056,118494287,118494693,118495699,118496260,118497935,118498369,118499302,118499834,118500986,118501671,118502397,118507528,118509135,118509947,118511950,118519617,118519956,118520801,118521287,118521896,","118436944,118439122,118468844,118474315,118476982,118478201,118480238,118482092,118482495,118484314,118484975,118488760,118489887,118490249,118491318,118491928,118493230,118494398,118494767,118495893,118496367,118498073,118498528,118499420,118499913,118501147,118501857,118506646,118507609,118509200,118510118,118512025,118519792,118520064,118520885,118521417,118526832,",0,KMT2A
XM_011542833.3,chr11,+,118436491,118526832,37,"118436491,118439023,118468774,118474178,118476804,118477966,118480173,118481714,118482421,118484182,118484861,118488613,118489791,118490128,118491195,118491743,118493056,118494287,118494693,118495699,118496260,118497935,118498369,118499302,118499834,118500986,118501671,118502397,118507528,118509135,118509947,118511950,118519617,118519956,118520801,118521287,118521896,","118436944,118439122,118468844,118474315,118476982,118478201,118480238,118482092,118482495,118484314,118484975,118488760,118489887,118490249,118491318,118491928,118493230,118494398,118494767,118495893,118496367,118498073,118498528,118499420,118499913,118501147,118501857,118506646,118507609,118509200,118510118,118512025,118519792,118520064,118520885,118521417,118526832,",0,KMT2A
XM_005271562.6,chr11,+,108223324,108369102,63,"108223324,108227594,108227775,108229177,108235669,108243952,108244787,108246963,108248932,108250700,108251836,108252816,108253813,108256214,108257480,108258985,108267170,108268409,108271063,108271250,108272531,108272721,108279490,108280994,108282709,108284226,108287599,108288976,108289601,108292618,108293312,108294926,108297286,108299713,108301647,108302852,108304674,108307896,108310159,108312410,108315822,108316010,108317372,108319953,108321300,108325309,108326057,108327644,108329020,108330213,108331443,108331878,108332761,108333885,108334968,108335844,108343221,108345742,108347278,108353765,108354810,108365081,108365324,","108223686,108227696,108227888,108229323,108235834,108244118,108245026,108247127,108249102,108251072,108252031,108252912,108254039,108256340,108257606,108259075,108267342,108268609,108271146,108271406,108272607,108272852,108279608,108281168,108282879,108284473,108287715,108289103,108289801,108292793,108293477,108295059,108297382,108299885,108301789,108303029,108304852,108307984,108310315,108312498,108315911,108316113,108317521,108320058,108321420,108325544,108326225,108327758,108329238,108330421,108331557,108332037,108332900,108333968,108335109,108335961,108343371,108345908,108347365,108353880,108354874,108365218,108369102,",0,ATM
XM_011542840.4,chr11,+,108223066,108369102,64,"108223066,108224783,108227594,108227775,108229177,108235669,108243952,108244787,108246963,108248932,108250700,108251836,108252816,108253813,108256214,108257480,108258985,108267170,108268409,108271063,108271250,108272531,108272721,108279490,108280994,108282709,108284226,108287599,108288976,108289601,108292618,108293312,108294926,108297286,108299713,108301647,108302852,108304674,108307896,108310159,108312410,108315822,108316010,108317372,108319953,108321300,108325309,108326057,108327644,108329020,108330213,108331443,108331878,108332761,108333885,108334968,108335844,108343221,108345742,108347278,108353765,108354810,108365081,108365324,","108224136,108224871,108227696,108227888,108229323,108235834,108244118,108245026,108247127,108249102,108251072,108252031,108252912,108254039,108256340,108257606,108259075,108267342,108268609,108271146,108271406,108272607,108272852,108279608,108281168,108282879,108284473,108287715,108289103,108289801,108292793,108293477,108295059,108297382,108299885,108301789,108303029,108304852,108307984,108310315,108312498,108315911,108316113,108317521,108320058,108321420,108325544,108326225,108327758,108329238,108330421,108331557,108332037,108332900,108333968,108335109,108335961,108343371,108345908,108347365,108353880,108354874,108365218,108369102,",0,ATM
XM_011542842.4,chr11,+,108223066,108369102,62,"108223066,108227594,108227775,108229177,108243952,108244787,108246963,108248932,108250700,108251836,108252816,108253813,108256214,108257480,108258985,108267170,108268409,108271063,108271250,108272531,108272721,108279490,108280994,108282709,108284226,108287599,108288976,108289601,108292618,108293312,108294926,108297286,108299713,108301647,108302852,108304674,108307896,108310159,108312410,108315822,108316010,108317372,108319953,108321300,108325309,108326057,108327644,108329020,108330213,108331443,108331878,108332761,108333885,108334968,108335844,108343221,108345742,108347278,108353765,108354810,108365081,108365324,","108223186,108227696,108227888,108229323,108244118,108245026,108247127,108249102,108251072,108252031,108252912,108254039,108256340,108257606,108259075,108267342,108268609,108271146,108271406,108272607,108272852,108279608,108281168,108282879,108284473,108287715,108289103,108289801,108292793,108293477,108295059,108297382,108299885,108301789,108303029,108304852,108307984,108310315,108312498,108315911,108316113,108317521,108320058,108321420,108325544,108326225,108327758,108329238,108330421,108331557,108332037,108332900,108333968,108335109,108335961,108343371,108345908,108347365,108353880,108354874,108365218,108369102,",0,ATM
XM_011542843.3,chr11,+,108223066,108349053,60,"108223066,108227594,108227775,108229177,108235669,108243952,108244787,108246963,108248932,108250700,108251836,108252816,108253813,108256214,108257480,108258985,108267170,108268409,108271063,108271250,108272531,108272721,108279490,108280994,108282709,108284226,108287599,108288976,108289601,108292618,108293312,108294926,108297286,108299713,108301647,108302852,108304674,108307896,108310159,108312410,108315822,108316010,108317372,108319953,108321300,108325309,108326057,108327644,108329020,108330213,108331443,108331878,108332761,108333885,108334968,108335844,108343221,108345742,108347278,108348951,","108223186,108227696,108227888,108229323,108235834,108244118,108245026,108247127,108249102,108251072,108252031,108252912,108254039,108256340,108257606,108259075,108267342,108268609,108271146,108271406,108272607,108272852,108279608,108281168,108282879,108284473,108287715,108289103,108289801,108292793,108293477,108295059,108297382,108299885,108301789,108303029,108304852,108307984,108310315,108312498,108315911,108316113,108317521,108320058,108321420,108325544,108326225,108327758,108329238,108330421,108331557,108332037,108332900,108333968,108335109,108335961,108343371,108345908,108347365,108349053,",0,ATM
XM_011542844.4,chr11,+,108235745,108369102,59,"108235745,108243974,108244787,108246963,108248932,108250700,108251836,108252816,108253813,108256214,108257480,108258985,108267170,108268409,108271063,108271250,108272531,108272721,108279490,108280994,108282709,108284226,108287599,108288976,108289601,108292618,108293312,108294926,108297286,108299713,108301647,108302852,108304674,108307896,108310159,108312410,108315822,108316010,108317372,108319953,108321300,108325309,108326057,108327644,108329020,108330213,108331443,108331878,108332761,108333885,108334968,108335844,108343221,108345742,108347278,108353765,108354810,108365081,108365324,","108235834,108244118,108245026,108247127,108249102,108251072,108252031,108252912,108254039,108256340,108257606,108259075,108267342,108268609,108271146,108271406,108272607,108272852,108279608,108281168,108282879,108284473,108287715,108289103,108289801,108292793,108293477,108295059,108297382,108299885,108301789,108303029,108304852,108307984,108310315,108312498,108315911,108316113,108317521,108320058,108321420,108325544,108326225,108327758,108329238,108330421,108331557,108332037,108332900,108333968,108335109,108335961,108343371,108345908,108347365,108353880,108354874,108365218,108369102,",0,ATM
NM_002105.3,chr11,-,119093873,119095465,1,"119093873,","119095465,",0,H2AX
NM_001167681.3,chr11,+,128694071,128813267,10,"128694071,128748236,128758114,128768117,128772781,128781957,128805365,128807179,128809156,128810458,","128694276,128748290,128758326,128768272,128772985,128782023,128805431,128807239,128809204,128813267,",0,FLI1
NM_001440370.1,chr11,+,128685131,128813267,9,"128685131,128758114,128768117,128772781,128781957,128805365,128807179,128809156,128810458,","128685372,128758326,128768272,128772985,128782023,128805431,128807239,128809204,128813267,",0,FLI1
NM_001440369.1,chr11,+,128693061,128813267,9,"128693061,128758114,128768117,128772781,128781957,128805365,128807179,128809156,128810458,","128693143,128758326,128768272,128772985,128782023,128805431,128807239,128809204,128813267,",0,FLI1
NM_001440371.1,chr11,+,128692482,128813267,9,"128692482,128758114,128768117,128772781,128781957,128805365,128807179,128809156,128810458,","128692800,128758326,128768272,128772985,128782023,128805431,128807239,128809204,128813267,",0,FLI1
NM_001440372.1,chr11,+,128694071,128813267,7,"128694071,128758114,128768117,128772781,128781957,128809156,128810458,","128694276,128758326,128768272,128772985,128782023,128809204,128813267,",0,FLI1
XM_017017790.3,chr11,+,108223066,108369102,63,"108223066,108227594,108227775,108229177,108235669,108243952,108244787,108246963,108248932,108250700,108251836,108252816,108253813,108256214,108257480,108258985,108267170,108268409,108271063,108271250,108272531,108272721,108279490,108280994,108282709,108284226,108287599,108288976,108289601,108292618,108293312,108294926,108297286,108299713,108301647,108302852,108304674,108307896,108310159,108312410,108315822,108316010,108317372,108319953,108321300,108325309,108326057,108327644,108329020,108330213,108331443,108331878,108332761,108333885,108334968,108335844,108343221,108345742,108347278,108353765,108354810,108365081,108365324,","108224004,108227696,108227888,108229323,108235834,108244118,108245026,108247127,108249102,108251072,108252031,108252912,108254039,108256340,108257606,108259075,108267342,108268609,108271146,108271406,108272607,108272852,108279608,108281168,108282879,108284473,108287715,108289103,108289801,108292793,108293477,108295059,108297382,108299885,108301789,108303029,108304852,108307984,108310315,108312498,108315911,108316113,108317521,108320058,108321420,108325544,108326225,108327758,108329238,108330421,108331557,108332037,108332900,108333968,108335109,108335961,108343371,108345908,108347365,108353880,108354874,108365218,108369102,",0,ATM
NM_001425266.1,chr11,+,46277661,46321409,12,"46277661,46299934,46307815,46309988,46311031,46312324,46312611,46312850,46316285,46317360,46320263,46320746,","46278213,46300163,46308000,46310067,46311189,46312474,46312670,46312919,46316385,46317487,46320528,46321409,",0,CREB3L1
NM_001425267.1,chr11,+,46277661,46321409,12,"46277661,46299934,46307821,46309988,46311031,46312324,46312611,46312850,46316285,46317360,46320263,46320709,","46278213,46300163,46308000,46310067,46311189,46312474,46312670,46312919,46316385,46317487,46320528,46321409,",0,CREB3L1
NM_001425268.1,chr11,+,46295158,46321409,12,"46295158,46299934,46307815,46309988,46311031,46312324,46312611,46312850,46316285,46317360,46320263,46320709,","46295333,46300163,46308000,46310067,46311189,46312474,46312670,46312919,46316385,46317487,46320528,46321409,",0,CREB3L1
NM_001425269.1,chr11,+,46277661,46321409,10,"46277661,46299934,46311031,46312324,46312611,46312850,46316285,46317360,46320263,46320709,","46278213,46300163,46311189,46312474,46312670,46312919,46316385,46317487,46320528,46321409,",0,CREB3L1
NM_006831.3,chr11,+,57657761,57661865,3,"57657761,57659454,57660764,","57657860,57660082,57661865,",0,CLP1
NM_001351834.2,chr11,+,108223066,108369102,64,"108223066,108224783,108227594,108227775,108229177,108235669,108243952,108244787,108246963,108248932,108250700,108251836,108252816,108253813,108256214,108257480,108258985,108267170,108268409,108271063,108271250,108272531,108272721,108279490,108280994,108282709,108284226,108287599,108288976,108289601,108292618,108293312,108294926,108297286,108299713,108301647,108302852,108304674,108307896,108310159,108312410,108315822,108316010,108317372,108319953,108321300,108325309,108326057,108327644,108329020,108330213,108331443,108331878,108332761,108333885,108334968,108335844,108343221,108345742,108347278,108353765,108354810,108365081,108365324,","108223186,108224871,108227696,108227888,108229323,108235834,108244118,108245026,108247127,108249102,108251072,108252031,108252912,108254039,108256340,108257606,108259075,108267342,108268609,108271146,108271406,108272607,108272852,108279608,108281168,108282879,108284473,108287715,108289103,108289801,108292793,108293477,108295059,108297382,108299885,108301789,108303029,108304852,108307984,108310315,108312498,108315911,108316113,108317521,108320058,108321420,108325544,108326225,108327758,108329238,108330421,108331557,108332037,108332900,108333968,108335109,108335961,108343371,108345908,108347365,108353880,108354874,108365218,108369102,",0,ATM
NM_001351835.2,chr11,+,108223066,108229366,4,"108223066,108227594,108227775,108229177,","108223186,108227696,108227888,108229366,",0,ATM
NM_001351836.2,chr11,+,108223324,108229366,4,"108223324,108227594,108227775,108229177,","108223686,108227696,108227888,108229366,",0,ATM
NM_001198551.2,chr11,-,32387774,32430813,10,"32387774,32391980,32392665,32396256,32399947,32416489,32417576,32427955,32428496,32430529,","32389179,32392064,32392755,32396407,32400044,32416540,32417654,32428058,32428619,32430813,",0,WT1
NM_001198552.2,chr11,-,32387774,32430813,9,"32387774,32391971,32392665,32396256,32399947,32417576,32427955,32428496,32430529,","32389179,32392064,32392755,32396407,32400044,32417654,32428058,32428619,32430813,",0,WT1
NM_001130442.3,chr11,-,532241,535576,5,"532241,533452,533765,534211,535415,","532755,533612,533944,534375,535576,",0,HRAS
NM_033135.4,chr11,-,103907188,104164147,7,"103907188,103926911,103943451,103947661,103996064,104000050,104163803,","103909819,103927126,103943650,103947724,103996245,104000237,104164147,",0,PDGFD
NM_052854.4,chr11,+,46277661,46321409,12,"46277661,46299934,46307815,46309988,46311031,46312324,46312611,46312850,46316285,46317360,46320263,46320709,","46278213,46300163,46308000,46310067,46311189,46312474,46312670,46312919,46316385,46317487,46320528,46321409,",0,CREB3L1
NM_053056.3,chr11,+,69641155,69654474,5,"69641155,69643030,69643831,69647993,69651117,","69641511,69643246,69643991,69648142,69654474,",0,CCND1
XM_047426353.1,chr11,+,92309304,92896473,29,"92309304,92352095,92524633,92697383,92761855,92764878,92765506,92774040,92789942,92792766,92797835,92805152,92806361,92809842,92831621,92834869,92836565,92837662,92840561,92843933,92857213,92859164,92866740,92880730,92882737,92886999,92889188,92889855,92890490,","92309825,92355404,92524948,92697445,92762170,92765089,92765575,92774180,92790218,92792977,92801909,92805349,92806515,92810076,92832011,92835084,92836703,92837806,92840759,92844732,92857348,92859322,92867209,92880884,92883393,92887113,92889248,92889891,92896473,",0,FAT3
NM_001407044.1,chr11,-,32387774,32435539,10,"32387774,32391980,32392665,32396256,32399947,32416489,32417576,32427955,32428496,32434699,","32389179,32392064,32392755,32396407,32400038,32416540,32417654,32428058,32428619,32435539,",0,WT1
NM_001407045.1,chr11,-,32387774,32435539,9,"32387774,32391971,32392665,32396256,32399947,32417576,32427955,32428496,32434699,","32389179,32392064,32392755,32396407,32400044,32417654,32428058,32428619,32435539,",0,WT1
NM_001407046.1,chr11,-,32387774,32435539,9,"32387774,32392665,32396256,32399947,32416489,32417576,32427955,32428496,32434699,","32389179,32392755,32396407,32400044,32416540,32417654,32428058,32428619,32435539,",0,WT1
NM_001407047.1,chr11,-,32387774,32435539,9,"32387774,32391980,32392665,32396256,32399947,32416489,32417576,32427955,32434699,","32389179,32392064,32392755,32396407,32400044,32416540,32417654,32428058,32435539,",0,WT1
NM_001407048.1,chr11,-,32387774,32435539,8,"32387774,32391971,32396256,32399947,32417576,32427955,32428496,32434699,","32389179,32392064,32396407,32400044,32417654,32428058,32428619,32435539,",0,WT1
NM_001407050.1,chr11,-,32387774,32435539,8,"32387774,32391971,32392665,32396256,32399947,32417576,32427955,32434699,","32389179,32392064,32392755,32396407,32400044,32417654,32428058,32435539,",0,WT1
NM_001407049.1,chr11,-,32387774,32435539,8,"32387774,32392665,32396256,32399947,32417576,32427955,32428496,32434699,","32389179,32392755,32396407,32400044,32417654,32428058,32428619,32435539,",0,WT1
NM_001407051.1,chr11,-,32387774,32434040,10,"32387774,32391971,32392665,32396256,32399947,32416489,32417576,32427955,32428496,32433764,","32389179,32392064,32392755,32396407,32400044,32416540,32417654,32428058,32428619,32434040,",0,WT1
NM_001318054.2,chr11,-,532241,535576,7,"532241,532630,533276,533452,533765,534211,535415,","532522,532755,533358,533612,533944,534375,535576,",0,HRAS
NM_001412597.1,chr11,+,118436491,118526832,37,"118436491,118439023,118468774,118471661,118476804,118477966,118480173,118481714,118482421,118484182,118484861,118488613,118489791,118490128,118491195,118491743,118493056,118494287,118494693,118495699,118496260,118497935,118498369,118499302,118499834,118500986,118501671,118502397,118507528,118509135,118509947,118511950,118519617,118519956,118520801,118521287,118521896,","118436944,118439122,118468844,118474315,118476982,118478201,118480238,118482092,118482495,118484314,118484975,118488760,118489887,118490249,118491309,118491928,118493230,118494398,118494767,118495893,118496367,118498073,118498528,118499420,118499913,118501147,118501857,118506646,118507609,118509200,118510118,118512025,118519792,118520064,118520885,118521417,118526832,",0,KMT2A
XM_047426630.1,chr11,+,128696459,128813267,9,"128696459,128758114,128768117,128772781,128781957,128805365,128807179,128809156,128810458,","128696479,128758326,128768272,128772985,128782023,128805431,128807239,128809204,128813267,",0,FLI1
NR_160306.1,chr11,-,32387774,32435539,10,"32387774,32391971,32392665,32396256,32399947,32416489,32417423,32427955,32428496,32434699,","32389179,32392064,32392755,32396407,32400044,32416540,32417654,32428058,32428619,32435539,",0,WT1
NM_176795.5,chr11,-,532241,535576,6,"532241,533276,533452,533765,534211,535415,","532755,533358,533612,533944,534375,535576,",0,HRAS
NR_189153.1,chr11,+,46277661,46321409,12,"46277661,46299934,46307815,46309988,46311031,46312324,46312611,46312850,46315170,46317360,46320263,46320709,","46278213,46300163,46308000,46310067,46311189,46312474,46312670,46312919,46316385,46317487,46320528,46321409,",0,CREB3L1
NM_001042555.3,chr12,+,69470387,69579793,10,"69470387,69480298,69530864,69532013,69562179,69569004,69570330,69571275,69572117,69574004,","69470530,69480359,69530960,69532056,69562274,69569096,69570517,69571434,69572281,69579793,",0,FRS2
NM_000075.4,chr12,-,57747726,57752310,8,"57747726,57749181,57749453,57750655,57750922,57751206,57751499,57752174,","57748617,57749317,57749504,57750765,57751090,57751342,57751736,57752310,",0,CDK4
NM_001412960.1,chr12,+,50764578,50821162,7,"50764578,50780139,50795908,50809455,50814009,50814279,50819634,","50764972,50780238,50796009,50809589,50814192,50814439,50821162,",0,ATF1
NM_001412961.1,chr12,+,50764578,50821162,7,"50764578,50780139,50795908,50809455,50814009,50814279,50819634,","50764992,50780238,50796009,50809589,50814192,50814439,50821162,",0,ATF1
NM_001412962.1,chr12,+,50764469,50821162,7,"50764469,50780139,50795908,50809455,50814009,50814279,50819634,","50764554,50780238,50796009,50809589,50814192,50814439,50821162,",0,ATF1
NM_001412963.1,chr12,+,50763458,50821162,7,"50763458,50780139,50795908,50809455,50814009,50814279,50819634,","50763741,50780238,50796009,50809589,50814192,50814439,50821162,",0,ATF1
NM_001412964.1,chr12,+,50764469,50821162,7,"50764469,50780139,50795908,50809455,50814009,50814279,50819634,","50764519,50780238,50796009,50809589,50814192,50814439,50821162,",0,ATF1
NM_001412965.1,chr12,+,50764326,50821162,7,"50764326,50780139,50795908,50809455,50814009,50814279,50819634,","50764404,50780238,50796009,50809589,50814192,50814439,50821162,",0,ATF1
NM_001412966.1,chr12,+,50764578,50821162,7,"50764578,50780139,50795908,50809455,50814009,50814279,50819634,","50764647,50780238,50796009,50809589,50814192,50814439,50821162,",0,ATF1
NM_001412967.1,chr12,+,50766050,50821162,7,"50766050,50780139,50795908,50809455,50814009,50814279,50819634,","50766147,50780238,50796009,50809589,50814192,50814439,50821162,",0,ATF1
NM_001412968.1,chr12,+,50764100,50821162,6,"50764100,50780139,50795908,50809455,50814279,50819634,","50764307,50780238,50796009,50809589,50814439,50821162,",0,ATF1
NM_001412970.1,chr12,+,50763458,50821162,7,"50763458,50780139,50795897,50809455,50814009,50814279,50819634,","50763741,50780238,50796009,50809589,50814192,50814439,50821162,",0,ATF1
NM_001412969.1,chr12,+,50763458,50821162,6,"50763458,50795908,50809455,50814009,50814279,50819634,","50763741,50796009,50809589,50814192,50814439,50821162,",0,ATF1
NM_001412971.1,chr12,+,50764100,50821162,8,"50764100,50780139,50788207,50795908,50809455,50814009,50814279,50819634,","50764307,50780238,50788325,50796009,50809589,50814192,50814439,50821162,",0,ATF1
NM_001412972.1,chr12,+,50764100,50821162,7,"50764100,50780139,50795897,50809455,50814009,50814279,50819634,","50764307,50780238,50796009,50809589,50814192,50814439,50821162,",0,ATF1
NM_001412973.1,chr12,+,50764100,50821162,6,"50764100,50795908,50809455,50814009,50814279,50819634,","50764148,50796009,50809589,50814192,50814439,50821162,",0,ATF1
NM_001412974.1,chr12,+,50764326,50821162,8,"50764326,50780139,50788207,50795908,50809455,50814009,50814279,50819634,","50764404,50780238,50788325,50796009,50809589,50814192,50814439,50821162,",0,ATF1
NM_001412975.1,chr12,+,50764469,50821162,7,"50764469,50780139,50795897,50809455,50814009,50814279,50819634,","50764519,50780238,50796009,50809589,50814192,50814439,50821162,",0,ATF1
NM_001412976.1,chr12,+,50764578,50821162,7,"50764578,50780139,50795897,50809455,50814009,50814279,50819634,","50764647,50780238,50796009,50809589,50814192,50814439,50821162,",0,ATF1
NM_001412977.1,chr12,+,50764469,50821162,7,"50764469,50780139,50795897,50809455,50814009,50814279,50819634,","50764554,50780238,50796009,50809589,50814192,50814439,50821162,",0,ATF1
NM_001412978.1,chr12,+,50764100,50821162,7,"50764100,50780139,50795908,50809455,50813986,50814279,50819634,","50764307,50780238,50796009,50809589,50814192,50814439,50821162,",0,ATF1
NM_001412980.1,chr12,+,50764100,50821162,8,"50764100,50780139,50795908,50809455,50811620,50814009,50814279,50819634,","50764307,50780238,50796009,50809589,50811863,50814192,50814439,50821162,",0,ATF1
NM_001412979.1,chr12,+,50764100,50821162,5,"50764100,50780139,50814009,50814279,50819634,","50764307,50780238,50814192,50814439,50821162,",0,ATF1
NM_001412981.1,chr12,+,50764100,50821162,6,"50764100,50780139,50795908,50814009,50814279,50819634,","50764307,50780238,50796009,50814192,50814439,50821162,",0,ATF1
NM_001412982.1,chr12,+,50764100,50821162,6,"50764100,50780139,50795897,50814009,50814279,50819634,","50764307,50780238,50796009,50814192,50814439,50821162,",0,ATF1
NM_001412983.1,chr12,+,50764100,50821162,5,"50764100,50780139,50795908,50809455,50819634,","50764307,50780238,50796009,50809589,50821162,",0,ATF1
NM_001367990.1,chr12,+,68809016,68845430,11,"68809016,68809207,68813553,68816811,68820324,68824362,68824554,68828770,68835828,68836671,68839273,","68809086,68809292,68813628,68816945,68820374,68824430,68824651,68828931,68835984,68836749,68845430,",0,MDM2
NM_001363606.2,chr12,-,6570081,6607379,40,"6570081,6570868,6573070,6577784,6578028,6578408,6578845,6581037,6581290,6581648,6582136,6582614,6582847,6583026,6583197,6587383,6587711,6588297,6591465,6591693,6591915,6592392,6592695,6593090,6593415,6594458,6595333,6596005,6597893,6598221,6599772,6600216,6600533,6600925,6601288,6601647,6601959,6602375,6606273,6607299,","6570693,6571032,6573269,6577917,6578137,6578546,6578917,6581173,6581388,6581814,6582281,6582748,6582936,6583113,6583378,6587559,6587949,6588422,6591583,6591825,6592057,6592566,6592817,6593228,6593616,6594650,6595430,6596137,6598099,6598425,6600012,6600356,6600669,6601053,6601530,6601766,6602175,6602497,6606451,6607379,",0,CHD4
NM_004985.5,chr12,-,25205245,25250929,5,"25205245,25225613,25227233,25245273,25250750,","25209911,25225773,25227412,25245395,25250929,",0,KRAS
NM_000618.5,chr12,-,102395873,102480563,4,"102395873,102419508,102475642,102480318,","102402566,102419690,102475799,102480563,",0,IGF1
NM_005171.5,chr12,+,50764100,50821162,7,"50764100,50780139,50795908,50809455,50814009,50814279,50819634,","50764307,50780238,50796009,50809589,50814192,50814439,50821162,",0,ATF1
NM_001414005.1,chr12,-,102417490,102481747,5,"102417490,102419508,102475642,102480318,102481702,","102418003,102419690,102475799,102480400,102481747,",0,IGF1
NM_001414006.1,chr12,-,102417490,102478550,4,"102417490,102419508,102475642,102478486,","102418003,102419690,102475799,102478550,",0,IGF1
NM_001414007.1,chr12,-,102395873,102481747,5,"102395873,102419508,102475642,102480318,102481702,","102402566,102419690,102475799,102480400,102481747,",0,IGF1
NM_001413913.1,chr12,+,11649673,11895377,8,"11649673,11752452,11839139,11853426,11869423,11884444,11885925,11890940,","11650160,11752579,11839304,11853561,11869969,11884587,11886026,11895377,",0,ETV6
NM_001413914.1,chr12,+,11649673,11895377,9,"11649673,11743817,11752449,11839139,11853426,11869423,11884444,11885925,11890940,","11650160,11743942,11752579,11839304,11853561,11869969,11884587,11886026,11895377,",0,ETV6
NM_001413915.1,chr12,+,11649673,11895377,7,"11649673,11839139,11853426,11869423,11884444,11885925,11890940,","11650160,11839304,11853561,11869969,11884587,11886026,11895377,",0,ETV6
NM_001413916.1,chr12,+,11649673,11871633,5,"11649673,11752449,11839139,11853426,11869423,","11650160,11752579,11839304,11853561,11871633,",0,ETV6
NM_001413917.1,chr12,+,11649673,11895377,6,"11649673,11752449,11839139,11853426,11869423,11890940,","11650160,11752579,11839304,11853561,11869969,11895377,",0,ETV6
NM_001413918.1,chr12,+,11649673,11845586,4,"11649673,11752449,11839139,11844853,","11650160,11752579,11839304,11845586,",0,ETV6
NM_001330437.2,chr12,+,112418946,112509918,16,"112418946,112446275,112450317,112453194,112454563,112455949,112472943,112477650,112477856,112482073,112486462,112488442,112489023,112502143,112504694,112505824,","112419125,112446398,112450512,112453387,112454680,112456063,112473040,112477730,112478015,112482205,112486629,112488510,112489175,112502256,112504796,112509918,",0,PTPN11
XM_047428118.1,chr12,+,69470387,69579793,10,"69470387,69530864,69532013,69557799,69562179,69569004,69570330,69571275,69572117,69574004,","69470530,69530960,69532056,69557856,69562274,69569096,69570517,69571434,69572281,69579793,",0,FRS2
XM_047428120.1,chr12,+,69527365,69579793,9,"69527365,69530864,69532013,69562179,69569004,69570330,69571275,69572117,69574004,","69530365,69530960,69532056,69562274,69569096,69570517,69571434,69572281,69579793,",0,FRS2
XM_047428119.1,chr12,+,69470792,69579793,9,"69470792,69530864,69532013,69562179,69569004,69570330,69571275,69572117,69574004,","69474208,69530960,69532056,69562274,69569096,69570517,69571434,69572281,69579793,",0,FRS2
XM_047428121.1,chr12,+,69470387,69579793,10,"69470387,69486201,69530864,69532013,69562179,69569004,69570330,69571275,69572117,69574004,","69470530,69486208,69530960,69532056,69562274,69569096,69570517,69571434,69572281,69579793,",0,FRS2
XM_047428122.1,chr12,+,69470688,69579793,9,"69470688,69530864,69532013,69562179,69569004,69570330,69571275,69572117,69574004,","69470706,69530960,69532056,69562274,69569096,69570517,69571434,69572281,69579793,",0,FRS2
XM_047428123.1,chr12,+,69540252,69579793,7,"69540252,69562179,69569004,69570330,69571275,69572117,69574004,","69540774,69562274,69569096,69570517,69571434,69572281,69579793,",0,FRS2
NM_001273.5,chr12,-,6570081,6607379,40,"6570081,6570868,6573073,6577784,6578028,6578408,6578845,6581043,6581290,6581648,6582136,6582614,6582847,6583026,6583197,6587383,6587711,6588297,6591465,6591693,6591915,6592392,6592695,6593090,6593415,6594458,6595333,6596005,6597893,6598221,6599772,6600216,6600533,6600925,6601288,6601647,6601959,6602375,6606273,6607299,","6570693,6571032,6573269,6577917,6578137,6578546,6578917,6581173,6581388,6581814,6582281,6582748,6582936,6583113,6583378,6587559,6587949,6588422,6591583,6591825,6592057,6592566,6592817,6593228,6593616,6594650,6595430,6596137,6598099,6598425,6600012,6600395,6600669,6601053,6601530,6601766,6602175,6602497,6606451,6607379,",0,CHD4
NM_001374625.1,chr12,+,112418946,112509918,16,"112418946,112446275,112450320,112453194,112454563,112455949,112472943,112477650,112477856,112482073,112486474,112488442,112489023,112502143,112504694,112505824,","112419125,112446398,112450512,112453387,112454680,112456063,112473040,112477730,112478015,112482205,112486629,112488510,112489175,112502256,112504796,112509918,",0,PTPN11
XM_047428489.1,chr12,+,45729705,45860948,17,"45729705,45730043,45731216,45811417,45817669,45821419,45836588,45836740,45837320,45837497,45839328,45846855,45848835,45849579,45850035,45854179,45860800,","45729928,45730137,45731314,45811551,45817888,45821487,45836655,45836991,45837417,45837707,45839496,45846937,45848970,45849776,45852896,45854237,45860948,",0,ARID2
XM_047428500.1,chr12,+,56080831,56103505,28,"56080831,56083750,56084994,56086530,56087576,56087794,56088020,56088542,56088747,56092746,56092985,56093344,56093763,56094098,56094401,56095256,56095664,56096502,56096747,56097044,56097784,56098499,56098758,56099647,56099837,56100173,56101060,56101528,","56080900,56083902,56085181,56086656,56087642,56087913,56088162,56088656,56088868,56092820,56093076,56093550,56093896,56094189,56094556,56095310,56095806,56096622,56096846,56097230,56097940,56098575,56098905,56099745,56100029,56100245,56101361,56103505,",0,ERBB3
XM_047428501.1,chr12,+,56083313,56103505,28,"56083313,56083750,56084994,56086530,56087576,56087794,56088020,56088542,56088747,56092746,56092985,56093344,56093763,56094098,56094401,56095256,56095664,56096502,56096747,56097044,56097784,56098499,56098758,56099647,56099837,56100173,56101060,56101528,","56083548,56083902,56085181,56086656,56087642,56087913,56088162,56088656,56088868,56092820,56093076,56093550,56093896,56094189,56094556,56095310,56095806,56096622,56096846,56097230,56097940,56098575,56098905,56099745,56100029,56100245,56101361,56103505,",0,ERBB3
XM_047428502.1,chr12,+,11649673,11895377,9,"11649673,11732362,11752449,11839139,11853426,11869423,11884444,11885925,11890940,","11650160,11743942,11752579,11839304,11853561,11869969,11884587,11886026,11895377,",0,ETV6
XM_047428503.1,chr12,+,11752454,11895377,10,"11752454,11826401,11828525,11829034,11839139,11853426,11869423,11884444,11885925,11890940,","11752579,11827448,11828609,11829229,11839304,11853561,11869969,11884587,11886026,11895377,",0,ETV6
XM_047428504.1,chr12,+,11752454,11895377,10,"11752454,11826406,11828525,11829034,11839139,11853426,11869423,11884444,11885925,11890940,","11752579,11827448,11828609,11829229,11839304,11853561,11869969,11884587,11886026,11895377,",0,ETV6
NM_080601.3,chr12,+,112418946,112486923,11,"112418946,112446275,112450317,112453194,112454563,112455949,112472943,112477650,112477856,112482073,112486474,","112419125,112446398,112450512,112453387,112454680,112456063,112473040,112477730,112478015,112482205,112486923,",0,PTPN11
NR_182081.1,chr12,+,50764100,50821162,8,"50764100,50780139,50795908,50809455,50814009,50814279,50814842,50819634,","50764307,50780238,50796009,50809589,50814192,50814439,50815940,50821162,",0,ATF1
XM_047428826.1,chr12,-,25205245,25250929,7,"25205245,25212177,25215444,25225613,25227233,25245273,25250763,","25209911,25212178,25215560,25225773,25227412,25245395,25250929,",0,KRAS
NM_001369786.1,chr12,-,25205245,25250929,6,"25205245,25215436,25225613,25227233,25245273,25250763,","25209911,25215560,25225773,25227412,25245395,25250929,",0,KRAS
NM_001369787.1,chr12,-,25205245,25250929,5,"25205245,25225613,25227233,25245273,25250763,","25209911,25225773,25227412,25245395,25250929,",0,KRAS
XM_047428853.1,chr12,+,68813567,68845544,8,"68813567,68820324,68824362,68824554,68828770,68835828,68836671,68839273,","68813628,68820374,68824430,68824651,68828931,68835984,68836749,68845544,",0,MDM2
XM_047428878.1,chr12,+,50791536,50821162,6,"50791536,50795908,50809455,50814009,50814279,50819634,","50792543,50796009,50809589,50814192,50814439,50821162,",0,ATF1
XM_047428914.1,chr12,+,104456947,104762014,2,"104456947,104756948,","104457529,104762014,",0,CHST11
XM_047428915.1,chr12,+,104456947,104762014,2,"104456947,104756948,","104457514,104762014,",0,CHST11
NM_001982.4,chr12,+,56080164,56103505,28,"56080164,56083750,56084994,56086530,56087576,56087794,56088020,56088542,56088747,56092746,56092985,56093344,56093763,56094098,56094401,56095256,56095664,56096502,56096747,56097044,56097784,56098499,56098758,56099647,56099837,56100173,56101060,56101528,","56080382,56083902,56085181,56086656,56087642,56087913,56088162,56088656,56088868,56092820,56093076,56093550,56093896,56094189,56094556,56095310,56095806,56096622,56096846,56097230,56097940,56098575,56098905,56099745,56100029,56100245,56101361,56103505,",0,ERBB3
NM_001987.5,chr12,+,11649673,11895377,8,"11649673,11752449,11839139,11853426,11869423,11884444,11885925,11890940,","11650160,11752579,11839304,11853561,11869969,11884587,11886026,11895377,",0,ETV6
NM_006654.5,chr12,+,69470387,69579793,10,"69470387,69530864,69532013,69537915,69562179,69569004,69570330,69571275,69572117,69574004,","69470530,69530960,69532056,69537983,69562274,69569096,69570517,69571434,69572281,69579793,",0,FRS2
NM_002392.6,chr12,+,68808176,68845544,11,"68808176,68809207,68813553,68816811,68820324,68824362,68824554,68828770,68835828,68836671,68839273,","68808491,68809292,68813628,68816945,68820374,68824430,68824651,68828931,68835984,68836749,68845544,",0,MDM2
NM_002834.5,chr12,+,112418946,112509918,16,"112418946,112446275,112450317,112453194,112454563,112455949,112472943,112477650,112477856,112482073,112486474,112488442,112489023,112502143,112504694,112505824,","112419125,112446398,112450512,112453387,112454680,112456063,112473040,112477730,112478015,112482205,112486629,112488510,112489175,112502256,112504796,112509918,",0,PTPN11
XM_011538386.3,chr12,+,50766688,50821162,7,"50766688,50780139,50795908,50809455,50814009,50814279,50819634,","50767153,50780238,50796009,50809589,50814192,50814439,50821162,",0,ATF1
NM_001005915.1,chr12,+,56080107,56085617,3,"56080107,56083750,56084994,","56080382,56083902,56085617,",0,ERBB3
NM_001173982.2,chr12,+,104456947,104762014,3,"104456947,104601905,104756948,","104457514,104601991,104762014,",0,CHST11
XM_011538613.3,chr12,+,112418946,112509918,16,"112418946,112446275,112450320,112453194,112454563,112455949,112472943,112477650,112477856,112482073,112486462,112488442,112489023,112502143,112504694,112505824,","112419125,112446398,112450512,112453387,112454680,112456063,112473040,112477730,112478015,112482205,112486629,112488510,112489175,112502256,112504796,112509918,",0,PTPN11
XM_017018717.2,chr12,+,69470387,69579793,11,"69470387,69530864,69532013,69537915,69540672,69562179,69569004,69570330,69571275,69572117,69574004,","69470530,69530960,69532056,69537983,69540774,69562274,69569096,69570517,69571434,69572281,69579793,",0,FRS2
XM_017018718.2,chr12,+,69470387,69579793,11,"69470387,69486201,69530864,69532013,69537915,69562179,69569004,69570330,69571275,69572117,69574004,","69470530,69486297,69530960,69532056,69537983,69562274,69569096,69570517,69571434,69572281,69579793,",0,FRS2
XM_017018719.2,chr12,+,69564257,69579793,6,"69564257,69569004,69570330,69571275,69572117,69574004,","69566640,69569096,69570517,69571434,69572281,69579793,",0,FRS2
NM_001297553.2,chr12,-,6570081,6606451,39,"6570081,6570868,6573073,6577784,6578028,6578408,6578845,6581043,6581290,6581648,6582136,6582614,6582847,6583026,6583197,6587383,6587711,6588297,6591465,6591693,6591915,6592392,6592695,6593090,6593415,6594458,6595333,6596005,6597893,6598221,6599772,6600216,6600533,6600925,6601288,6601647,6601959,6602375,6606273,","6570693,6571032,6573269,6577917,6578137,6578546,6578917,6581173,6581388,6581814,6582281,6582748,6582936,6583113,6583378,6587559,6587949,6588422,6591583,6591825,6592057,6592566,6592817,6593228,6593616,6594650,6595430,6596137,6598099,6598425,6600012,6600395,6600669,6601053,6601530,6601766,6602154,6602497,6606451,",0,CHD4
NM_003482.4,chr12,-,49018977,49060794,55,"49018977,49022042,49022279,49022589,49024577,49024809,49026181,49027802,49028008,49028827,49029060,49029400,49030279,49030600,49030892,49031174,49034066,49034409,49034581,49034811,49037124,49039221,49039434,49039723,49041654,49041916,49042088,49042560,49042740,49043075,49043362,49043634,49043867,49044199,49044402,49044743,49045919,49046064,49046259,49046608,49047964,49048658,49049104,49049681,49050885,49052563,49052914,49053206,49053475,49053977,49054306,49054527,49054899,49055275,49059612,","49021872,49022151,49022353,49022875,49024708,49024946,49027322,49027930,49028141,49028958,49029236,49029476,49030439,49030768,49031033,49033964,49034299,49034476,49034666,49034935,49038989,49039358,49039617,49041535,49041705,49041990,49042330,49042645,49042878,49043186,49043428,49043782,49043998,49044304,49044522,49044965,49045967,49046174,49046424,49046790,49048069,49048769,49049218,49050790,49052424,49052709,49053072,49053321,49053641,49054140,49054416,49054751,49055026,49055361,49060794,",0,KMT2D
XM_017018990.2,chr12,+,11649673,11895377,7,"11649673,11752449,11839139,11869423,11884444,11885925,11890940,","11650160,11752579,11839304,11869969,11884587,11886026,11895377,",0,ETV6
XM_017018991.2,chr12,+,11752454,11895377,11,"11752454,11825643,11826401,11828525,11829034,11839139,11853426,11869423,11884444,11885925,11890940,","11752579,11825713,11827448,11828609,11829229,11839304,11853561,11869969,11884587,11886026,11895377,",0,ETV6
XM_017019259.2,chr12,-,102417490,102481839,4,"102417490,102419508,102475642,102481702,","102418003,102419690,102475799,102481839,",0,IGF1
XM_017019262.3,chr12,-,102395873,102481839,5,"102395873,102417954,102419508,102475642,102481702,","102402566,102418003,102419690,102475799,102481839,",0,IGF1
XM_017019263.3,chr12,-,102395873,102481839,4,"102395873,102419508,102475642,102481702,","102402566,102419690,102475799,102481839,",0,IGF1
NM_033360.4,chr12,-,25205245,25250929,6,"25205245,25215436,25225613,25227233,25245273,25250750,","25209911,25215560,25225773,25227412,25245395,25250929,",0,KRAS
XM_017019331.2,chr12,+,50773448,50821162,7,"50773448,50780139,50795908,50809455,50814009,50814279,50819634,","50775658,50780238,50796009,50809589,50814192,50814439,50821162,",0,ATF1
NM_001145337.3,chr12,+,68809023,68850686,11,"68809023,68809207,68813553,68816811,68820324,68824362,68824554,68828770,68835828,68836671,68839273,","68809086,68809292,68813628,68816945,68820374,68824430,68824651,68828931,68835843,68836749,68850686,",0,MDM2
NM_001145339.2,chr12,+,68808171,68845544,9,"68808171,68809207,68813553,68816811,68820324,68828770,68835828,68836671,68839273,","68808491,68809292,68813628,68816945,68820374,68828931,68835984,68836749,68845544,",0,MDM2
NM_001145340.3,chr12,+,68809023,68850686,5,"68809023,68809207,68813553,68835828,68839273,","68809086,68809292,68813628,68835984,68850686,",0,MDM2
NM_001111283.3,chr12,-,102395873,102480563,5,"102395873,102417954,102419508,102475642,102480318,","102402566,102418003,102419690,102475799,102480563,",0,IGF1
NM_001111284.2,chr12,-,102395873,102478550,4,"102395873,102419508,102475642,102478486,","102402566,102419690,102475799,102478550,",0,IGF1
NM_001111285.3,chr12,-,102417490,102480563,4,"102417490,102419508,102475642,102480318,","102418003,102419690,102475799,102480563,",0,IGF1
NM_001278351.2,chr12,+,69470387,69579793,11,"69470387,69491537,69530864,69532013,69537915,69562179,69569004,69570330,69571275,69572117,69574004,","69470530,69491651,69530960,69532056,69537983,69562274,69569096,69570517,69571434,69572281,69579793,",0,FRS2
NM_001278353.2,chr12,+,69470387,69579793,11,"69470387,69530864,69532013,69537915,69557799,69562179,69569004,69570330,69571275,69572117,69574004,","69470530,69530960,69532056,69537983,69557856,69562274,69569096,69570517,69571434,69572281,69579793,",0,FRS2
NM_001278354.2,chr12,+,69470387,69579793,10,"69470387,69491537,69530864,69532013,69562179,69569004,69570330,69571275,69572117,69574004,","69470530,69491651,69530960,69532056,69562274,69569096,69570517,69571434,69572281,69579793,",0,FRS2
NM_001278355.2,chr12,+,69470387,69579793,10,"69470387,69486201,69530864,69532013,69562179,69569004,69570330,69571275,69572117,69574004,","69470530,69486297,69530960,69532056,69562274,69569096,69570517,69571434,69572281,69579793,",0,FRS2
NM_001278356.2,chr12,+,69470387,69579793,9,"69470387,69530864,69532013,69562179,69569004,69570330,69571275,69572117,69574004,","69470530,69530960,69532056,69562274,69569096,69570517,69571434,69572281,69579793,",0,FRS2
NM_001278357.2,chr12,+,69470387,69579793,7,"69470387,69562179,69569004,69570330,69571275,69572117,69574004,","69470530,69562274,69569096,69570517,69571434,69572281,69579793,",0,FRS2
XM_011520612.3,chr12,+,11846978,11895377,6,"11846978,11853426,11869423,11884444,11885925,11890940,","11847111,11853561,11869969,11884587,11886026,11895377,",0,ETV6
NM_001278462.2,chr12,+,68809023,68850686,6,"68809023,68809207,68813553,68835828,68836671,68839273,","68809086,68809292,68813628,68835984,68836749,68850686,",0,MDM2
NM_018413.6,chr12,+,104456947,104762014,3,"104456947,104601905,104756948,","104457529,104601991,104762014,",0,CHST11
NM_001347839.2,chr12,+,45729705,45893918,20,"45729705,45730043,45731216,45811417,45817669,45821419,45836588,45836740,45837320,45837497,45839328,45846855,45848835,45849579,45850035,45860800,45891779,45892010,45893419,45893629,","45729928,45730137,45731314,45811551,45817888,45821487,45836655,45836991,45837417,45837707,45839496,45846937,45848970,45849776,45852896,45860949,45891918,45892096,45893543,45893918,",0,ARID2
NM_152641.4,chr12,+,45729705,45908037,21,"45729705,45730043,45731216,45811417,45817669,45821419,45836588,45836740,45837320,45837497,45839328,45846855,45848835,45849579,45850035,45860800,45891779,45892010,45893419,45893629,45904933,","45729928,45730137,45731314,45811551,45817888,45821487,45836655,45836991,45837417,45837707,45839496,45846937,45848970,45849776,45852896,45860949,45891918,45892096,45893543,45893721,45908037,",0,ARID2
XM_047430269.1,chr13,+,34942269,35672736,58,"34942269,35040932,35044946,35045305,35048562,35050268,35056009,35058716,35069907,35070718,35098296,35109289,35110809,35117413,35118227,35118376,35123481,35142268,35155773,35156082,35157077,35159015,35161749,35164355,35171271,35173463,35176995,35182359,35183975,35195863,35208699,35211052,35232491,35290388,35309527,35349107,35352156,35432268,35452091,35472399,35550476,35550929,35554986,35566904,35583897,35593327,35606425,35628080,35645868,35646258,35649654,35651804,35654854,35655578,35665084,35667373,35668367,35670900,","34943114,35041164,35045047,35045401,35048684,35050395,35056129,35058863,35070105,35070852,35098405,35109442,35110978,35117493,35118290,35118474,35123574,35142377,35155855,35156206,35157270,35160032,35161967,35164509,35171452,35173594,35177103,35182528,35184071,35196302,35208836,35211179,35232619,35290450,35309592,35349216,35352323,35432393,35452235,35472536,35550594,35551032,35555102,35567017,35584038,35593447,35606578,35628248,35645931,35646348,35649847,35651876,35655010,35655749,35665186,35667570,35668519,35672736,",0,NBEA
XM_006719805.4,chr13,+,34942269,35672736,57,"34942269,35040932,35044946,35045305,35048562,35050268,35056009,35058716,35069907,35070718,35098296,35109289,35110809,35117413,35118227,35118376,35123481,35142268,35155773,35156082,35157077,35159015,35161749,35164355,35171271,35173463,35176995,35182359,35183975,35195863,35208699,35211052,35232491,35290388,35309527,35349107,35352156,35432268,35452091,35472399,35550476,35550929,35554986,35566904,35583897,35593327,35606425,35628080,35646258,35649669,35651804,35654854,35655578,35665084,35667373,35668367,35670900,","34943114,35041164,35045047,35045401,35048684,35050395,35056129,35058863,35070105,35070852,35098405,35109442,35110978,35117493,35118290,35118474,35123574,35142377,35155855,35156206,35157270,35160032,35161967,35164509,35171452,35173594,35177103,35182528,35184071,35196302,35208854,35211179,35232619,35290450,35309592,35349216,35352323,35432393,35452235,35472536,35550594,35551032,35555102,35567017,35584038,35593447,35606578,35628248,35646348,35649847,35651876,35655010,35655749,35665186,35667570,35668519,35672736,",0,NBEA
XM_006719806.4,chr13,+,34942269,35672736,57,"34942269,35040932,35044946,35045305,35048562,35050268,35056009,35058716,35069907,35070718,35098296,35109289,35110809,35117413,35118227,35118376,35123481,35142268,35155773,35156082,35157077,35159015,35161749,35164355,35171271,35173463,35176995,35182359,35183975,35195863,35208699,35211052,35232491,35290388,35309527,35349107,35352156,35432268,35452091,35472399,35550476,35550929,35554986,35566904,35583897,35593327,35606425,35628080,35646258,35649654,35651804,35654854,35655578,35665084,35667373,35668367,35670900,","34943114,35041164,35045047,35045401,35048684,35050395,35056129,35058863,35070105,35070852,35098405,35109442,35110978,35117493,35118290,35118474,35123574,35142377,35155855,35156206,35157270,35160032,35161967,35164509,35171452,35173594,35177103,35182528,35184071,35196302,35208854,35211179,35232619,35290450,35309592,35349216,35352323,35432393,35452235,35472536,35550594,35551032,35555102,35567017,35584038,35593447,35606578,35628248,35646348,35649847,35651876,35655010,35655749,35665186,35667570,35668519,35672736,",0,NBEA
NM_001379245.1,chr13,+,34942269,35672736,58,"34942269,35040932,35044946,35045305,35048562,35050268,35056009,35058716,35069907,35070718,35098296,35109289,35110809,35117413,35118227,35118376,35123481,35142268,35155773,35156082,35157077,35159015,35161749,35164355,35171271,35173463,35176995,35182359,35183975,35195863,35208699,35211052,35232491,35290388,35309527,35349107,35352156,35432268,35452091,35472399,35550476,35550929,35554986,35566904,35583897,35593327,35606425,35628080,35645868,35646258,35649654,35651804,35654854,35655578,35665084,35667373,35668367,35670900,","34943114,35041164,35045047,35045401,35048684,35050395,35056129,35058863,35070105,35070852,35098405,35109442,35110978,35117493,35118290,35118474,35123574,35142377,35155855,35156206,35157270,35160032,35161967,35164509,35171452,35173594,35177103,35182528,35184071,35196302,35208854,35211179,35232619,35290450,35309592,35349216,35352323,35432393,35452235,35472536,35550594,35551032,35555102,35567017,35584038,35593447,35606578,35628248,35645931,35646348,35649847,35651876,35655010,35655749,35665186,35667570,35668519,35672736,",0,NBEA
XM_017020545.2,chr13,+,34942269,35672736,58,"34942269,35040932,35044946,35045305,35048562,35050268,35056009,35058716,35069907,35070718,35098296,35109289,35110809,35117413,35118227,35118376,35123481,35142268,35155773,35156082,35157077,35159015,35161749,35164355,35168986,35171271,35173463,35176995,35182359,35183975,35195863,35208699,35211052,35232491,35290388,35309527,35349107,35352156,35432268,35452091,35472399,35550476,35550929,35554986,35566904,35583897,35593327,35606425,35628080,35646258,35649654,35651804,35654854,35655578,35665084,35667373,35668367,35670900,","34943114,35041164,35045047,35045401,35048684,35050395,35056129,35058863,35070105,35070852,35098405,35109442,35110978,35117493,35118290,35118474,35123574,35142377,35155855,35156206,35157270,35160032,35161967,35164509,35168995,35171452,35173594,35177103,35182528,35184071,35196302,35208836,35211179,35232619,35290450,35309592,35349216,35352323,35432393,35452235,35472536,35550594,35551032,35555102,35567017,35584038,35593447,35606578,35628248,35646348,35649847,35651876,35655010,35655749,35665186,35667570,35668519,35672736,",0,NBEA
XM_017020544.2,chr13,+,34942269,35672736,59,"34942269,35040932,35044946,35045305,35048562,35050268,35056009,35058716,35069907,35070718,35098296,35109289,35110809,35117413,35118227,35118376,35123481,35142268,35155773,35156082,35157077,35159015,35161749,35164355,35168986,35171271,35173463,35176995,35182359,35183975,35195863,35208699,35211052,35232491,35290388,35309527,35349107,35352156,35432268,35452091,35472399,35550476,35550929,35554986,35566904,35583897,35593327,35606425,35628080,35645868,35646258,35649654,35651804,35654854,35655578,35665084,35667373,35668367,35670900,","34943114,35041164,35045047,35045401,35048684,35050395,35056129,35058863,35070105,35070852,35098405,35109442,35110978,35117493,35118290,35118474,35123574,35142377,35155855,35156206,35157270,35160032,35161967,35164509,35168995,35171452,35173594,35177103,35182528,35184071,35196302,35208836,35211179,35232619,35290450,35309592,35349216,35352323,35432393,35452235,35472536,35550594,35551032,35555102,35567017,35584038,35593447,35606578,35628248,35645931,35646348,35649847,35651876,35655010,35655749,35665186,35667570,35668519,35672736,",0,NBEA
XM_005266346.5,chr13,+,34942269,35672736,58,"34942269,35040932,35044946,35045305,35048562,35050268,35056009,35058716,35069907,35070718,35098296,35109289,35110809,35117413,35118227,35118376,35123481,35142268,35155773,35156082,35157077,35159015,35161749,35164355,35168986,35171271,35173463,35176995,35182359,35183975,35195863,35208699,35211052,35232491,35290388,35309527,35349107,35352156,35432268,35452091,35472399,35550476,35550929,35554986,35566904,35583897,35593327,35606425,35628080,35646258,35649669,35651804,35654854,35655578,35665084,35667373,35668367,35670900,","34943114,35041164,35045047,35045401,35048684,35050395,35056129,35058863,35070105,35070852,35098405,35109442,35110978,35117493,35118290,35118474,35123574,35142377,35155855,35156206,35157270,35160032,35161967,35164509,35168995,35171452,35173594,35177103,35182528,35184071,35196302,35208854,35211179,35232619,35290450,35309592,35349216,35352323,35432393,35452235,35472536,35550594,35551032,35555102,35567017,35584038,35593447,35606578,35628248,35646348,35649847,35651876,35655010,35655749,35665186,35667570,35668519,35672736,",0,NBEA
NM_015678.5,chr13,+,34942269,35672736,58,"34942269,35040932,35044946,35045305,35048562,35050268,35056009,35058716,35069907,35070718,35098296,35109289,35110809,35117413,35118227,35118376,35123481,35142268,35155773,35156082,35157077,35159015,35161749,35164355,35168986,35171271,35173463,35176995,35182359,35183975,35195863,35208699,35211052,35232491,35290388,35309527,35349107,35352156,35432268,35452091,35472399,35550476,35550929,35554986,35566904,35583897,35593327,35606425,35628080,35646258,35649654,35651804,35654854,35655578,35665084,35667373,35668367,35670900,","34943114,35041164,35045047,35045401,35048684,35050395,35056129,35058863,35070105,35070852,35098405,35109442,35110978,35117493,35118290,35118474,35123574,35142377,35155855,35156206,35157270,35160032,35161967,35164509,35168995,35171452,35173594,35177103,35182528,35184071,35196302,35208854,35211179,35232619,35290450,35309592,35349216,35352323,35432393,35452235,35472536,35550594,35551032,35555102,35567017,35584038,35593447,35606578,35628248,35646348,35649847,35651876,35655010,35655749,35665186,35667570,35668519,35672736,",0,NBEA
XM_006719803.4,chr13,+,34942269,35672736,59,"34942269,35040932,35044946,35045305,35048562,35050268,35056009,35058716,35069907,35070718,35098296,35109289,35110809,35117413,35118227,35118376,35123481,35142268,35155773,35156082,35157077,35159015,35161749,35164355,35168986,35171271,35173463,35176995,35182359,35183975,35195863,35208699,35211052,35232491,35290388,35309527,35349107,35352156,35432268,35452091,35472399,35550476,35550929,35554986,35566904,35583897,35593327,35606425,35628080,35645868,35646258,35649669,35651804,35654854,35655578,35665084,35667373,35668367,35670900,","34943114,35041164,35045047,35045401,35048684,35050395,35056129,35058863,35070105,35070852,35098405,35109442,35110978,35117493,35118290,35118474,35123574,35142377,35155855,35156206,35157270,35160032,35161967,35164509,35168995,35171452,35173594,35177103,35182528,35184071,35196302,35208854,35211179,35232619,35290450,35309592,35349216,35352323,35432393,35452235,35472536,35550594,35551032,35555102,35567017,35584038,35593447,35606578,35628248,35645931,35646348,35649847,35651876,35655010,35655749,35665186,35667570,35668519,35672736,",0,NBEA
NM_001385012.1,chr13,+,34942269,35672736,59,"34942269,35040932,35044946,35045305,35048562,35050268,35056009,35058716,35069907,35070718,35098296,35109289,35110809,35117413,35118227,35118376,35123481,35142268,35155773,35156082,35157077,35159015,35161749,35164355,35168986,35171271,35173463,35176995,35182359,35183975,35195863,35208699,35211052,35232491,35290388,35309527,35349107,35352156,35432268,35452091,35472399,35550476,35550929,35554986,35566904,35583897,35593327,35606425,35628080,35645868,35646258,35649654,35651804,35654854,35655578,35665084,35667373,35668367,35670900,","34943114,35041164,35045047,35045401,35048684,35050395,35056129,35058863,35070105,35070852,35098405,35109442,35110978,35117493,35118290,35118474,35123574,35142377,35155855,35156206,35157270,35160032,35161967,35164509,35168995,35171452,35173594,35177103,35182528,35184071,35196302,35208854,35211179,35232619,35290450,35309592,35349216,35352323,35432393,35452235,35472536,35550594,35551032,35555102,35567017,35584038,35593447,35606578,35628248,35645931,35646348,35649847,35651876,35655010,35655749,35665186,35667570,35668519,35672736,",0,NBEA
XM_047430271.1,chr13,+,34942269,35672736,60,"34942269,34962733,35040932,35044946,35045305,35048562,35050268,35056009,35058716,35069907,35070718,35098296,35109289,35110809,35117413,35118227,35118376,35123481,35142268,35155773,35156082,35157077,35159015,35161749,35164355,35168986,35171271,35173463,35176995,35182359,35183975,35195863,35208699,35211052,35232491,35290388,35309527,35349107,35352156,35432268,35452091,35472399,35550476,35550929,35554986,35566904,35583897,35593327,35606425,35628080,35645868,35646258,35649654,35651804,35654854,35655578,35665084,35667373,35668367,35670900,","34943114,34962855,35041164,35045047,35045401,35048684,35050395,35056129,35058863,35070105,35070852,35098405,35109442,35110978,35117493,35118290,35118474,35123574,35142377,35155855,35156206,35157270,35160032,35161967,35164509,35168995,35171452,35173594,35177103,35182528,35184071,35196302,35208854,35211179,35232619,35290450,35309592,35349216,35352323,35432393,35452235,35472536,35550594,35551032,35555102,35567017,35584038,35593447,35606578,35628248,35645931,35646348,35649847,35651876,35655010,35655749,35665186,35667570,35668519,35672736,",0,NBEA
XM_011535046.2,chr13,+,35070722,35672736,51,"35070722,35095995,35098296,35109289,35110809,35117413,35118227,35118376,35123481,35142268,35155773,35156082,35157077,35159015,35161749,35164355,35168986,35171271,35173463,35176995,35182359,35183975,35195863,35208699,35211052,35232491,35290388,35309527,35349107,35352156,35432268,35452091,35472399,35550476,35550929,35554986,35566904,35583897,35593327,35606425,35628080,35645868,35646258,35649654,35651804,35654854,35655578,35665084,35667373,35668367,35670900,","35070852,35096101,35098405,35109442,35110978,35117493,35118290,35118474,35123574,35142377,35155855,35156206,35157270,35160032,35161967,35164509,35168995,35171452,35173594,35177103,35182528,35184071,35196302,35208854,35211179,35232619,35290450,35309592,35349216,35352323,35432393,35452235,35472536,35550594,35551032,35555102,35567017,35584038,35593447,35606578,35628248,35645931,35646348,35649847,35651876,35655010,35655749,35665186,35667570,35668519,35672736,",0,NBEA
XM_047430272.1,chr13,+,35471199,35672736,19,"35471199,35472399,35550476,35550929,35554986,35566904,35583897,35593327,35606425,35628080,35646258,35649654,35651804,35654854,35655578,35665084,35667373,35668367,35670900,","35471560,35472536,35550594,35551032,35555102,35567017,35584038,35593447,35606578,35628248,35646348,35649847,35651876,35655010,35655749,35665186,35667570,35668519,35672736,",0,NBEA
NM_001204197.3,chr13,+,35476808,35672736,18,"35476808,35550476,35550929,35554986,35566904,35583897,35593327,35606425,35628080,35646258,35649654,35651804,35654854,35655578,35665084,35667373,35668367,35670900,","35476837,35550594,35551032,35555102,35567017,35584038,35593447,35606578,35628248,35646348,35649847,35651876,35655010,35655749,35665186,35667570,35668519,35672736,",0,NBEA
XM_047430216.1,chr13,-,28003273,28057425,22,"28003273,28014451,28015156,28015589,28018466,28023349,28024860,28027087,28028177,28033886,28034081,28034300,28035494,28035934,28037184,28048274,28049383,28049634,28050094,28052544,28052831,28057346,","28004174,28014557,28015256,28015701,28018589,28023477,28024943,28027241,28028288,28033991,28034214,28034407,28035673,28036043,28037288,28048443,28049537,28049774,28050222,28052674,28052923,28057425,",0,FLT3
XM_017020488.2,chr13,-,28003273,28057428,20,"28003273,28014451,28015156,28015589,28018466,28023349,28024860,28027087,28028177,28033886,28034081,28034300,28035494,28035934,28037184,28048274,28049383,28049634,28050094,28057346,","28004174,28014557,28015256,28015701,28018589,28023477,28024943,28027241,28028288,28033991,28034214,28034407,28035673,28036043,28037288,28048443,28049461,28049774,28050222,28057428,",0,FLT3
XM_011535018.3,chr13,-,28003273,28057432,21,"28003273,28014451,28015156,28015589,28018466,28023349,28024860,28027087,28028177,28033886,28034081,28034300,28035494,28035934,28037184,28048274,28049383,28049634,28050094,28052544,28057359,","28004174,28014557,28015256,28015701,28018589,28023477,28024943,28027241,28028288,28033991,28034214,28034407,28035673,28036043,28037288,28048443,28049537,28049774,28050222,28052674,28057432,",0,FLT3
XM_011535015.3,chr13,-,28003273,28071798,24,"28003273,28014451,28015156,28015589,28018466,28023349,28024860,28027087,28028177,28033886,28034081,28034300,28035494,28035934,28037184,28048274,28049383,28049634,28050094,28052544,28057346,28061866,28070490,28071673,","28004174,28014557,28015256,28015701,28018589,28023477,28024943,28027241,28028288,28033991,28034214,28034407,28035673,28036043,28037288,28048443,28049537,28049774,28050222,28052674,28057462,28062069,28070612,28071798,",0,FLT3
NM_004119.3,chr13,-,28003273,28100576,24,"28003273,28014451,28015156,28015589,28018466,28023349,28024860,28027087,28028177,28033886,28034081,28034300,28035494,28035934,28037184,28048274,28049383,28049634,28050094,28052544,28057346,28061866,28070490,28100467,","28004174,28014557,28015256,28015701,28018589,28023477,28024943,28027241,28028288,28033991,28034214,28034407,28035673,28036043,28037288,28048443,28049537,28049774,28050222,28052674,28057462,28062069,28070612,28100576,",0,FLT3
XM_017020486.2,chr13,-,28003273,28100576,23,"28003273,28014451,28015156,28015589,28018466,28023349,28024860,28027087,28028177,28033886,28034081,28034300,28035494,28035934,28037184,28048274,28049383,28050094,28052544,28057346,28061866,28070490,28100467,","28004174,28014557,28015256,28015701,28018589,28023477,28024943,28027241,28028288,28033991,28034214,28034407,28035673,28036043,28037288,28048443,28049461,28050222,28052674,28057462,28062069,28070612,28100576,",0,FLT3
NR_130706.2,chr13,-,28003273,28100576,25,"28003273,28014451,28015156,28015589,28018466,28023349,28024860,28025283,28027087,28028177,28033886,28034081,28034300,28035494,28035934,28037184,28048274,28049383,28049634,28050094,28052544,28057346,28061866,28070490,28100467,","28004174,28014557,28015256,28015701,28018589,28023477,28024943,28025415,28027241,28028288,28033991,28034214,28034407,28035673,28036043,28037288,28048443,28049537,28049774,28050222,28052674,28057462,28062069,28070612,28100576,",0,FLT3
NM_001432077.1,chr13,+,32315076,32400268,27,"32315076,32316421,32319076,32325075,32326100,32326241,32326498,32329442,32330918,32332271,32336264,32344557,32346826,32354860,32356427,32357741,32362522,32363178,32370401,32370955,32376669,32379316,32379749,32380006,32394688,32396897,32398161,","32315145,32316527,32319325,32325184,32326150,32326282,32326613,32329492,32331030,32333387,32341196,32344653,32346896,32355288,32356609,32357929,32362693,32363533,32370557,32371100,32376791,32379515,32379913,32380145,32394933,32397044,32400268,",0,BRCA2
NM_001406722.1,chr13,+,32315507,32400268,24,"32315507,32319076,32325075,32326100,32326241,32326498,32329442,32330918,32344557,32346826,32354860,32356427,32357741,32362522,32363178,32370401,32370955,32376669,32379316,32379749,32380006,32394688,32396897,32398161,","32315667,32319325,32325184,32326150,32326282,32326613,32329492,32331030,32344653,32346896,32355288,32356609,32357929,32362693,32363533,32370557,32371100,32376791,32379515,32379913,32380145,32394933,32397044,32400268,",0,BRCA2
NM_001406721.1,chr13,+,32315507,32400268,26,"32315507,32316421,32319076,32325075,32326100,32326241,32326498,32329442,32330918,32332271,32344557,32346826,32354860,32356427,32357741,32362522,32363178,32370401,32370955,32376669,32379316,32379749,32380006,32394688,32396897,32398161,","32315667,32316527,32319325,32325184,32326150,32326282,32326613,32329492,32331030,32333387,32344653,32346896,32355288,32356609,32357929,32362693,32363533,32370557,32371100,32376791,32379515,32379913,32380145,32394933,32397044,32400268,",0,BRCA2
NM_001406719.1,chr13,+,32315507,32400268,26,"32315507,32316421,32319076,32325075,32326100,32326241,32326498,32329442,32330918,32332271,32336264,32346826,32354860,32356427,32357741,32362522,32363178,32370401,32370955,32376669,32379316,32379749,32380006,32394688,32396897,32398161,","32315667,32316527,32319325,32325184,32326150,32326282,32326613,32329492,32331030,32333387,32341196,32346896,32355288,32356609,32357929,32362693,32363533,32370557,32371100,32376791,32379515,32379913,32380145,32394933,32397044,32400268,",0,BRCA2
NM_001406720.1,chr13,+,32315507,32400268,27,"32315507,32316421,32319076,32325075,32326100,32326241,32326498,32329442,32330918,32332271,32336264,32344557,32346826,32354860,32356427,32357741,32362522,32363178,32370401,32370955,32376669,32379316,32379800,32380006,32394688,32396897,32398161,","32315667,32316527,32319325,32325184,32326150,32326282,32326613,32329492,32331030,32333387,32341196,32344653,32346896,32355288,32356609,32357929,32362693,32363533,32370557,32371100,32376791,32379515,32379913,32380145,32394933,32397044,32400268,",0,BRCA2
NM_000059.4,chr13,+,32315507,32400268,27,"32315507,32316421,32319076,32325075,32326100,32326241,32326498,32329442,32330918,32332271,32336264,32344557,32346826,32354860,32356427,32357741,32362522,32363178,32370401,32370955,32376669,32379316,32379749,32380006,32394688,32396897,32398161,","32315667,32316527,32319325,32325184,32326150,32326282,32326613,32329492,32331030,32333387,32341196,32344653,32346896,32355288,32356609,32357929,32362693,32363533,32370557,32371100,32376791,32379515,32379913,32380145,32394933,32397044,32400268,",0,BRCA2
NR_176251.1,chr13,+,32315507,32400268,28,"32315507,32316421,32319076,32325075,32326100,32326241,32326498,32329442,32330918,32332271,32336264,32344557,32346826,32354860,32356427,32357741,32362522,32363178,32370401,32370955,32375342,32376669,32379316,32379749,32380006,32394688,32396897,32398161,","32315667,32316527,32319325,32325184,32326150,32326282,32326613,32329492,32331030,32333387,32341196,32344653,32346896,32355288,32356609,32357929,32362693,32363533,32370557,32371100,32375406,32376791,32379515,32379913,32380145,32394933,32397044,32400268,",0,BRCA2
XM_011535047.3,chr13,+,34942269,35589633,47,"34942269,35040932,35044946,35045305,35048562,35050268,35056009,35058716,35069907,35070718,35098296,35109289,35110809,35117413,35118227,35118376,35123481,35142268,35155773,35156082,35157077,35159015,35161749,35164355,35168986,35171271,35173463,35176995,35182359,35183975,35195863,35208699,35211052,35232491,35290388,35309527,35349107,35352156,35432268,35452091,35472399,35550476,35550929,35554986,35566904,35583897,35589485,","34943114,35041164,35045047,35045401,35048684,35050395,35056129,35058863,35070105,35070852,35098405,35109442,35110978,35117493,35118290,35118474,35123574,35142377,35155855,35156206,35157270,35160032,35161967,35164509,35168995,35171452,35173594,35177103,35182528,35184071,35196302,35208854,35211179,35232619,35290450,35309592,35349216,35352323,35432393,35452235,35472536,35550594,35551032,35555102,35567017,35584038,35589633,",0,NBEA
NM_005163.2,chr14,-,104769348,104793601,14,"104769348,104770744,104772364,104772877,104773250,104773454,104773911,104774937,104775075,104775651,104776658,104780087,104792597,104793126,","104770420,104770847,104772452,104773092,104773379,104773580,104773980,104775003,104775207,104775799,104776770,104780216,104792722,104793601,",0,AKT1
NM_001014431.2,chr14,-,104769348,104795748,14,"104769348,104770744,104772364,104772877,104773250,104773454,104773911,104774937,104775075,104775651,104776658,104780087,104792597,104795483,","104770420,104770847,104772452,104773092,104773379,104773580,104773980,104775003,104775207,104775799,104776770,104780216,104792722,104795748,",0,AKT1
NM_001014432.2,chr14,-,104769348,104795748,15,"104769348,104770744,104772364,104772877,104773250,104773454,104773911,104774937,104775075,104775651,104776658,104780087,104792597,104793126,104795483,","104770420,104770847,104772452,104773092,104773379,104773580,104773980,104775003,104775207,104775799,104776770,104780216,104792722,104793210,104795748,",0,AKT1
XM_047431070.1,chr14,-,104769348,104795089,15,"104769348,104770744,104772364,104772877,104773250,104773454,104773911,104774937,104775075,104775651,104776658,104780087,104792597,104793126,104794118,","104770420,104770847,104772452,104773092,104773379,104773580,104773980,104775003,104775207,104775799,104776770,104780216,104792722,104793210,104795089,",0,AKT1
XM_047431069.1,chr14,-,104769348,104795207,15,"104769348,104770744,104772364,104772877,104773250,104773454,104773911,104774937,104775075,104775651,104776658,104780087,104792597,104793126,104794118,","104770420,104770847,104772452,104773092,104773379,104773580,104773980,104775003,104775207,104775799,104776770,104780216,104792722,104793304,104795207,",0,AKT1
XM_047431071.1,chr14,-,104769348,104795090,14,"104769348,104770744,104772364,104772877,104773250,104773454,104773911,104774937,104775075,104775651,104776658,104780087,104792597,104794118,","104770420,104770847,104772452,104773092,104773379,104773580,104773980,104775003,104775207,104775799,104776770,104780216,104792722,104795090,",0,AKT1
XM_047431072.1,chr14,-,104769348,104795089,16,"104769348,104770744,104772364,104772877,104773250,104773454,104773911,104774937,104775075,104775651,104776658,104780087,104792597,104793126,104794118,104794564,","104770420,104770847,104772452,104773092,104773379,104773580,104773980,104775003,104775207,104775799,104776770,104780216,104792722,104793210,104794261,104795089,",0,AKT1
XM_047431073.1,chr14,-,104769348,104795039,15,"104769348,104770744,104772364,104772877,104773250,104773454,104773911,104774937,104775075,104775651,104776658,104780087,104792597,104793126,104795010,","104770420,104770847,104772452,104773092,104773379,104773580,104773980,104775003,104775207,104775799,104776770,104780216,104792722,104794261,104795039,",0,AKT1
XM_047431074.1,chr14,-,104769348,104795748,15,"104769348,104770744,104772364,104772877,104773250,104773454,104773911,104774937,104775075,104775651,104776658,104780087,104792597,104793126,104795483,","104770420,104770847,104772452,104773092,104773379,104773580,104773980,104775003,104775207,104775799,104776770,104780216,104792722,104794261,104795748,",0,AKT1
XM_047431075.1,chr14,-,104769348,104795748,16,"104769348,104770744,104772364,104772877,104773250,104773454,104773911,104774937,104775075,104775651,104776658,104780087,104792597,104793126,104794118,104795483,","104770420,104770847,104772452,104773092,104773379,104773580,104773980,104775003,104775207,104775799,104776770,104780216,104792722,104793304,104794261,104795748,",0,AKT1
NM_001382430.1,chr14,-,104769348,104795748,15,"104769348,104770744,104772364,104772877,104773250,104773454,104773911,104774937,104775075,104775651,104776658,104780087,104792597,104793126,104795483,","104770420,104770847,104772452,104773092,104773379,104773580,104773980,104775003,104775207,104775799,104776770,104780216,104792722,104793304,104795748,",0,AKT1
NM_001382431.1,chr14,-,104769348,104795748,15,"104769348,104770744,104772364,104772877,104773250,104773454,104773911,104774937,104775075,104775651,104776658,104780087,104792597,104794118,104795483,","104770420,104770847,104772452,104773092,104773379,104773580,104773980,104775003,104775207,104775799,104776770,104780216,104792722,104794261,104795748,",0,AKT1
NM_001382432.1,chr14,-,104769348,104795748,16,"104769348,104770744,104772364,104772877,104773250,104773454,104773911,104774937,104775075,104775651,104776658,104780087,104792597,104793126,104794118,104795483,","104770420,104770847,104772452,104773092,104773379,104773580,104773980,104775003,104775207,104775799,104776770,104780216,104792722,104793210,104794261,104795748,",0,AKT1
NM_001382433.1,chr14,-,104769348,104795748,16,"104769348,104770744,104772364,104772877,104773250,104773454,104773911,104774937,104775075,104775651,104776658,104780087,104792597,104793126,104794143,104795483,","104770420,104770847,104772452,104773092,104773379,104773580,104773980,104775003,104775207,104775799,104776770,104780216,104792722,104793304,104794261,104795748,",0,AKT1
XM_047432442.1,chr15,+,98665239,98964530,22,"98665239,98707561,98891324,98896756,98899476,98908684,98911314,98913043,98915963,98916671,98922147,98923875,98924524,98929560,98930234,98934823,98935315,98939200,98942922,98948573,98957060,98957962,","98665881,98708107,98891637,98896905,98899621,98908899,98911441,98913282,98916131,98916876,98922431,98924012,98924684,98929660,98930305,98935053,98935426,98939360,98943052,98948708,98957476,98964530,",0,IGF1R
XM_047432443.1,chr15,+,98648538,98964530,22,"98648538,98707561,98891324,98896756,98899476,98908684,98911314,98913043,98915963,98916671,98922147,98923875,98924524,98929557,98930234,98934823,98935315,98939200,98942922,98948573,98957060,98957962,","98649675,98708107,98891637,98896905,98899621,98908899,98911441,98913282,98916131,98916876,98922431,98924012,98924684,98929660,98930305,98935053,98935426,98939360,98943052,98948708,98957476,98964530,",0,IGF1R
XM_047432444.1,chr15,+,98648538,98964530,22,"98648538,98707561,98891324,98896756,98899476,98908684,98911314,98913043,98915963,98916671,98922147,98923875,98924524,98929560,98930234,98934823,98935315,98939200,98942922,98948573,98957060,98957962,","98649675,98708107,98891637,98896905,98899621,98908899,98911441,98913282,98916131,98916876,98922431,98924012,98924684,98929660,98930305,98935053,98935426,98939360,98943052,98948708,98957476,98964530,",0,IGF1R
XM_047432445.1,chr15,+,98650840,98964530,21,"98650840,98707561,98891324,98896756,98899476,98908684,98911314,98913043,98915963,98916671,98922147,98923875,98924524,98929557,98930234,98934823,98935315,98939200,98942922,98948573,98957060,","98650950,98708107,98891637,98896905,98899621,98908899,98911441,98913282,98916131,98916876,98922431,98924012,98924684,98929660,98930305,98935053,98935426,98939360,98943052,98948708,98964530,",0,IGF1R
XM_005254375.4,chr15,-,48823740,48946731,12,"48823740,48834768,48843408,48851187,48855952,48857691,48867817,48872088,48884247,48890747,48924878,48946559,","48826126,48835022,48843588,48851248,48856124,48857815,48867869,48872142,48884367,48890811,48924949,48946731,",0,SHC4
XM_047432492.1,chr15,-,48823740,48878042,9,"48823740,48834768,48843408,48851187,48855952,48857691,48867817,48872088,48877567,","48826126,48835022,48843588,48851248,48856124,48857815,48867869,48872142,48878042,",0,SHC4
XM_047432493.1,chr15,-,48823740,48878042,10,"48823740,48834768,48843408,48851187,48855952,48857691,48867817,48872088,48877567,48877921,","48826126,48835022,48843588,48851248,48856124,48857815,48867869,48872142,48877636,48878042,",0,SHC4
XM_047432602.1,chr15,-,87977363,88256739,14,"87977363,87981225,88032856,88126270,88127161,88135100,88135898,88136466,88137403,88147334,88183417,88184224,88255905,88256643,","87979463,87981360,88033045,88126373,88127226,88135397,88136040,88136609,88137561,88147403,88183489,88184299,88256486,88256739,",0,NTRK3
XM_047432603.1,chr15,-,87977363,88256739,13,"87977363,88032856,88126270,88127161,88135100,88135898,88136466,88137403,88147334,88183417,88184224,88255905,88256643,","87979463,88033045,88126373,88127226,88135397,88136040,88136609,88137561,88147403,88183489,88184299,88256486,88256739,",0,NTRK3
XM_047432604.1,chr15,-,88072600,88256179,11,"88072600,88126270,88127161,88135100,88135898,88136466,88137403,88147334,88183417,88184224,88255905,","88072907,88126373,88127226,88135397,88136040,88136609,88137561,88147403,88183489,88184299,88256179,",0,NTRK3
NM_001290114.2,chr15,-,90083044,90102468,9,"90083044,90084815,90085000,90085274,90087111,90087438,90088358,90088586,90102275,","90084353,90084908,90085098,90085387,90087263,90087575,90088502,90088747,90102468,",0,IDH2
XM_011521516.3,chr15,+,98853932,98964530,20,"98853932,98891324,98896756,98899476,98908684,98911314,98913043,98915963,98916671,98922147,98923875,98924524,98929557,98930234,98934823,98935315,98939200,98942922,98948573,98957060,","98890468,98891637,98896905,98899621,98908899,98911441,98913282,98916131,98916876,98922431,98924012,98924684,98929660,98930305,98935053,98935426,98939360,98943052,98948708,98964530,",0,IGF1R
XM_011521517.3,chr15,+,98899939,98964530,17,"98899939,98908684,98911314,98913043,98915963,98916671,98922147,98923875,98924524,98929557,98930234,98934823,98935315,98939200,98942922,98948573,98957060,","98900763,98908899,98911441,98913282,98916131,98916876,98922431,98924012,98924684,98929660,98930305,98935053,98935426,98939360,98943052,98948708,98964530,",0,IGF1R
XM_011521638.4,chr15,-,88072423,88256179,12,"88072423,88126270,88127161,88128710,88135100,88135898,88136466,88137403,88147334,88183417,88184224,88255905,","88072907,88126373,88127226,88128734,88135397,88136040,88136609,88137561,88147403,88183489,88184299,88256179,",0,NTRK3
NM_001320134.1,chr15,-,87977363,88256169,13,"87977363,88032856,88126270,88127161,88128710,88135100,88135898,88136466,88137403,88147334,88183417,88184224,88255905,","87979463,88033045,88126373,88127226,88128734,88135397,88136040,88136609,88137561,88147403,88183489,88184299,88256169,",0,NTRK3
NM_001320135.2,chr15,-,87916261,88205974,16,"87916261,87929190,87933011,87940622,88032856,88126270,88127161,88128710,88135100,88135898,88136466,88137403,88147334,88183417,88184224,88205819,","87916560,87929434,87933184,87940753,88033045,88126373,88127226,88128734,88135397,88136040,88136609,88137561,88147403,88183489,88184299,88205974,",0,NTRK3
NM_005154.5,chr15,+,50424404,50514421,20,"50424404,50439008,50441348,50449399,50458999,50462279,50465046,50471632,50476848,50477275,50481480,50484274,50489800,50490262,50492700,50494069,50495847,50497088,50498595,50498902,","50424514,50439177,50441493,50449485,50459162,50462322,50465191,50471795,50476993,50477499,50482065,50484361,50489881,50490525,50492913,50494280,50496084,50497231,50498728,50514421,",0,USP8
NM_000875.5,chr15,+,98648538,98964530,21,"98648538,98707561,98891324,98896756,98899476,98908684,98911314,98913043,98915963,98916671,98922147,98923875,98924524,98929557,98930234,98934823,98935315,98939200,98942922,98948573,98957060,","98649675,98708107,98891637,98896905,98899621,98908899,98911441,98913282,98916131,98916876,98922431,98924012,98924684,98929660,98930305,98935053,98935426,98939360,98943052,98948708,98964530,",0,IGF1R
NM_203349.4,chr15,-,48823740,48963919,12,"48823740,48834768,48843408,48851187,48855952,48857691,48867817,48872088,48884247,48890747,48924878,48962430,","48826126,48835022,48843588,48851248,48856124,48857815,48867869,48872142,48884367,48890811,48924949,48963919,",0,SHC4
XM_017022137.2,chr15,+,98664959,98964530,22,"98664959,98707561,98891324,98896756,98899476,98908684,98911314,98913043,98915963,98916671,98922147,98923875,98924524,98929557,98930234,98934823,98935315,98939200,98942922,98948573,98957060,98957962,","98665881,98708107,98891637,98896905,98899621,98908899,98911441,98913282,98916131,98916876,98922431,98924012,98924684,98929660,98930305,98935053,98935426,98939360,98943052,98948708,98957476,98964530,",0,IGF1R
NM_001289910.1,chr15,-,90083977,90100621,11,"90083977,90084815,90085000,90085274,90087111,90087438,90088358,90088586,90090478,90091552,90100575,","90084353,90084908,90085098,90085387,90087263,90087575,90088502,90088747,90090644,90091644,90100621,",0,IDH2
XM_017022240.2,chr15,-,87859750,88256739,18,"87859750,87880269,87929190,87933011,87940622,88032856,88126270,88127161,88128710,88135100,88135898,88136466,88137403,88147334,88183417,88184224,88255905,88256643,","87877120,87880428,87929434,87933184,87940753,88033045,88126373,88127226,88128734,88135397,88136040,88136609,88137561,88147403,88183489,88184299,88256486,88256739,",0,NTRK3
XM_017022241.2,chr15,-,87859750,88190259,17,"87859750,87880269,87929190,87933011,87940622,88032856,88126270,88127161,88128710,88135100,88135898,88136466,88137403,88147334,88183417,88184224,88190045,","87877120,87880428,87929434,87933184,87940753,88033045,88126373,88127226,88128734,88135397,88136040,88136609,88137561,88147403,88183489,88184299,88190259,",0,NTRK3
XM_017022242.3,chr15,-,87917027,88256179,16,"87917027,87929190,87933011,87940622,88032856,88126270,88127161,88128710,88135100,88135898,88136466,88137403,88147334,88183417,88184224,88255905,","87925664,87929434,87933184,87940753,88033045,88126373,88127226,88128734,88135397,88136040,88136609,88137561,88147403,88183489,88184299,88256179,",0,NTRK3
XM_017022243.2,chr15,-,87859750,88205974,17,"87859750,87880269,87929190,87933011,87940622,88032856,88126270,88127161,88128710,88135100,88135898,88136466,88137403,88147334,88183417,88184224,88205819,","87877120,87880428,87929434,87933184,87940753,88033045,88126373,88127226,88128734,88135397,88136040,88136609,88137561,88147403,88183489,88184299,88205974,",0,NTRK3
XM_017022244.3,chr15,-,87859750,88252614,17,"87859750,87880269,87929190,87933011,87940622,88032856,88126270,88127161,88128710,88135100,88135898,88136466,88137403,88147334,88183417,88184224,88252522,","87877120,87880428,87929434,87933184,87940753,88033045,88126373,88127226,88128734,88135397,88136040,88136609,88137561,88147403,88183489,88184299,88252614,",0,NTRK3
XM_017022245.3,chr15,-,87859750,88252614,18,"87859750,87880269,87929190,87933011,87940622,88032856,88126270,88127161,88128710,88135100,88135898,88136466,88137403,88147334,88183417,88184224,88235857,88252522,","87877120,87880428,87929434,87933184,87940753,88033045,88126373,88127226,88128734,88135397,88136040,88136609,88137561,88147403,88183489,88184299,88235912,88252614,",0,NTRK3
XM_017022250.3,chr15,-,88098497,88256179,12,"88098497,88126270,88127161,88128710,88135100,88135898,88136466,88137403,88147334,88183417,88184224,88255905,","88099305,88126373,88127226,88128734,88135397,88136040,88136609,88137561,88147403,88183489,88184299,88256179,",0,NTRK3
XM_017022251.3,chr15,-,87859750,88132583,10,"87859750,87880269,87929190,87933011,87940622,88032856,88126270,88127161,88128710,88131890,","87877120,87880428,87929434,87933184,87940753,88033045,88126373,88127226,88128734,88132583,",0,NTRK3
XM_017022252.3,chr15,-,87859750,88132583,9,"87859750,87880269,87929190,87933011,87940622,88032856,88126270,88127161,88131890,","87877120,87880428,87929434,87933184,87940753,88033045,88126373,88127226,88132583,",0,NTRK3
XM_017022254.3,chr15,-,87859750,88256179,18,"87859750,87880269,87908488,87929190,87933011,87940622,88032856,88126270,88127161,88128710,88135100,88135898,88136466,88137403,88147334,88183417,88184224,88255905,","87877120,87880428,87908563,87929434,87933184,87940753,88033045,88126373,88127226,88128734,88135397,88136040,88136609,88137561,88147403,88183489,88184299,88256179,",0,NTRK3
XM_024449934.2,chr15,-,87977363,88256739,15,"87977363,87981225,88032856,88126270,88127161,88128710,88135100,88135898,88136466,88137403,88147334,88183417,88184224,88255905,88256643,","87979463,87981360,88033045,88126373,88127226,88128734,88135397,88136040,88136609,88137561,88147403,88183489,88184299,88256486,88256739,",0,NTRK3
XM_024449935.2,chr15,-,88011213,88256179,13,"88011213,88032856,88126270,88127161,88128710,88135100,88135898,88136466,88137403,88147334,88183417,88184224,88255905,","88011306,88033045,88126373,88127226,88128734,88135397,88136040,88136609,88137561,88147403,88183489,88184299,88256179,",0,NTRK3
NM_002168.4,chr15,-,90083044,90102468,11,"90083044,90084815,90085000,90085274,90087111,90087438,90088358,90088586,90090478,90091552,90102275,","90084353,90084908,90085098,90085387,90087263,90087575,90088502,90088747,90090644,90091644,90102468,",0,IDH2
NM_001291858.2,chr15,+,98648538,98964530,21,"98648538,98707561,98891324,98896756,98899476,98908684,98911314,98913043,98915963,98916671,98922147,98923875,98924524,98929560,98930234,98934823,98935315,98939200,98942922,98948573,98957060,","98649675,98708107,98891637,98896905,98899621,98908899,98911441,98913282,98916131,98916876,98922431,98924012,98924684,98929660,98930305,98935053,98935426,98939360,98943052,98948708,98964530,",0,IGF1R
XM_006720545.5,chr15,-,87916261,88256179,16,"87916261,87929190,87933011,87940622,88032856,88126270,88127161,88128710,88135100,88135898,88136466,88137403,88147334,88183417,88184224,88255905,","87916560,87929434,87933184,87940753,88033045,88126373,88127226,88128734,88135397,88136040,88136609,88137561,88147403,88183489,88184299,88256179,",0,NTRK3
XM_006720548.5,chr15,-,88031285,88256739,14,"88031285,88032856,88126270,88127161,88128710,88135100,88135898,88136466,88137403,88147334,88183417,88184224,88255905,88256643,","88032079,88033045,88126373,88127226,88128734,88135397,88136040,88136609,88137561,88147403,88183489,88184299,88256486,88256739,",0,NTRK3
XM_006720550.5,chr15,-,88072423,88256179,11,"88072423,88126270,88127161,88135100,88135898,88136466,88137403,88147334,88183417,88184224,88255905,","88072599,88126373,88127226,88135397,88136040,88136609,88137561,88147403,88183489,88184299,88256179,",0,NTRK3
XM_006720549.5,chr15,-,88072423,88256179,12,"88072423,88126270,88127161,88128710,88135100,88135898,88136466,88137403,88147334,88183417,88184224,88255905,","88072599,88126373,88127226,88128734,88135397,88136040,88136609,88137561,88147403,88183489,88184299,88256179,",0,NTRK3
NM_001128610.3,chr15,+,50424404,50514421,20,"50424404,50439008,50441348,50449399,50458999,50462279,50465046,50471632,50476848,50477275,50481480,50484274,50489800,50490262,50492700,50494069,50495847,50497088,50498595,50498902,","50424654,50439177,50441493,50449485,50459162,50462322,50465191,50471795,50476993,50477499,50482065,50484361,50489881,50490525,50492913,50494280,50496084,50497231,50498728,50514421,",0,USP8
NM_001375810.1,chr15,-,87859750,88256179,18,"87859750,87880269,87885693,87929190,87933011,87940622,88032856,88126270,88127161,88128710,88135100,88135898,88136466,88137403,88147334,88183417,88184224,88255905,","87877120,87880428,87885735,87929434,87933184,87940753,88033045,88126373,88127226,88128734,88135397,88136040,88136609,88137561,88147403,88183489,88184299,88256179,",0,NTRK3
NM_001375811.1,chr15,-,87859750,88256179,17,"87859750,87880269,87929190,87933011,87940622,88032856,88126270,88127161,88128710,88135100,88135898,88136466,88137403,88147334,88183417,88184224,88255905,","87877120,87880428,87929434,87933184,87940753,88033045,88126373,88127226,88128734,88135397,88136040,88136609,88137561,88147403,88183489,88184299,88256179,",0,NTRK3
NM_001375812.1,chr15,-,87859750,88256179,16,"87859750,87880269,87929190,87933011,87940622,88032856,88126270,88127161,88135100,88135898,88136466,88137403,88147334,88183417,88184224,88255905,","87877120,87880428,87929434,87933184,87940753,88033045,88126373,88127226,88135397,88136040,88136609,88137561,88147403,88183489,88184299,88256179,",0,NTRK3
NM_001375813.1,chr15,-,87977363,88256179,14,"87977363,87981225,88032856,88126270,88127161,88128710,88135100,88135898,88136466,88137403,88147334,88183417,88184224,88255905,","87979463,87981360,88033045,88126373,88127226,88128734,88135397,88136040,88136609,88137561,88147403,88183489,88184299,88256179,",0,NTRK3
NM_001375814.1,chr15,-,87977363,88256179,13,"87977363,87981225,88032856,88126270,88127161,88135100,88135898,88136466,88137403,88147334,88183417,88184224,88255905,","87979463,87981360,88033045,88126373,88127226,88135397,88136040,88136609,88137561,88147403,88183489,88184299,88256179,",0,NTRK3
NM_002530.4,chr15,-,87859750,88256739,19,"87859750,87880269,87929190,87933011,87940622,88032856,88126270,88127161,88128710,88135100,88135898,88136466,88137403,88147334,88183417,88184224,88255905,88256283,88256643,","87877120,87880428,87929434,87933184,87940753,88033045,88126373,88127226,88128734,88135397,88136040,88136609,88137561,88147403,88183489,88184299,88256168,88256486,88256739,",0,NTRK3
NM_001243101.2,chr15,-,87859750,88256739,18,"87859750,87880269,87929190,87933011,87940622,88032856,88126270,88127161,88135100,88135898,88136466,88137403,88147334,88183417,88184224,88255905,88256283,88256643,","87877120,87880428,87929434,87933184,87940753,88033045,88126373,88127226,88135397,88136040,88136609,88137561,88147403,88183489,88184299,88256168,88256486,88256739,",0,NTRK3
XR_001751292.3,chr15,-,87859750,88256179,18,"87859750,87868325,87880269,87929190,87933011,87940622,88032856,88126270,88127161,88128710,88135100,88135898,88136466,88137403,88147334,88183417,88184224,88255905,","87864231,87877120,87880428,87929434,87933184,87940753,88033045,88126373,88127226,88128734,88135397,88136040,88136609,88137561,88147403,88183489,88184299,88256179,",0,NTRK3
XR_001751293.3,chr15,-,88098515,88256179,13,"88098515,88099002,88126270,88127161,88128710,88135100,88135898,88136466,88137403,88147334,88183417,88184224,88255905,","88098661,88099305,88126373,88127226,88128734,88135397,88136040,88136609,88137561,88147403,88183489,88184299,88256179,",0,NTRK3
NM_001283049.2,chr15,+,50424404,50514421,17,"50424404,50439008,50458999,50462279,50465046,50471632,50476848,50477275,50481480,50489800,50490262,50492700,50494069,50495847,50497088,50498595,50498902,","50424514,50439177,50459162,50462322,50465191,50471795,50476993,50477499,50482065,50489881,50490525,50492913,50494280,50496084,50497231,50498728,50514421,",0,USP8
XR_002957645.2,chr15,-,88098514,88256179,12,"88098514,88099002,88126270,88127161,88135100,88135898,88136466,88137403,88147334,88183417,88184224,88255905,","88098661,88099305,88126373,88127226,88135397,88136040,88136609,88137561,88147403,88183489,88184299,88256179,",0,NTRK3
NM_001012338.3,chr15,-,87859750,88256739,20,"87859750,87880269,87885693,87929190,87933011,87940622,88032856,88126270,88127161,88128710,88135100,88135898,88136466,88137403,88147334,88183417,88184224,88255905,88256283,88256643,","87877120,87880428,87885735,87929434,87933184,87940753,88033045,88126373,88127226,88128734,88135397,88136040,88136609,88137561,88147403,88183489,88184299,88256168,88256486,88256739,",0,NTRK3
NM_001007156.3,chr15,-,87977363,88256739,16,"87977363,87981225,88032856,88126270,88127161,88128710,88135100,88135898,88136466,88137403,88147334,88183417,88184224,88255905,88256283,88256643,","87979463,87981360,88033045,88126373,88127226,88128734,88135397,88136040,88136609,88137561,88147403,88183489,88184299,88256168,88256486,88256739,",0,NTRK3
NM_004380.3,chr16,-,3725053,3880713,31,"3725053,3731191,3731775,3736035,3736649,3738558,3739577,3740398,3744893,3745276,3749626,3751725,3757287,3757808,3758853,3767719,3769173,3770569,3773750,3774568,3777612,3778010,3778699,3780731,3781203,3782683,3791980,3793385,3810602,3850296,3879831,","3729874,3731473,3731937,3736203,3736815,3738672,3739724,3740549,3744961,3745354,3749683,3751806,3757376,3758048,3758972,3767909,3769353,3770986,3773930,3774693,3777657,3778182,3778817,3780878,3781306,3782926,3792094,3793626,3810779,3851009,3880713,",0,CREBBP
XR_007064926.1,chr16,-,88879429,88977207,11,"88879429,88880719,88881290,88882675,88885045,88885960,88891881,88892243,88898077,88901503,88976656,","88879460,88881148,88881489,88882761,88885269,88886142,88891971,88892485,88898152,88901656,88977207,",0,CBFA2T3
XR_243293.2,chr16,-,30114104,30123220,10,"30114104,30115594,30116635,30116893,30117153,30117669,30118046,30118348,30121823,30123039,","30114708,30115645,30116790,30117003,30117285,30117784,30118163,30118538,30122006,30123220,",0,MAPK3
XM_011545781.2,chr16,+,31180109,31194871,15,"31180109,31182397,31182512,31183857,31184208,31184938,31186801,31188324,31189122,31189664,31190039,31190274,31190741,31190962,31191398,","31180227,31182422,31182664,31184002,31184390,31185179,31186836,31188357,31189226,31189794,31190141,31190398,31190842,31191110,31194871,",0,FUS
XM_011545782.3,chr16,+,31184334,31194871,10,"31184334,31184938,31188324,31189122,31189664,31190039,31190274,31190741,31190962,31191398,","31184390,31185179,31188357,31189226,31189794,31190141,31190398,31190842,31191110,31194871,",0,FUS
NM_004960.4,chr16,+,31180138,31191605,15,"31180138,31182397,31182512,31183857,31184208,31184938,31186801,31188324,31189122,31189664,31190039,31190274,31190741,31190962,31191398,","31180227,31182422,31182664,31184002,31184396,31185179,31186836,31188357,31189226,31189794,31190141,31190398,31190842,31191110,31191605,",0,FUS
XM_024450221.2,chr16,+,31180109,31194871,15,"31180109,31182397,31182512,31183860,31184208,31184938,31186801,31188324,31189122,31189664,31190039,31190274,31190741,31190962,31191398,","31180227,31182422,31182664,31184002,31184390,31185179,31186836,31188357,31189226,31189794,31190141,31190398,31190842,31191110,31194871,",0,FUS
NM_005187.6,chr16,-,88874857,88977207,12,"88874857,88879269,88880719,88881290,88882675,88885045,88885960,88891881,88892243,88898077,88901503,88976656,","88877275,88879460,88880788,88881489,88882761,88885269,88886142,88891971,88892485,88898152,88901656,88977207,",0,CBFA2T3
XM_024450291.2,chr16,-,72782884,73048128,9,"72782884,72793254,72800026,72811576,72811904,72829778,72889730,72950468,73047751,","72788848,72798714,72800129,72811777,72812038,72829856,72889962,72950965,73048128,",0,ZFHX3
XM_005255124.5,chr16,-,3725053,3880713,30,"3725053,3731191,3731775,3736035,3736649,3738558,3739577,3740398,3744893,3745276,3749626,3751725,3757287,3757808,3758853,3767719,3769173,3770569,3773750,3774568,3778010,3778699,3780731,3781203,3782683,3791980,3793385,3810602,3850296,3879831,","3729874,3731473,3731937,3736203,3736815,3738672,3739724,3740549,3744961,3745354,3749683,3751806,3757376,3758048,3758972,3767909,3769353,3770986,3773930,3774693,3778182,3778817,3780878,3781306,3782926,3792094,3793626,3810779,3851009,3880713,",0,CREBBP
XM_005255125.5,chr16,-,3725053,3880713,30,"3725053,3731191,3731775,3736035,3736649,3738558,3739577,3740398,3744893,3745276,3749626,3751725,3757287,3757808,3758853,3767719,3769173,3773750,3774568,3777612,3778010,3778699,3780731,3781203,3782683,3791980,3793385,3810602,3850296,3879831,","3729874,3731473,3731937,3736203,3736815,3738672,3739724,3740549,3744961,3745354,3749683,3751806,3757376,3758048,3758972,3767909,3769353,3773930,3774693,3777657,3778182,3778817,3780878,3781306,3782926,3792094,3793626,3810779,3851009,3880713,",0,CREBBP
NM_001368707.1,chr16,+,67029148,67101058,5,"67029148,67029726,67066681,67082212,67098709,","67029485,67029813,67066798,67082308,67101058,",0,CBFB
NM_001368708.1,chr16,+,67029148,67101058,5,"67029148,67029726,67036638,67082212,67098709,","67029485,67029813,67036755,67082308,67101058,",0,CBFB
NM_001368710.1,chr16,+,67029148,67101058,5,"67029148,67029726,67036638,67082212,67098709,","67029485,67029813,67036755,67082339,67101058,",0,CBFB
NM_001368709.1,chr16,+,67029148,67101058,5,"67029148,67029726,67066681,67082212,67098709,","67029485,67029813,67066798,67082339,67101058,",0,CBFB
NM_000833.5,chr16,-,9753407,10182908,14,"9753407,9768850,9798276,9822263,9829422,9834104,9840646,9840935,9849755,9890985,9937958,10179997,10181876,10182653,","9764948,9769089,9798464,9822424,9829652,9834230,9840800,9841104,9849961,9891100,9938551,10180429,10182067,10182908,",0,GRIN2A
XM_011522381.3,chr16,-,3725053,3814455,30,"3725053,3731191,3731775,3736035,3736649,3738558,3739577,3740398,3744893,3745276,3749626,3751725,3757287,3757808,3758853,3767719,3769173,3770569,3773750,3774568,3777612,3778010,3778699,3780731,3781203,3782683,3791980,3793385,3810602,3812937,","3729874,3731473,3731937,3736203,3736815,3738672,3739724,3740549,3744961,3745354,3749683,3751806,3757376,3758048,3758972,3767909,3769353,3770986,3773930,3774693,3777657,3778182,3778817,3780878,3781306,3782926,3792094,3793626,3810779,3814455,",0,CREBBP
XM_011522382.4,chr16,-,3745476,3880713,22,"3745476,3749626,3751725,3757287,3757808,3758853,3767719,3769173,3770569,3773750,3774568,3777612,3778010,3778699,3780731,3781203,3782683,3791980,3793385,3810602,3850296,3879831,","3745595,3749683,3751806,3757376,3758048,3758972,3767909,3769353,3770986,3773930,3774693,3777657,3778182,3778817,3780878,3781306,3782926,3792094,3793626,3810779,3851009,3880713,",0,CREBBP
XM_047433624.1,chr16,-,3725053,3880713,30,"3725053,3731191,3731775,3736035,3736649,3738558,3739577,3740398,3744893,3745276,3749626,3751725,3757287,3757808,3758853,3767719,3769173,3770569,3773750,3774568,3778010,3778699,3780731,3781203,3782683,3791980,3793385,3810602,3850296,3879831,","3729874,3731473,3731937,3736203,3736815,3738672,3739724,3740549,3744961,3745354,3749683,3751806,3757376,3758048,3758972,3767909,3769353,3770980,3773930,3774693,3778182,3778817,3780878,3781306,3782926,3792094,3793626,3810779,3851009,3880713,",0,CREBBP
XM_047433625.1,chr16,-,3725053,3880713,29,"3725053,3731191,3731775,3736035,3736649,3738558,3739577,3740398,3744893,3745276,3749626,3751725,3757287,3757808,3758853,3767719,3769173,3770569,3773750,3774568,3778010,3778699,3780731,3781203,3782683,3793385,3810602,3850296,3879831,","3729874,3731473,3731937,3736203,3736815,3738672,3739724,3740549,3744961,3745354,3749683,3751806,3757376,3758048,3758972,3767909,3769353,3770986,3773930,3774693,3778182,3778817,3780878,3781306,3782926,3793626,3810779,3851009,3880713,",0,CREBBP
XM_047433993.1,chr16,-,9753407,10181692,13,"9753407,9768850,9798276,9822263,9829422,9834104,9840646,9840935,9849755,9890985,9937958,10179997,10181587,","9764948,9769089,9798464,9822424,9829652,9834230,9840800,9841104,9849961,9891100,9938551,10180429,10181692,",0,GRIN2A
XM_047433994.1,chr16,-,9753403,10181712,14,"9753403,9763771,9768850,9798276,9822263,9829422,9834104,9840646,9840935,9849755,9890985,9937958,10179997,10181587,","9763428,9764948,9769089,9798464,9822424,9829652,9834230,9840800,9841104,9849961,9891100,9938551,10180429,10181712,",0,GRIN2A
XM_047434165.1,chr16,-,72782884,72967919,10,"72782884,72793254,72800026,72811576,72811904,72829778,72889730,72950468,72957426,72966525,","72788848,72798714,72800129,72811777,72812038,72829859,72889962,72950965,72960194,72967919,",0,ZFHX3
XM_047434166.1,chr16,-,72782884,73093668,10,"72782884,72793254,72800026,72811576,72811904,72829778,72889730,72950468,72957426,73093234,","72788848,72798714,72800129,72811777,72812038,72829859,72889962,72950965,72960194,73093668,",0,ZFHX3
XM_047434167.1,chr16,-,72782884,72980544,10,"72782884,72793254,72800026,72811576,72811904,72829778,72889730,72950468,72957426,72978904,","72788848,72798714,72800129,72811777,72812038,72829859,72889962,72950965,72960194,72980544,",0,ZFHX3
XM_047434168.1,chr16,-,72782884,72967669,9,"72782884,72793254,72800026,72811576,72811904,72829778,72889730,72950468,72957426,","72788848,72798714,72800129,72811777,72812038,72829856,72889962,72950965,72967669,",0,ZFHX3
XM_047434169.1,chr16,-,72782884,72957402,9,"72782884,72793254,72800026,72811576,72811904,72829778,72889730,72950468,72957179,","72788848,72798714,72800129,72811777,72812038,72829859,72889962,72950965,72957402,",0,ZFHX3
NR_028388.2,chr16,+,31180109,31194871,14,"31180109,31182397,31182512,31183857,31184208,31184938,31188324,31189122,31189664,31190039,31190274,31190741,31190962,31191398,","31180227,31182422,31182664,31184002,31184396,31185179,31188357,31189226,31189794,31190141,31190398,31190842,31191110,31194871,",0,FUS
NM_001755.3,chr16,+,67029148,67101058,6,"67029148,67029726,67036638,67066681,67082212,67098709,","67029485,67029813,67036755,67066798,67082339,67101058,",0,CBFB
NM_001040056.3,chr16,-,30116836,30123220,7,"30116836,30117153,30117669,30118046,30118348,30121823,30123039,","30117003,30117285,30117784,30118163,30118538,30122006,30123220,",0,MAPK3
XM_017022944.2,chr16,-,3725053,3880713,31,"3725053,3731191,3731775,3736035,3736649,3738558,3739577,3740398,3744893,3745276,3749626,3751725,3757287,3757808,3758853,3767719,3769173,3770569,3773750,3774568,3777612,3778010,3778699,3780731,3781203,3782683,3791980,3793385,3810602,3850296,3879831,","3729874,3731473,3731937,3736203,3736815,3738672,3739724,3740549,3744961,3745354,3749683,3751806,3757376,3758048,3758972,3767909,3769353,3770980,3773930,3774693,3777657,3778182,3778817,3780878,3781306,3782926,3792094,3793626,3810779,3851009,3880713,",0,CREBBP
XM_005256323.6,chr16,-,88874857,88977207,11,"88874857,88879269,88880719,88881290,88882675,88885045,88885960,88891881,88892243,88901503,88976656,","88877275,88879460,88880788,88881489,88882761,88885269,88886142,88891971,88892485,88901656,88977207,",0,CBFA2T3
XM_017023172.2,chr16,-,9753407,10180622,12,"9753407,9768850,9798276,9822263,9829422,9834104,9840646,9840935,9849755,9890985,9937958,10179997,","9764948,9769089,9798464,9822424,9829652,9834230,9840800,9841104,9849961,9891100,9938551,10180622,",0,GRIN2A
XM_017023173.2,chr16,-,9753403,10180621,13,"9753403,9763771,9768850,9798276,9822263,9829422,9834104,9840646,9840935,9849755,9890985,9937958,10179997,","9763428,9764948,9769089,9798464,9822424,9829652,9834230,9840800,9841104,9849961,9891100,9938551,10180621,",0,GRIN2A
XM_017023251.3,chr16,-,72782884,73048128,9,"72782884,72793254,72800026,72811576,72811904,72829778,72889730,72950468,73047751,","72788848,72798714,72800129,72811777,72812038,72829859,72889962,72950965,73048128,",0,ZFHX3
XM_011523419.4,chr16,-,88877698,88977207,12,"88877698,88879269,88880719,88881290,88882675,88885045,88885960,88891881,88892243,88898077,88901503,88976656,","88878291,88879460,88880788,88881489,88882761,88885269,88886142,88891971,88892485,88898152,88901656,88977207,",0,CBFA2T3
XM_047434826.1,chr16,-,88874857,88977207,11,"88874857,88879269,88880719,88881290,88882675,88885045,88885960,88891881,88892243,88901503,88976656,","88878291,88879460,88880788,88881489,88882761,88885269,88886142,88891971,88892485,88901656,88977207,",0,CBFA2T3
NM_006885.4,chr16,-,72782884,73048128,10,"72782884,72793254,72800026,72811576,72811904,72829778,72889730,72950468,72957426,73047751,","72788848,72798714,72800129,72811777,72812038,72829859,72889962,72950965,72960194,73048128,",0,ZFHX3
XM_006720848.4,chr16,-,3725053,3880713,29,"3725053,3731191,3731775,3736035,3736649,3740398,3744893,3745276,3749626,3751725,3757287,3757808,3758853,3767719,3769173,3770569,3773750,3774568,3777612,3778010,3778699,3780731,3781203,3782683,3791980,3793385,3810602,3850296,3879831,","3729874,3731473,3731937,3736203,3736815,3740549,3744961,3745354,3749683,3751806,3757376,3758048,3758972,3767909,3769353,3770986,3773930,3774693,3777657,3778182,3778817,3780878,3781306,3782926,3792094,3793626,3810779,3851009,3880713,",0,CREBBP
NM_002661.5,chr16,+,81779290,81962685,33,"81779290,81785942,81854443,81858262,81859115,81869213,81870851,81880909,81883268,81889171,81891471,81893708,81895806,81900611,81905402,81907684,81908415,81910519,81912596,81919483,81921197,81923484,81927081,81928557,81931496,81934428,81936168,81937757,81938800,81939891,81946174,81956694,81957955,","81779424,81786182,81854587,81858356,81859163,81869298,81870935,81880953,81883341,81889273,81891590,81893794,81895927,81900780,81905507,81907774,81908591,81910720,81912716,81919664,81921269,81923594,81927178,81928624,81931654,81934531,81936378,81937903,81938915,81940059,81946263,81956879,81962685,",0,PLCG2
NM_002746.3,chr16,-,30114104,30123220,9,"30114104,30116635,30116893,30117153,30117669,30118046,30118348,30121823,30123039,","30114708,30116790,30117003,30117285,30117784,30118163,30118538,30122006,30123220,",0,MAPK3
NM_001134407.3,chr16,-,9753407,10182428,13,"9753407,9768850,9798276,9822263,9829422,9834104,9840646,9840935,9849755,9890985,9937958,10179997,10181876,","9764948,9769089,9798464,9822424,9829652,9834230,9840800,9841104,9849961,9891100,9938551,10180429,10182428,",0,GRIN2A
NM_001134408.2,chr16,-,9753403,10182067,14,"9753403,9763771,9768850,9798276,9822263,9829422,9834104,9840646,9840935,9849755,9890985,9937958,10179997,10181876,","9763428,9764948,9769089,9798464,9822424,9829652,9834230,9840800,9841104,9849961,9891100,9938551,10180429,10182067,",0,GRIN2A
NM_001425750.1,chr16,+,81739040,81958294,33,"81739040,81785942,81854443,81858262,81859115,81869213,81870851,81880909,81883268,81889171,81891471,81893708,81895806,81900611,81905402,81907684,81908415,81910519,81912596,81919483,81921197,81923484,81927081,81928557,81931496,81934428,81936168,81937757,81938800,81939891,81946174,81956694,81957955,","81739385,81786182,81854587,81858356,81859163,81869298,81870935,81880953,81883341,81889273,81891590,81893794,81895927,81900780,81905507,81907774,81908591,81910720,81912716,81919664,81921269,81923594,81927178,81928624,81931654,81934531,81936378,81937903,81938915,81940059,81946263,81956879,81958294,",0,PLCG2
NM_001425749.1,chr16,+,81739040,81958294,34,"81739040,81755869,81785942,81854443,81858262,81859115,81869213,81870851,81880909,81883268,81889171,81891471,81893708,81895806,81900611,81905402,81907684,81908415,81910519,81912596,81919483,81921197,81923484,81927081,81928557,81931496,81934428,81936168,81937757,81938800,81939891,81946174,81956694,81957955,","81739385,81755966,81786182,81854587,81858356,81859163,81869298,81870935,81880953,81883341,81889273,81891590,81893794,81895927,81900780,81905507,81907774,81908591,81910720,81912716,81919664,81921269,81923594,81927178,81928624,81931654,81934531,81936378,81937903,81938915,81940059,81946263,81956879,81958294,",0,PLCG2
NM_001425751.1,chr16,+,81739040,81958294,34,"81739040,81755869,81785942,81854443,81858262,81859115,81869213,81870851,81880909,81883268,81889171,81891471,81893708,81895806,81900611,81905402,81907684,81908415,81910519,81912596,81919483,81921197,81923484,81927081,81928557,81931496,81934428,81936168,81937757,81938800,81939891,81946174,81956694,81957955,","81739436,81755966,81786182,81854587,81858356,81859163,81869298,81870935,81880953,81883341,81889273,81891590,81893794,81895927,81900780,81905507,81907774,81908591,81910720,81912716,81919664,81921269,81923594,81927178,81928624,81931654,81934531,81936378,81937903,81938915,81940059,81946263,81956879,81958294,",0,PLCG2
NM_001317184.2,chr16,+,68737291,68835537,15,"68737291,68738296,68801669,68808423,68808692,68810196,68811683,68812134,68815514,68819279,68822000,68823398,68828173,68829653,68833289,","68737463,68738411,68801893,68808567,68808848,68810341,68811859,68812263,68815759,68819425,68822225,68823626,68828304,68829797,68835537,",0,CDH1
NM_001317185.2,chr16,+,68737291,68835537,16,"68737291,68738296,68801669,68808423,68808692,68810196,68811683,68812134,68813312,68815514,68819279,68822000,68823398,68828173,68829653,68833289,","68737463,68738411,68801893,68808567,68808848,68810341,68811859,68812263,68813562,68815759,68819425,68822225,68823626,68828304,68829797,68835537,",0,CDH1
NM_001317186.2,chr16,+,68737291,68835537,15,"68737291,68738296,68801669,68808423,68808692,68810196,68811683,68812134,68813312,68815514,68822000,68823398,68828173,68829653,68833289,","68737463,68738411,68801893,68808567,68808848,68810341,68811859,68812263,68813495,68815759,68822225,68823626,68828304,68829797,68835537,",0,CDH1
NM_022845.3,chr16,+,67029148,67101058,6,"67029148,67029726,67036638,67066681,67082212,67098709,","67029485,67029813,67036755,67066798,67082308,67101058,",0,CBFB
NM_001079846.1,chr16,-,3725053,3880120,30,"3725053,3731191,3731775,3736035,3736649,3738558,3739577,3740398,3744893,3745276,3749626,3751725,3757287,3757808,3758853,3767719,3769173,3770569,3773750,3774568,3777612,3778010,3778699,3780731,3781203,3782683,3793385,3810602,3850296,3879831,","3729874,3731473,3731937,3736203,3736815,3738672,3739724,3740549,3744961,3745354,3749683,3751806,3757376,3758048,3758972,3767909,3769353,3770986,3773930,3774693,3777657,3778182,3778817,3780878,3781306,3782926,3793626,3810779,3851009,3880120,",0,CREBBP
NR_163978.1,chr16,-,73126637,73144447,4,"73126637,73130967,73143751,73144309,","73127599,73131094,73143831,73144447,",0,ZFHX3
NM_175931.3,chr16,-,88874857,88941350,11,"88874857,88879269,88880719,88881290,88882675,88885045,88885960,88891881,88892243,88901503,88941019,","88877275,88879460,88880788,88881489,88882761,88885269,88886142,88891971,88892485,88901656,88941350,",0,CBFA2T3
NM_001386735.1,chr16,-,72782884,73891930,17,"72782884,72793254,72800026,72811576,72811904,72829778,72889730,72950468,72957426,73093234,73130967,73143751,73257046,73318239,73456002,73680179,73891650,","72788848,72798714,72800129,72811777,72812038,72829859,72889962,72950965,72960194,73093598,73131094,73143831,73257136,73318336,73456258,73680240,73891930,",0,ZFHX3
NM_001109891.2,chr16,-,30114104,30123220,8,"30114104,30116635,30116893,30117669,30118046,30118348,30121823,30123039,","30114708,30116790,30117003,30117784,30118163,30118538,30122006,30123220,",0,MAPK3
NM_001164766.2,chr16,-,72782884,73059021,9,"72782884,72793254,72800026,72811576,72811904,72829778,72889730,72950468,73058529,","72788848,72798714,72800129,72811777,72812038,72829859,72889962,72950965,73059021,",0,ZFHX3
NM_001170634.1,chr16,+,31180109,31194871,15,"31180109,31182397,31182512,31183860,31184208,31184938,31186801,31188324,31189122,31189664,31190039,31190274,31190741,31190962,31191398,","31180227,31182422,31182664,31184002,31184396,31185179,31186836,31188357,31189226,31189794,31190141,31190398,31190842,31191110,31194871,",0,FUS
NM_001170937.1,chr16,+,31180109,31194871,15,"31180109,31182397,31182512,31183857,31184208,31184938,31186801,31188324,31189122,31189664,31190039,31190274,31190741,31190962,31191398,","31180227,31182422,31182664,31184002,31184384,31185179,31186836,31188357,31189226,31189794,31190141,31190398,31190842,31191110,31194871,",0,FUS
NM_004360.5,chr16,+,68737291,68835537,16,"68737291,68738296,68801669,68808423,68808692,68810196,68811683,68812134,68813312,68815514,68819279,68822000,68823398,68828173,68829653,68833289,","68737463,68738411,68801893,68808567,68808848,68810341,68811859,68812263,68813495,68815759,68819425,68822225,68823626,68828304,68829797,68835537,",0,CDH1
NM_001126112.3,chr17,-,7668420,7687490,11,"7668420,7670608,7673534,7673700,7674180,7674858,7675052,7675993,7676381,7676520,7687376,","7669690,7670715,7673608,7673837,7674290,7674971,7675236,7676272,7676403,7676619,7687490,",0,TP53
NM_001126113.3,chr17,-,7668420,7687490,12,"7668420,7670608,7673206,7673534,7673700,7674180,7674858,7675052,7675993,7676381,7676520,7687376,","7669690,7670715,7673266,7673608,7673837,7674290,7674971,7675236,7676272,7676403,7676622,7687490,",0,TP53
NM_001126114.3,chr17,-,7668420,7687490,12,"7668420,7670608,7673206,7673534,7673700,7674180,7674858,7675052,7675993,7676381,7676520,7687376,","7669690,7670715,7673339,7673608,7673837,7674290,7674971,7675236,7676272,7676403,7676622,7687490,",0,TP53
NM_001126115.2,chr17,-,7668420,7675244,7,"7668420,7670608,7673534,7673700,7674180,7674858,7675052,","7669690,7670715,7673608,7673837,7674290,7674971,7675244,",0,TP53
NM_001126116.2,chr17,-,7668420,7675244,8,"7668420,7670608,7673206,7673534,7673700,7674180,7674858,7675052,","7669690,7670715,7673339,7673608,7673837,7674290,7674971,7675244,",0,TP53
NM_001126117.2,chr17,-,7668420,7675244,8,"7668420,7670608,7673206,7673534,7673700,7674180,7674858,7675052,","7669690,7670715,7673266,7673608,7673837,7674290,7674971,7675244,",0,TP53
NM_001126118.2,chr17,-,7668420,7687490,10,"7668420,7670608,7673534,7673700,7674180,7674858,7675052,7675993,7676381,7687376,","7669690,7670715,7673608,7673837,7674290,7674971,7675236,7676272,7676622,7687490,",0,TP53
NM_001042492.3,chr17,+,31094976,31377675,58,"31094976,31155982,31159009,31163185,31169890,31181421,31181709,31182507,31200421,31201036,31201410,31206239,31214450,31219004,31221849,31223443,31225094,31226434,31227217,31227522,31229024,31229834,31230259,31230841,31232072,31232699,31233001,31235610,31235917,31248983,31252937,31258343,31259031,31260368,31261710,31265228,31325819,31327498,31330295,31334837,31336332,31336634,31337367,31337818,31338024,31338703,31340504,31343008,31349119,31350182,31352256,31356459,31356959,31357268,31358479,31358968,31360486,31374012,","31095369,31156126,31159093,31163376,31169997,31181489,31181785,31182665,31200595,31201159,31201485,31206371,31214585,31219118,31221929,31223567,31225250,31226684,31227291,31227606,31229465,31229974,31230382,31230925,31232189,31232881,31233213,31235772,31236021,31249119,31253000,31258502,31259129,31260515,31261857,31265339,31326252,31327839,31330498,31335031,31336473,31336914,31337582,31337880,31338139,31338805,31340645,31343135,31349251,31350318,31352414,31356582,31357090,31357369,31358622,31359015,31360703,31377675,",0,NF1
NM_004448.4,chr17,+,39700063,39728658,27,"39700063,39706989,39708320,39709317,39709812,39710085,39710339,39711927,39712321,39715285,39715445,39715739,39716300,39716514,39717319,39719786,39723318,39723537,39723911,39724725,39725048,39725326,39725706,39726561,39726814,39727294,39727688,","39700311,39707141,39708534,39709452,39709881,39710201,39710481,39712047,39712448,39715359,39715536,39715939,39716433,39716605,39717480,39719834,39723457,39723660,39724010,39724911,39725204,39725402,39725853,39726659,39727003,39727547,39728658,",0,ERBB2
NM_001407571.1,chr17,-,43044294,43125364,23,"43044294,43047642,43049120,43051062,43057051,43063332,43063873,43067607,43070927,43074330,43076487,43082403,43090943,43091434,43095845,43097243,43099774,43104121,43104867,43106477,43115725,43124016,43125181,","43045802,43047703,43049194,43051117,43057135,43063373,43063951,43067695,43071238,43074521,43076614,43082575,43091032,43094860,43095922,43097289,43099877,43104261,43104956,43106533,43115779,43124115,43125364,",0,BRCA1
NM_000088.4,chr17,-,50184100,50201631,51,"50184100,50185777,50186316,50186639,50187014,50187483,50187875,50188095,50188529,50188741,50188902,50189167,50189376,50189678,50189858,50190000,50190326,50190542,50190816,50191382,50191787,50191979,50192474,50192639,50192796,50192993,50193942,50194129,50194348,50194572,50194720,50195046,50195231,50195433,50195566,50195922,50196154,50196313,50196483,50196616,50197009,50197179,50197731,50197948,50198160,50198432,50199225,50199417,50199555,50199752,50201410,","50185648,50186020,50186507,50186922,50187122,50187537,50187983,50188149,50188637,50188795,50189010,50189275,50189538,50189732,50189912,50190108,50190380,50190596,50190924,50191490,50191886,50192024,50192528,50192693,50192850,50193047,50194041,50194183,50194447,50194626,50194828,50195100,50195330,50195478,50195665,50195976,50196199,50196367,50196528,50196670,50197063,50197233,50197785,50198002,50198205,50198504,50199327,50199453,50199590,50199947,50201631,",0,COL1A1
NM_001407581.1,chr17,-,43044294,43125364,24,"43044294,43047642,43049120,43051062,43057051,43063332,43063873,43067607,43070927,43074330,43076487,43079333,43082403,43090943,43091434,43095845,43097243,43099774,43104121,43104867,43106455,43115725,43124016,43125270,","43045802,43047703,43049194,43051117,43057135,43063373,43063951,43067695,43071238,43074521,43076614,43079399,43082575,43091032,43094860,43095922,43097289,43099880,43104261,43104956,43106533,43115779,43124115,43125364,",0,BRCA1
NM_001407582.1,chr17,-,43044294,43125364,24,"43044294,43047642,43049120,43051062,43057051,43063332,43063873,43067607,43070927,43074330,43076487,43079333,43082403,43090943,43091434,43095845,43097243,43099774,43104121,43104867,43106455,43115725,43124016,43125181,","43045802,43047703,43049194,43051117,43057135,43063373,43063951,43067695,43071238,43074521,43076614,43079399,43082575,43091032,43094860,43095922,43097289,43099880,43104261,43104956,43106533,43115779,43124115,43125364,",0,BRCA1
NM_001407583.1,chr17,-,43044294,43125364,24,"43044294,43047642,43049120,43051062,43057051,43063332,43063873,43067607,43070927,43074330,43076487,43079333,43082403,43090943,43091434,43095845,43097243,43099774,43104121,43104867,43106455,43115725,43124016,43124736,","43045802,43047703,43049194,43051117,43057135,43063373,43063951,43067695,43071238,43074521,43076611,43079399,43082575,43091032,43094860,43095922,43097289,43099880,43104261,43104956,43106533,43115779,43124115,43125364,",0,BRCA1
NM_001407585.1,chr17,-,43044294,43125364,24,"43044294,43047642,43049120,43051062,43057051,43063332,43063873,43067607,43070927,43074330,43076487,43079333,43082403,43090943,43091434,43095845,43097243,43099774,43104121,43104867,43106455,43115725,43124016,43125270,","43045802,43047703,43049194,43051117,43057135,43063373,43063951,43067695,43071238,43074521,43076611,43079399,43082575,43091032,43094860,43095922,43097289,43099880,43104261,43104956,43106533,43115779,43124102,43125364,",0,BRCA1
NM_001407587.1,chr17,-,43044294,43125364,24,"43044294,43047642,43049120,43051062,43057051,43063332,43063873,43067607,43070927,43074330,43076487,43079333,43082403,43090943,43091434,43095845,43097243,43099774,43104121,43104867,43106455,43115725,43124016,43125276,","43045802,43047703,43049194,43051117,43057135,43063373,43063951,43067695,43071238,43074521,43076614,43079399,43082575,43091032,43094860,43095922,43097289,43099877,43104261,43104956,43106533,43115779,43124115,43125364,",0,BRCA1
NM_001407590.1,chr17,-,43044294,43125364,24,"43044294,43047642,43049120,43051062,43057051,43063332,43063873,43067607,43070927,43074330,43076487,43079333,43082403,43090943,43091434,43095845,43097243,43099774,43104121,43104867,43106455,43115725,43124016,43125270,","43045802,43047703,43049194,43051117,43057135,43063373,43063951,43067695,43071238,43074521,43076611,43079399,43082575,43091032,43094860,43095922,43097289,43099877,43104261,43104956,43106533,43115779,43124115,43125364,",0,BRCA1
NM_001407591.1,chr17,-,43044294,43125364,24,"43044294,43047642,43049120,43051062,43057051,43063332,43063873,43067607,43070927,43074330,43076487,43079333,43082403,43090943,43091434,43095845,43097243,43099774,43104121,43104867,43106455,43115725,43124016,43124736,","43045802,43047703,43049194,43051117,43057135,43063373,43063951,43067695,43071238,43074521,43076611,43079399,43082575,43091032,43094860,43095922,43097289,43099877,43104261,43104956,43106533,43115779,43124115,43125364,",0,BRCA1
NM_001407602.1,chr17,-,43044294,43125364,23,"43044294,43047642,43049120,43051062,43057051,43063332,43063873,43067607,43070927,43074330,43076487,43082403,43090943,43091434,43095845,43097243,43099774,43104121,43104867,43106455,43115725,43124016,43125270,","43045802,43047703,43049194,43051117,43057135,43063373,43063951,43067695,43071238,43074521,43076614,43082575,43091032,43094860,43095922,43097289,43099880,43104261,43104956,43106533,43115779,43124102,43125364,",0,BRCA1
NM_001407603.1,chr17,-,43044294,43125364,23,"43044294,43047642,43049120,43051062,43057051,43063332,43063873,43067607,43070927,43074330,43076487,43082403,43090943,43091434,43095845,43097243,43099774,43104121,43104867,43106455,43115725,43124016,43125276,","43045802,43047703,43049194,43051117,43057135,43063373,43063951,43067695,43071238,43074521,43076614,43082575,43091032,43094860,43095922,43097289,43099880,43104261,43104956,43106533,43115779,43124102,43125364,",0,BRCA1
NM_001407593.1,chr17,-,43044294,43125364,22,"43044294,43047642,43049120,43051062,43057051,43063332,43063873,43067607,43070927,43074330,43076487,43082403,43090943,43091434,43095845,43097243,43099774,43104121,43104867,43106455,43115725,43124016,","43045802,43047703,43049194,43051117,43057135,43063373,43063951,43067695,43071238,43074521,43076614,43082575,43091032,43094860,43095922,43097289,43099880,43104261,43104956,43106533,43115779,43125364,",0,BRCA1
NM_001407594.1,chr17,-,43044294,43125364,23,"43044294,43047642,43049120,43051062,43057051,43063332,43063873,43067607,43070927,43074330,43076487,43082403,43090943,43091434,43095845,43097243,43099774,43104121,43104867,43106455,43115725,43124016,43124736,","43045802,43047703,43049194,43051117,43057135,43063373,43063951,43067695,43071238,43074521,43076614,43082575,43091032,43094860,43095922,43097289,43099880,43104261,43104956,43106533,43115779,43124115,43125364,",0,BRCA1
NM_001407605.1,chr17,-,43044294,43125364,23,"43044294,43047642,43049120,43051062,43057051,43063332,43063873,43067607,43070927,43074330,43076487,43082403,43090943,43091434,43095845,43097243,43099774,43104121,43104867,43106455,43115725,43124016,43124736,","43045802,43047703,43049194,43051117,43057135,43063373,43063951,43067695,43071238,43074521,43076614,43082575,43091032,43094860,43095922,43097289,43099880,43104261,43104956,43106533,43115779,43124102,43125364,",0,BRCA1
NM_001407596.1,chr17,-,43044294,43125364,24,"43044294,43047642,43049120,43051062,43057051,43063332,43063873,43067607,43070927,43074330,43076487,43082403,43090943,43091434,43095845,43097243,43099774,43104121,43104867,43106455,43115725,43124016,43124736,43125276,","43045802,43047703,43049194,43051117,43057135,43063373,43063951,43067695,43071238,43074521,43076614,43082575,43091032,43094860,43095922,43097289,43099880,43104261,43104956,43106533,43115779,43124115,43124908,43125364,",0,BRCA1
NM_001407597.1,chr17,-,43044294,43125364,23,"43044294,43047642,43049120,43051062,43057051,43063332,43063873,43067607,43070927,43074330,43076487,43082403,43090943,43091434,43095845,43097243,43099774,43104121,43104867,43106455,43115725,43124016,43125181,","43045802,43047703,43049194,43051117,43057135,43063373,43063951,43067695,43071238,43074521,43076614,43082575,43091032,43094860,43095922,43097289,43099880,43104261,43104956,43106533,43115779,43124115,43125364,",0,BRCA1
NM_001407598.1,chr17,-,43044294,43125364,23,"43044294,43047642,43049120,43051062,43057051,43063332,43063873,43067607,43070927,43074330,43076487,43082403,43090943,43091434,43095845,43097243,43099774,43104121,43104867,43106455,43115725,43124016,43125276,","43045802,43047703,43049194,43051117,43057135,43063373,43063951,43067695,43071238,43074521,43076614,43082575,43091032,43094860,43095922,43097289,43099880,43104261,43104956,43106533,43115779,43124115,43125364,",0,BRCA1
NM_001407610.1,chr17,-,43044294,43125364,22,"43044294,43047642,43049120,43051062,43057051,43063332,43063873,43067607,43070927,43074330,43076487,43082403,43090943,43091434,43095845,43097243,43099774,43104121,43104867,43106455,43115725,43124016,","43045802,43047703,43049194,43051117,43057135,43063373,43063951,43067695,43071238,43074521,43076614,43082575,43091032,43094860,43095922,43097289,43099877,43104261,43104956,43106533,43115779,43125364,",0,BRCA1
NM_001407611.1,chr17,-,43044294,43125364,23,"43044294,43047642,43049120,43051062,43057051,43063332,43063873,43067607,43070927,43074330,43076487,43082403,43090943,43091434,43095845,43097243,43099774,43104121,43104867,43106455,43115725,43124016,43125270,","43045802,43047703,43049194,43051117,43057135,43063373,43063951,43067695,43071238,43074521,43076614,43082575,43091032,43094860,43095922,43097289,43099877,43104261,43104956,43106533,43115779,43124115,43125364,",0,BRCA1
NM_001407612.1,chr17,-,43044294,43125364,23,"43044294,43047642,43049120,43051062,43057051,43063332,43063873,43067607,43070927,43074330,43076487,43082403,43090943,43091434,43095845,43097243,43099774,43104121,43104867,43106455,43115725,43124016,43125181,","43045802,43047703,43049194,43051117,43057135,43063373,43063951,43067695,43071238,43074521,43076614,43082575,43091032,43094860,43095922,43097289,43099877,43104261,43104956,43106533,43115779,43124115,43125364,",0,BRCA1
NM_001407613.1,chr17,-,43044294,43125364,23,"43044294,43047642,43049120,43051062,43057051,43063332,43063873,43067607,43070927,43074330,43076487,43082403,43090943,43091434,43095845,43097243,43099774,43104121,43104867,43106455,43115725,43124016,43125276,","43045802,43047703,43049194,43051117,43057135,43063373,43063951,43067695,43071238,43074521,43076614,43082575,43091032,43094860,43095922,43097289,43099877,43104261,43104956,43106533,43115779,43124102,43125364,",0,BRCA1
NM_001407614.1,chr17,-,43044294,43125364,23,"43044294,43047642,43049120,43051062,43057051,43063332,43063873,43067607,43070927,43074330,43076487,43082403,43090943,43091434,43095845,43097243,43099774,43104121,43104867,43106455,43115725,43124016,43125276,","43045802,43047703,43049194,43051117,43057135,43063373,43063951,43067695,43071238,43074521,43076614,43082575,43091032,43094860,43095922,43097289,43099877,43104261,43104956,43106533,43115779,43124115,43125364,",0,BRCA1
NM_001407615.1,chr17,-,43044294,43125364,23,"43044294,43047642,43049120,43051062,43057051,43063332,43063873,43067607,43070927,43074330,43076487,43082403,43090943,43091434,43095845,43097243,43099774,43104121,43104867,43106455,43115725,43124016,43124736,","43045802,43047703,43049194,43051117,43057135,43063373,43063951,43067695,43071238,43074521,43076614,43082575,43091032,43094860,43095922,43097289,43099877,43104261,43104956,43106533,43115779,43124115,43125364,",0,BRCA1
NM_001407616.1,chr17,-,43044294,43125364,23,"43044294,43047642,43049120,43051062,43057051,43063332,43063873,43067607,43070927,43074330,43076487,43082403,43090943,43091434,43095845,43097243,43099774,43104121,43104867,43106455,43115725,43124016,43125270,","43045802,43047703,43049194,43051117,43057135,43063373,43063951,43067695,43071238,43074521,43076611,43082575,43091032,43094860,43095922,43097289,43099880,43104261,43104956,43106533,43115779,43124115,43125364,",0,BRCA1
NM_001407617.1,chr17,-,43044294,43125364,23,"43044294,43047642,43049120,43051062,43057051,43063332,43063873,43067607,43070927,43074330,43076487,43082403,43090943,43091434,43095845,43097243,43099774,43104121,43104867,43106455,43115725,43124016,43125276,","43045802,43047703,43049194,43051117,43057135,43063373,43063951,43067695,43071238,43074521,43076611,43082575,43091032,43094860,43095922,43097289,43099880,43104261,43104956,43106533,43115779,43124115,43125364,",0,BRCA1
NM_001407618.1,chr17,-,43044294,43125364,23,"43044294,43047642,43049120,43051062,43057051,43063332,43063873,43067607,43070927,43074330,43076487,43082403,43090943,43091434,43095845,43097243,43099774,43104121,43104867,43106455,43115725,43124016,43125276,","43045802,43047703,43049194,43051117,43057135,43063373,43063951,43067695,43071238,43074521,43076611,43082575,43091032,43094860,43095922,43097289,43099880,43104261,43104956,43106533,43115779,43124102,43125364,",0,BRCA1
NM_001407620.1,chr17,-,43044294,43125364,23,"43044294,43047642,43049120,43051062,43057051,43063332,43063873,43067607,43070927,43074330,43076487,43082403,43090943,43091434,43095845,43097243,43099774,43104121,43104867,43106455,43115725,43124016,43125181,","43045802,43047703,43049194,43051117,43057135,43063373,43063951,43067695,43071238,43074521,43076611,43082575,43091032,43094860,43095922,43097289,43099880,43104261,43104956,43106533,43115779,43124115,43125364,",0,BRCA1
NM_001407619.1,chr17,-,43044294,43125364,23,"43044294,43047642,43049120,43051062,43057051,43063332,43063873,43067607,43070927,43074330,43076487,43082403,43090943,43091434,43095845,43097243,43099774,43104121,43104867,43106455,43115725,43124016,43124736,","43045802,43047703,43049194,43051117,43057135,43063373,43063951,43067695,43071238,43074521,43076611,43082575,43091032,43094860,43095922,43097289,43099880,43104261,43104956,43106533,43115779,43124115,43125364,",0,BRCA1
NM_001407621.1,chr17,-,43044294,43125364,22,"43044294,43047642,43049120,43051062,43057051,43063332,43063873,43067607,43070927,43074330,43076487,43082403,43090943,43091434,43095845,43097243,43099774,43104121,43104867,43106455,43115725,43124016,","43045802,43047703,43049194,43051117,43057135,43063373,43063951,43067695,43071238,43074521,43076611,43082575,43091032,43094860,43095922,43097289,43099880,43104261,43104956,43106533,43115779,43125364,",0,BRCA1
NM_001407622.1,chr17,-,43044294,43125364,23,"43044294,43047642,43049120,43051062,43057051,43063332,43063873,43067607,43070927,43074330,43076487,43082403,43090943,43091434,43095845,43097243,43099774,43104121,43104867,43106455,43115725,43124016,43125270,","43045802,43047703,43049194,43051117,43057135,43063373,43063951,43067695,43071238,43074521,43076611,43082575,43091032,43094860,43095922,43097289,43099880,43104261,43104956,43106533,43115779,43124102,43125364,",0,BRCA1
NM_001407623.1,chr17,-,43044294,43125364,23,"43044294,43047642,43049120,43051062,43057051,43063332,43063873,43067607,43070927,43074330,43076487,43082403,43090943,43091434,43095845,43097243,43099774,43104121,43104867,43106455,43115725,43124016,43124736,","43045802,43047703,43049194,43051117,43057135,43063373,43063951,43067695,43071238,43074521,43076611,43082575,43091032,43094860,43095922,43097289,43099880,43104261,43104956,43106533,43115779,43124102,43125364,",0,BRCA1
NM_001407624.1,chr17,-,43044294,43125364,23,"43044294,43047642,43049120,43051062,43057051,43063332,43063873,43067607,43070927,43074330,43076487,43082403,43090943,43091434,43095845,43097243,43099774,43104121,43104867,43106455,43115725,43124016,43125270,","43045802,43047703,43049194,43051117,43057135,43063373,43063951,43067695,43071238,43074521,43076614,43082572,43091032,43094860,43095922,43097289,43099880,43104261,43104956,43106533,43115779,43124115,43125364,",0,BRCA1
NM_001407625.1,chr17,-,43044294,43125364,23,"43044294,43047642,43049120,43051062,43057051,43063332,43063873,43067607,43070927,43074330,43076487,43082403,43090943,43091434,43095845,43097243,43099774,43104121,43104867,43106455,43115725,43124016,43124736,","43045802,43047703,43049194,43051117,43057135,43063373,43063951,43067695,43071238,43074521,43076614,43082572,43091032,43094860,43095922,43097289,43099880,43104261,43104956,43106533,43115779,43124115,43125364,",0,BRCA1
NM_001407626.1,chr17,-,43044294,43125364,23,"43044294,43047642,43049120,43051062,43057051,43063332,43063873,43067607,43070927,43074330,43076487,43082403,43090943,43091434,43095845,43097243,43099774,43104121,43104867,43106455,43115725,43124016,43125276,","43045802,43047703,43049194,43051117,43057135,43063373,43063951,43067695,43071238,43074521,43076614,43082572,43091032,43094860,43095922,43097289,43099880,43104261,43104956,43106533,43115779,43124115,43125364,",0,BRCA1
NM_001407627.1,chr17,-,43044294,43125364,23,"43044294,43047642,43049120,43051062,43057051,43063332,43063873,43067607,43070927,43074330,43076487,43082403,43090943,43091434,43095845,43097243,43099774,43104121,43104867,43106455,43115725,43124016,43125276,","43045802,43047703,43049194,43051117,43057135,43063373,43063951,43067695,43071238,43074521,43076614,43082572,43091032,43094860,43095922,43097289,43099877,43104261,43104956,43106533,43115779,43124115,43125364,",0,BRCA1
NM_001407628.1,chr17,-,43044294,43125364,23,"43044294,43047642,43049120,43051062,43057051,43063332,43063873,43067607,43070927,43074330,43076487,43082403,43090943,43091434,43095845,43097243,43099774,43104121,43104867,43106455,43115725,43124016,43125270,","43045802,43047703,43049194,43051117,43057135,43063373,43063951,43067695,43071238,43074521,43076614,43082572,43091032,43094860,43095922,43097289,43099877,43104261,43104956,43106533,43115779,43124115,43125364,",0,BRCA1
NM_001407630.1,chr17,-,43044294,43125364,23,"43044294,43047642,43049120,43051062,43057051,43063332,43063873,43067607,43070927,43074330,43076487,43082403,43090943,43091434,43095845,43097243,43099774,43104121,43104867,43106455,43115725,43124016,43124736,","43045802,43047703,43049194,43051117,43057135,43063373,43063951,43067695,43071238,43074521,43076614,43082572,43091032,43094860,43095922,43097289,43099877,43104261,43104956,43106533,43115779,43124115,43125364,",0,BRCA1
NM_001407629.1,chr17,-,43044294,43125364,23,"43044294,43047642,43049120,43051062,43057051,43063332,43063873,43067607,43070927,43074330,43076487,43082403,43090943,43091434,43095845,43097243,43099774,43104121,43104867,43106455,43115725,43124016,43125181,","43045802,43047703,43049194,43051117,43057135,43063373,43063951,43067695,43071238,43074521,43076614,43082572,43091032,43094860,43095922,43097289,43099877,43104261,43104956,43106533,43115779,43124115,43125364,",0,BRCA1
NM_001407631.1,chr17,-,43044294,43125364,23,"43044294,43047642,43049120,43051062,43057051,43063332,43063873,43067607,43070927,43074330,43076487,43082403,43090943,43091434,43095845,43097243,43099774,43104121,43104867,43106455,43115725,43124016,43125270,","43045802,43047703,43049194,43051117,43057135,43063373,43063951,43067695,43071238,43074521,43076614,43082572,43091032,43094860,43095922,43097289,43099877,43104261,43104956,43106533,43115779,43124102,43125364,",0,BRCA1
NM_001407632.1,chr17,-,43044294,43125364,23,"43044294,43047642,43049120,43051062,43057051,43063332,43063873,43067607,43070927,43074330,43076487,43082403,43090943,43091434,43095845,43097243,43099774,43104121,43104867,43106455,43115725,43124016,43125276,","43045802,43047703,43049194,43051117,43057135,43063373,43063951,43067695,43071238,43074521,43076614,43082572,43091032,43094860,43095922,43097289,43099877,43104261,43104956,43106533,43115779,43124102,43125364,",0,BRCA1
NM_001407633.1,chr17,-,43044294,43125364,23,"43044294,43047642,43049120,43051062,43057051,43063332,43063873,43067607,43070927,43074330,43076487,43082403,43090943,43091434,43095845,43097243,43099774,43104121,43104867,43106455,43115725,43124016,43124736,","43045802,43047703,43049194,43051117,43057135,43063373,43063951,43067695,43071238,43074521,43076611,43082575,43091032,43094860,43095922,43097289,43099877,43104261,43104956,43106533,43115779,43124115,43125364,",0,BRCA1
NM_001407634.1,chr17,-,43044294,43125364,22,"43044294,43047642,43049120,43051062,43057051,43063332,43063873,43067607,43070927,43074330,43076487,43082403,43090943,43091434,43095845,43097243,43099774,43104121,43104867,43106455,43115725,43124016,","43045802,43047703,43049194,43051117,43057135,43063373,43063951,43067695,43071238,43074521,43076611,43082575,43091032,43094860,43095922,43097289,43099877,43104261,43104956,43106533,43115779,43125364,",0,BRCA1
NM_001407635.1,chr17,-,43044294,43125364,23,"43044294,43047642,43049120,43051062,43057051,43063332,43063873,43067607,43070927,43074330,43076487,43082403,43090943,43091434,43095845,43097243,43099774,43104121,43104867,43106455,43115725,43124016,43125276,","43045802,43047703,43049194,43051117,43057135,43063373,43063951,43067695,43071238,43074521,43076611,43082575,43091032,43094860,43095922,43097289,43099877,43104261,43104956,43106533,43115779,43124115,43125364,",0,BRCA1
NM_001407636.1,chr17,-,43044294,43125364,23,"43044294,43047642,43049120,43051062,43057051,43063332,43063873,43067607,43070927,43074330,43076487,43082403,43090943,43091434,43095845,43097243,43099774,43104121,43104867,43106455,43115725,43124016,43125181,","43045802,43047703,43049194,43051117,43057135,43063373,43063951,43067695,43071238,43074521,43076611,43082575,43091032,43094860,43095922,43097289,43099877,43104261,43104956,43106533,43115779,43124115,43125364,",0,BRCA1
NM_001407637.1,chr17,-,43044294,43125364,23,"43044294,43047642,43049120,43051062,43057051,43063332,43063873,43067607,43070927,43074330,43076487,43082403,43090943,43091434,43095845,43097243,43099774,43104121,43104867,43106455,43115725,43124016,43125270,","43045802,43047703,43049194,43051117,43057135,43063373,43063951,43067695,43071238,43074521,43076611,43082575,43091032,43094860,43095922,43097289,43099877,43104261,43104956,43106533,43115779,43124115,43125364,",0,BRCA1
NM_001407638.1,chr17,-,43044294,43125364,23,"43044294,43047642,43049120,43051062,43057051,43063332,43063873,43067607,43070927,43074330,43076487,43082403,43090943,43091434,43095845,43097243,43099774,43104121,43104867,43106455,43115725,43124016,43125270,","43045802,43047703,43049194,43051117,43057135,43063373,43063951,43067695,43071238,43074521,43076611,43082575,43091032,43094860,43095922,43097289,43099877,43104261,43104956,43106533,43115779,43124102,43125364,",0,BRCA1
NM_001407640.1,chr17,-,43044294,43125364,23,"43044294,43047642,43049120,43051062,43057051,43063332,43063873,43067607,43070927,43074330,43076487,43082403,43090943,43091434,43095845,43097243,43099774,43104121,43104867,43106455,43115725,43124016,43125276,","43045802,43047703,43049194,43051117,43057135,43063373,43063951,43067695,43071238,43074521,43076611,43082572,43091032,43094860,43095922,43097289,43099880,43104261,43104956,43106533,43115779,43124115,43125364,",0,BRCA1
NM_001407639.1,chr17,-,43044294,43125364,23,"43044294,43047642,43049120,43051062,43057051,43063332,43063873,43067607,43070927,43074330,43076487,43082403,43090943,43091434,43095845,43097243,43099774,43104121,43104867,43106455,43115725,43124016,43125181,","43045802,43047703,43049194,43051117,43057135,43063373,43063951,43067695,43071238,43074521,43076611,43082572,43091032,43094860,43095922,43097289,43099880,43104261,43104956,43106533,43115779,43124115,43125364,",0,BRCA1
NM_001407641.1,chr17,-,43044294,43125364,23,"43044294,43047642,43049120,43051062,43057051,43063332,43063873,43067607,43070927,43074330,43076487,43082403,43090943,43091434,43095845,43097243,43099774,43104121,43104867,43106455,43115725,43124016,43125270,","43045802,43047703,43049194,43051117,43057135,43063373,43063951,43067695,43071238,43074521,43076611,43082572,43091032,43094860,43095922,43097289,43099880,43104261,43104956,43106533,43115779,43124115,43125364,",0,BRCA1
NM_001407642.1,chr17,-,43044294,43125364,23,"43044294,43047642,43049120,43051062,43057051,43063332,43063873,43067607,43070927,43074330,43076487,43082403,43090943,43091434,43095845,43097243,43099774,43104121,43104867,43106455,43115725,43124016,43124736,","43045802,43047703,43049194,43051117,43057135,43063373,43063951,43067695,43071238,43074521,43076611,43082572,43091032,43094860,43095922,43097289,43099880,43104261,43104956,43106533,43115779,43124115,43125364,",0,BRCA1
NM_001407644.1,chr17,-,43044294,43125364,23,"43044294,43047642,43049120,43051062,43057051,43063332,43063873,43067607,43070927,43074330,43076487,43082403,43090943,43091434,43095845,43097243,43099774,43104121,43104867,43106455,43115725,43124016,43125276,","43045802,43047703,43049194,43051117,43057135,43063373,43063951,43067695,43071238,43074521,43076611,43082572,43091032,43094860,43095922,43097289,43099877,43104261,43104956,43106533,43115779,43124115,43125364,",0,BRCA1
NM_001407645.1,chr17,-,43044294,43125364,23,"43044294,43047642,43049120,43051062,43057051,43063332,43063873,43067607,43070927,43074330,43076487,43082403,43090943,43091434,43095845,43097243,43099774,43104121,43104867,43106455,43115725,43124016,43125270,","43045802,43047703,43049194,43051117,43057135,43063373,43063951,43067695,43071238,43074521,43076611,43082572,43091032,43094860,43095922,43097289,43099877,43104261,43104956,43106533,43115779,43124115,43125364,",0,BRCA1
NM_001407646.1,chr17,-,43044294,43125364,23,"43044294,43047642,43049120,43051062,43057051,43063332,43063873,43067607,43070927,43074330,43076487,43082403,43090943,43091434,43095845,43097243,43099774,43104121,43104876,43106455,43115725,43124016,43125270,","43045802,43047703,43049194,43051117,43057135,43063373,43063951,43067695,43071238,43074521,43076614,43082572,43091032,43094860,43095922,43097289,43099880,43104261,43104956,43106533,43115779,43124115,43125364,",0,BRCA1
NM_001407647.1,chr17,-,43044294,43125364,23,"43044294,43047642,43049120,43051062,43057051,43063332,43063873,43067607,43070927,43074330,43076487,43082403,43090943,43091434,43095845,43097243,43099774,43104121,43104876,43106455,43115725,43124016,43125276,","43045802,43047703,43049194,43051117,43057135,43063373,43063951,43067695,43071238,43074521,43076611,43082572,43091032,43094860,43095922,43097289,43099880,43104261,43104956,43106533,43115779,43124115,43125364,",0,BRCA1
NM_001407648.1,chr17,-,43044294,43125364,22,"43044294,43047642,43049120,43051062,43057051,43063332,43063873,43067607,43070927,43074330,43076487,43079333,43082403,43090943,43091434,43099774,43104121,43104867,43106455,43115725,43124016,43125270,","43045802,43047703,43049194,43051117,43057135,43063373,43063951,43067695,43071238,43074521,43076614,43079399,43082575,43091032,43094860,43099880,43104261,43104956,43106533,43115779,43124115,43125364,",0,BRCA1
NM_001407649.1,chr17,-,43044294,43125364,22,"43044294,43047642,43049120,43051062,43057051,43063332,43063873,43067607,43070927,43074330,43076487,43079333,43082403,43090943,43091434,43099774,43104121,43104867,43106455,43115725,43124016,43125276,","43045802,43047703,43049194,43051117,43057135,43063373,43063951,43067695,43071238,43074521,43076614,43079399,43082575,43091032,43094860,43099877,43104261,43104956,43106533,43115779,43124115,43125364,",0,BRCA1
NM_001407652.1,chr17,-,43044294,43125364,22,"43044294,43047642,43049120,43051062,43057051,43063332,43067607,43070927,43074330,43076487,43082403,43090943,43091434,43095845,43097243,43099774,43104121,43104867,43106455,43115725,43124016,43125276,","43045802,43047703,43049194,43051117,43057135,43063373,43067695,43071238,43074521,43076614,43082575,43091032,43094860,43095922,43097289,43099880,43104261,43104956,43106533,43115779,43124115,43125364,",0,BRCA1
NM_001407653.1,chr17,-,43044294,43125364,22,"43044294,43047642,43049120,43051062,43057051,43063332,43063873,43067607,43070927,43074330,43076487,43082403,43090943,43091434,43095845,43097243,43099774,43104121,43104867,43115725,43124016,43125270,","43045802,43047703,43049194,43051117,43057135,43063373,43063951,43067695,43071238,43074521,43076614,43082575,43091032,43094860,43095922,43097289,43099880,43104261,43104956,43115779,43124115,43125364,",0,BRCA1
NM_001407654.1,chr17,-,43044294,43125364,22,"43044294,43047642,43049120,43051062,43057051,43063332,43063873,43067607,43070927,43074330,43076487,43082403,43090943,43091434,43095845,43097243,43099774,43104121,43104867,43115725,43124016,43125276,","43045802,43047703,43049194,43051117,43057135,43063373,43063951,43067695,43071238,43074521,43076614,43082575,43091032,43094860,43095922,43097289,43099880,43104261,43104956,43115779,43124115,43125364,",0,BRCA1
NM_001407655.1,chr17,-,43044294,43125364,22,"43044294,43047642,43049120,43051062,43057051,43063332,43063873,43067607,43070927,43074330,43076487,43082403,43090943,43091434,43095845,43097243,43099774,43104121,43104867,43115725,43124016,43124736,","43045802,43047703,43049194,43051117,43057135,43063373,43063951,43067695,43071238,43074521,43076614,43082575,43091032,43094860,43095922,43097289,43099880,43104261,43104956,43115779,43124115,43125364,",0,BRCA1
NM_001407656.1,chr17,-,43044294,43125364,22,"43044294,43047642,43049120,43051062,43057051,43063332,43063873,43067607,43070927,43074330,43076487,43082403,43090943,43091434,43095845,43097243,43099774,43104121,43104867,43115725,43124016,43125276,","43045802,43047703,43049194,43051117,43057135,43063373,43063951,43067695,43071238,43074521,43076614,43082572,43091032,43094860,43095922,43097289,43099880,43104261,43104956,43115779,43124115,43125364,",0,BRCA1
NM_001407657.1,chr17,-,43044294,43125364,22,"43044294,43047642,43049120,43051062,43057051,43063332,43063873,43067607,43070927,43074330,43076487,43082403,43090943,43091434,43095845,43097243,43099774,43104121,43104867,43115725,43124016,43125276,","43045802,43047703,43049194,43051117,43057135,43063373,43063951,43067695,43071238,43074521,43076611,43082575,43091032,43094860,43095922,43097289,43099880,43104261,43104956,43115779,43124115,43125364,",0,BRCA1
NM_001407658.1,chr17,-,43044294,43125364,22,"43044294,43047642,43049120,43051062,43057051,43063332,43063873,43067607,43070927,43074330,43076487,43082403,43090943,43091434,43095845,43097243,43099774,43104121,43104867,43115725,43124016,43125270,","43045802,43047703,43049194,43051117,43057135,43063373,43063951,43067695,43071238,43074521,43076611,43082575,43091032,43094860,43095922,43097289,43099880,43104261,43104956,43115779,43124115,43125364,",0,BRCA1
NM_001407660.1,chr17,-,43044294,43125364,22,"43044294,43047642,43049120,43051062,43057051,43063332,43063873,43067607,43070927,43074330,43076487,43082403,43090943,43091434,43095845,43097243,43099774,43104121,43104867,43115725,43124016,43125270,","43045802,43047703,43049194,43051117,43057135,43063373,43063951,43067695,43071238,43074521,43076614,43082572,43091032,43094860,43095922,43097289,43099877,43104261,43104956,43115779,43124115,43125364,",0,BRCA1
NM_001407659.1,chr17,-,43044294,43125364,22,"43044294,43047642,43049120,43051062,43057051,43063332,43063873,43067607,43070927,43074330,43076487,43082403,43090943,43091434,43095845,43097243,43099774,43104121,43104867,43115725,43124016,43125276,","43045802,43047703,43049194,43051117,43057135,43063373,43063951,43067695,43071238,43074521,43076614,43082572,43091032,43094860,43095922,43097289,43099877,43104261,43104956,43115779,43124115,43125364,",0,BRCA1
NM_001407661.1,chr17,-,43044294,43125364,22,"43044294,43047642,43049120,43051062,43057051,43063332,43063873,43067607,43070927,43074330,43076487,43082403,43090943,43091434,43095845,43097243,43099774,43104121,43104867,43115725,43124016,43125270,","43045802,43047703,43049194,43051117,43057135,43063373,43063951,43067695,43071238,43074521,43076611,43082575,43091032,43094860,43095922,43097289,43099877,43104261,43104956,43115779,43124115,43125364,",0,BRCA1
NM_001407662.1,chr17,-,43044294,43125364,22,"43044294,43047642,43049120,43051062,43057051,43063332,43063873,43067607,43070927,43074330,43076487,43082403,43090943,43091434,43095845,43097243,43099774,43104121,43104867,43115725,43124016,43125276,","43045802,43047703,43049194,43051117,43057135,43063373,43063951,43067695,43071238,43074521,43076611,43082575,43091032,43094860,43095922,43097289,43099877,43104261,43104956,43115779,43124115,43125364,",0,BRCA1
NM_001407663.1,chr17,-,43044294,43125364,22,"43044294,43047642,43049120,43051062,43057051,43063332,43063873,43067607,43070927,43074330,43076487,43082403,43090943,43091434,43095845,43097243,43099774,43104121,43104867,43115725,43124016,43125270,","43045802,43047703,43049194,43051117,43057135,43063373,43063951,43067695,43071238,43074521,43076611,43082572,43091032,43094860,43095922,43097289,43099880,43104261,43104956,43115779,43124115,43125364,",0,BRCA1
NM_001407664.1,chr17,-,43044294,43125364,21,"43044294,43047642,43049120,43051062,43057051,43063332,43063873,43067607,43070927,43074330,43076487,43082403,43090943,43091434,43099774,43104121,43104867,43106455,43115725,43124016,43125270,","43045802,43047703,43049194,43051117,43057135,43063373,43063951,43067695,43071238,43074521,43076614,43082575,43091032,43094860,43099880,43104261,43104956,43106533,43115779,43124115,43125364,",0,BRCA1
NM_001407665.1,chr17,-,43044294,43125364,21,"43044294,43047642,43049120,43051062,43057051,43063332,43063873,43067607,43070927,43074330,43076487,43082403,43090943,43091434,43099774,43104121,43104867,43106455,43115725,43124016,43125276,","43045802,43047703,43049194,43051117,43057135,43063373,43063951,43067695,43071238,43074521,43076614,43082575,43091032,43094860,43099880,43104261,43104956,43106533,43115779,43124102,43125364,",0,BRCA1
NM_001407666.1,chr17,-,43044294,43125364,21,"43044294,43047642,43049120,43051062,43057051,43063332,43063873,43067607,43070927,43074330,43076487,43082403,43090943,43091434,43099774,43104121,43104867,43106455,43115725,43124016,43125181,","43045802,43047703,43049194,43051117,43057135,43063373,43063951,43067695,43071238,43074521,43076614,43082575,43091032,43094860,43099880,43104261,43104956,43106533,43115779,43124115,43125364,",0,BRCA1
NM_001407667.1,chr17,-,43044294,43125364,21,"43044294,43047642,43049120,43051062,43057051,43063332,43063873,43067607,43070927,43074330,43076487,43082403,43090943,43091434,43099774,43104121,43104867,43106455,43115725,43124016,43125276,","43045802,43047703,43049194,43051117,43057135,43063373,43063951,43067695,43071238,43074521,43076614,43082575,43091032,43094860,43099880,43104261,43104956,43106533,43115779,43124115,43125364,",0,BRCA1
NM_001407668.1,chr17,-,43044294,43125364,21,"43044294,43047642,43049120,43051062,43057051,43063332,43063873,43067607,43070927,43074330,43076487,43082403,43090943,43091434,43099774,43104121,43104867,43106455,43115725,43124016,43125270,","43045802,43047703,43049194,43051117,43057135,43063373,43063951,43067695,43071238,43074521,43076614,43082575,43091032,43094860,43099880,43104261,43104956,43106533,43115779,43124102,43125364,",0,BRCA1
NM_001407670.1,chr17,-,43044294,43125364,21,"43044294,43047642,43049120,43051062,43057051,43063332,43063873,43067607,43070927,43074330,43076487,43082403,43090943,43091434,43099774,43104121,43104867,43106455,43115725,43124016,43125270,","43045802,43047703,43049194,43051117,43057135,43063373,43063951,43067695,43071238,43074521,43076614,43082575,43091032,43094860,43099877,43104261,43104956,43106533,43115779,43124115,43125364,",0,BRCA1
NM_001407669.1,chr17,-,43044294,43125364,21,"43044294,43047642,43049120,43051062,43057051,43063332,43063873,43067607,43070927,43074330,43076487,43082403,43090943,43091434,43099774,43104121,43104867,43106455,43115725,43124016,43124736,","43045802,43047703,43049194,43051117,43057135,43063373,43063951,43067695,43071238,43074521,43076614,43082575,43091032,43094860,43099880,43104261,43104956,43106533,43115779,43124115,43125364,",0,BRCA1
NM_001407671.1,chr17,-,43044294,43125364,21,"43044294,43047642,43049120,43051062,43057051,43063332,43063873,43067607,43070927,43074330,43076487,43082403,43090943,43091434,43099774,43104121,43104867,43106455,43115725,43124016,43125276,","43045802,43047703,43049194,43051117,43057135,43063373,43063951,43067695,43071238,43074521,43076614,43082575,43091032,43094860,43099877,43104261,43104956,43106533,43115779,43124115,43125364,",0,BRCA1
NM_001407672.1,chr17,-,43044294,43125364,21,"43044294,43047642,43049120,43051062,43057051,43063332,43063873,43067607,43070927,43074330,43076487,43082403,43090943,43091434,43099774,43104121,43104867,43106455,43115725,43124016,43125181,","43045802,43047703,43049194,43051117,43057135,43063373,43063951,43067695,43071238,43074521,43076614,43082575,43091032,43094860,43099877,43104261,43104956,43106533,43115779,43124115,43125364,",0,BRCA1
NM_001407673.1,chr17,-,43044294,43125364,21,"43044294,43047642,43049120,43051062,43057051,43063332,43063873,43067607,43070927,43074330,43076487,43082403,43090943,43091434,43099774,43104121,43104867,43106455,43115725,43124016,43124736,","43045802,43047703,43049194,43051117,43057135,43063373,43063951,43067695,43071238,43074521,43076614,43082575,43091032,43094860,43099877,43104261,43104956,43106533,43115779,43124115,43125364,",0,BRCA1
NM_001407674.1,chr17,-,43044294,43125364,21,"43044294,43047642,43049120,43051062,43057051,43063332,43063873,43067607,43070927,43074330,43076487,43082403,43090943,43091434,43099774,43104121,43104867,43106455,43115725,43124016,43124736,","43045802,43047703,43049194,43051117,43057135,43063373,43063951,43067695,43071238,43074521,43076614,43082572,43091032,43094860,43099880,43104261,43104956,43106533,43115779,43124115,43125364,",0,BRCA1
NM_001407675.1,chr17,-,43044294,43125364,21,"43044294,43047642,43049120,43051062,43057051,43063332,43063873,43067607,43070927,43074330,43076487,43082403,43090943,43091434,43099774,43104121,43104867,43106455,43115725,43124016,43125270,","43045802,43047703,43049194,43051117,43057135,43063373,43063951,43067695,43071238,43074521,43076614,43082572,43091032,43094860,43099880,43104261,43104956,43106533,43115779,43124115,43125364,",0,BRCA1
NM_001407676.1,chr17,-,43044294,43125364,21,"43044294,43047642,43049120,43051062,43057051,43063332,43063873,43067607,43070927,43074330,43076487,43082403,43090943,43091434,43099774,43104121,43104867,43106455,43115725,43124016,43125276,","43045802,43047703,43049194,43051117,43057135,43063373,43063951,43067695,43071238,43074521,43076614,43082572,43091032,43094860,43099880,43104261,43104956,43106533,43115779,43124115,43125364,",0,BRCA1
NM_001407677.1,chr17,-,43044294,43125364,21,"43044294,43047642,43049120,43051062,43057051,43063332,43063873,43067607,43070927,43074330,43076487,43082403,43090943,43091434,43099774,43104121,43104867,43106455,43115725,43124016,43124736,","43045802,43047703,43049194,43051117,43057135,43063373,43063951,43067695,43071238,43074521,43076611,43082575,43091032,43094860,43099880,43104261,43104956,43106533,43115779,43124115,43125364,",0,BRCA1
NM_001407678.1,chr17,-,43044294,43125364,21,"43044294,43047642,43049120,43051062,43057051,43063332,43063873,43067607,43070927,43074330,43076487,43082403,43090943,43091434,43099774,43104121,43104867,43106455,43115725,43124016,43125181,","43045802,43047703,43049194,43051117,43057135,43063373,43063951,43067695,43071238,43074521,43076611,43082575,43091032,43094860,43099880,43104261,43104956,43106533,43115779,43124115,43125364,",0,BRCA1
NM_001407680.1,chr17,-,43044294,43125364,21,"43044294,43047642,43049120,43051062,43057051,43063332,43063873,43067607,43070927,43074330,43076487,43082403,43090943,43091434,43099774,43104121,43104867,43106455,43115725,43124016,43125270,","43045802,43047703,43049194,43051117,43057135,43063373,43063951,43067695,43071238,43074521,43076611,43082575,43091032,43094860,43099880,43104261,43104956,43106533,43115779,43124115,43125364,",0,BRCA1
NM_001407679.1,chr17,-,43044294,43125364,21,"43044294,43047642,43049120,43051062,43057051,43063332,43063873,43067607,43070927,43074330,43076487,43082403,43090943,43091434,43099774,43104121,43104867,43106455,43115725,43124016,43125276,","43045802,43047703,43049194,43051117,43057135,43063373,43063951,43067695,43071238,43074521,43076611,43082575,43091032,43094860,43099880,43104261,43104956,43106533,43115779,43124115,43125364,",0,BRCA1
NM_001407681.1,chr17,-,43044294,43125364,21,"43044294,43047642,43049120,43051062,43057051,43063332,43063873,43067607,43070927,43074330,43076487,43082403,43090943,43091434,43099774,43104121,43104867,43106455,43115725,43124016,43125270,","43045802,43047703,43049194,43051117,43057135,43063373,43063951,43067695,43071238,43074521,43076611,43082572,43091032,43094860,43099880,43104261,43104956,43106533,43115779,43124115,43125364,",0,BRCA1
NM_001407682.1,chr17,-,43044294,43125364,21,"43044294,43047642,43049120,43051062,43057051,43063332,43063873,43067607,43070927,43074330,43076487,43082403,43090943,43091434,43099774,43104121,43104867,43106455,43115725,43124016,43125276,","43045802,43047703,43049194,43051117,43057135,43063373,43063951,43067695,43071238,43074521,43076611,43082572,43091032,43094860,43099880,43104261,43104956,43106533,43115779,43124115,43125364,",0,BRCA1
NM_001407683.1,chr17,-,43044294,43125364,21,"43044294,43047642,43049120,43051062,43057051,43063332,43063873,43067607,43070927,43074330,43076487,43082403,43090943,43091434,43099774,43104121,43104867,43106455,43115725,43124016,43124736,","43045802,43047703,43049194,43051117,43057135,43063373,43063951,43067695,43071238,43074521,43076611,43082572,43091032,43094860,43099880,43104261,43104956,43106533,43115779,43124115,43125364,",0,BRCA1
NM_001407684.1,chr17,-,43044294,43125364,21,"43044294,43047642,43057051,43063332,43063873,43067607,43070927,43074330,43076487,43082403,43090943,43091434,43095845,43097243,43099774,43104121,43104867,43106455,43115725,43124016,43124736,","43045802,43047703,43057135,43063373,43063951,43067695,43071238,43074521,43076614,43082575,43091032,43094860,43095922,43097289,43099880,43104261,43104956,43106533,43115779,43124115,43125364,",0,BRCA1
NM_001407685.1,chr17,-,43044294,43125364,21,"43044294,43047642,43049120,43051062,43057051,43063332,43063873,43067607,43070927,43074330,43076487,43082403,43090943,43091434,43099774,43104121,43104867,43106455,43115725,43124016,43125276,","43045802,43047703,43049194,43051117,43057135,43063373,43063951,43067695,43071238,43074521,43076614,43082572,43091032,43094860,43099877,43104261,43104956,43106533,43115779,43124115,43125364,",0,BRCA1
NM_001407686.1,chr17,-,43044294,43125364,21,"43044294,43047642,43049120,43051062,43057051,43063332,43063873,43067607,43070927,43074330,43076487,43082403,43090943,43091434,43099774,43104121,43104867,43106455,43115725,43124016,43125276,","43045802,43047703,43049194,43051117,43057135,43063373,43063951,43067695,43071238,43074521,43076614,43082572,43091032,43094860,43099877,43104261,43104956,43106533,43115779,43124102,43125364,",0,BRCA1
NM_001407687.1,chr17,-,43044294,43125364,21,"43044294,43047642,43049120,43051062,43057051,43063332,43063873,43067607,43070927,43074330,43076487,43082403,43090943,43091434,43099774,43104121,43104867,43106455,43115725,43124016,43124736,","43045802,43047703,43049194,43051117,43057135,43063373,43063951,43067695,43071238,43074521,43076614,43082572,43091032,43094860,43099877,43104261,43104956,43106533,43115779,43124115,43125364,",0,BRCA1
NM_001407688.1,chr17,-,43044294,43125364,21,"43044294,43047642,43049120,43051062,43057051,43063332,43063873,43067607,43070927,43074330,43076487,43082403,43090943,43091434,43099774,43104121,43104867,43106455,43115725,43124016,43125276,","43045802,43047703,43049194,43051117,43057135,43063373,43063951,43067695,43071238,43074521,43076611,43082575,43091032,43094860,43099877,43104261,43104956,43106533,43115779,43124115,43125364,",0,BRCA1
NM_001407690.1,chr17,-,43044294,43125364,21,"43044294,43047642,43049120,43051062,43057051,43063332,43063873,43067607,43070927,43074330,43076487,43082403,43090943,43091434,43099774,43104121,43104867,43106455,43115725,43124016,43124736,","43045802,43047703,43049194,43051117,43057135,43063373,43063951,43067695,43071238,43074521,43076611,43082572,43091032,43094860,43099877,43104261,43104956,43106533,43115779,43124115,43125364,",0,BRCA1
NM_001407689.1,chr17,-,43044294,43125364,21,"43044294,43047642,43049120,43051062,43057051,43063332,43063873,43067607,43070927,43074330,43076487,43082403,43090943,43091434,43099774,43104121,43104867,43106455,43115725,43124016,43125270,","43045802,43047703,43049194,43051117,43057135,43063373,43063951,43067695,43071238,43074521,43076611,43082575,43091032,43094860,43099877,43104261,43104956,43106533,43115779,43124115,43125364,",0,BRCA1
NM_001407691.1,chr17,-,43044294,43125364,21,"43044294,43047642,43049120,43051062,43057051,43063332,43063873,43067607,43070927,43074330,43076487,43082403,43090943,43091434,43099774,43104121,43104867,43106455,43115725,43124016,43125276,","43045802,43047703,43049194,43051117,43057135,43063373,43063951,43067695,43071238,43074521,43076611,43082572,43091032,43094860,43099877,43104261,43104956,43106533,43115779,43124115,43125364,",0,BRCA1
NM_001407692.1,chr17,-,43044294,43125364,21,"43044294,43047642,43049120,43051062,43057051,43063332,43063873,43067607,43070927,43074330,43076487,43082403,43090943,43091434,43095845,43097243,43099774,43104121,43104867,43106455,43125270,","43045802,43047703,43049194,43051117,43057135,43063373,43063951,43067695,43071238,43074521,43076614,43082575,43091032,43094860,43095922,43097289,43099880,43104261,43104956,43106533,43125364,",0,BRCA1
NM_001407694.1,chr17,-,43044294,43125364,24,"43044294,43047642,43049120,43051062,43057051,43063332,43063873,43067607,43070927,43074330,43076487,43082403,43090943,43091434,43095845,43097243,43099774,43104121,43104867,43106455,43110464,43115725,43124016,43125270,","43045802,43047703,43049194,43051117,43057135,43063373,43063951,43067695,43071238,43074521,43076614,43082575,43091032,43094860,43095922,43097289,43099880,43104261,43104956,43106533,43110580,43115779,43124115,43125364,",0,BRCA1
NM_001407695.1,chr17,-,43044294,43125364,24,"43044294,43047642,43049120,43051062,43057051,43063332,43063873,43067607,43070927,43074330,43076487,43082403,43090943,43091434,43095845,43097243,43099774,43104121,43104867,43106455,43112486,43115725,43124016,43125276,","43045802,43047703,43049194,43051117,43057135,43063373,43063951,43067695,43071238,43074521,43076614,43082575,43091032,43094860,43095922,43097289,43099880,43104261,43104956,43106533,43112606,43115779,43124115,43125364,",0,BRCA1
NM_001407696.1,chr17,-,43044294,43125364,25,"43044294,43047642,43049120,43051062,43057051,43063332,43063873,43067607,43070927,43074330,43076487,43082403,43090943,43091434,43095845,43097243,43099774,43104121,43104867,43106455,43110464,43115725,43119120,43124016,43125270,","43045802,43047703,43049194,43051117,43057135,43063373,43063951,43067695,43071238,43074521,43076614,43082575,43091032,43094860,43095922,43097289,43099880,43104261,43104956,43106533,43110580,43115779,43119265,43124115,43125364,",0,BRCA1
NM_001407697.1,chr17,-,43044294,43125364,24,"43044294,43047642,43049120,43051062,43057051,43063332,43063873,43067607,43070927,43074330,43076487,43082403,43090943,43091434,43095845,43097243,43099774,43104121,43104867,43106455,43115725,43119120,43124016,43124736,","43045802,43047703,43049194,43051117,43057135,43063373,43063951,43067695,43071238,43074521,43076614,43082575,43091032,43094860,43095922,43097289,43099880,43104261,43104956,43106533,43115779,43119265,43124115,43125364,",0,BRCA1
NM_001407698.1,chr17,-,43044294,43125364,22,"43044294,43047642,43049120,43051062,43057051,43063332,43063873,43067607,43070927,43074330,43076487,43082403,43090943,43091434,43095845,43097243,43099774,43104121,43104867,43106455,43124016,43125270,","43045802,43047703,43049194,43051117,43057135,43063373,43063951,43067695,43071238,43074521,43076614,43082575,43091032,43094860,43095922,43097289,43099880,43104261,43104956,43106533,43124115,43125364,",0,BRCA1
NM_001407724.1,chr17,-,43044294,43125364,24,"43044294,43047642,43049120,43051062,43057051,43063332,43063873,43067607,43070927,43074330,43076487,43082403,43090943,43091434,43095845,43097243,43099774,43104121,43104867,43106455,43110464,43115725,43124016,43124736,","43045802,43047703,43049194,43051117,43057135,43063373,43063951,43067695,43071238,43074521,43076614,43082575,43091032,43094860,43095922,43097289,43099880,43104261,43104956,43106533,43110580,43115779,43124115,43125364,",0,BRCA1
NM_001407725.1,chr17,-,43044294,43125364,24,"43044294,43047642,43049120,43051062,43057051,43063332,43063873,43067607,43070927,43074330,43076487,43082403,43090943,43091434,43095845,43097243,43099774,43104121,43104867,43106455,43115725,43121557,43124016,43125270,","43045802,43047703,43049194,43051117,43057135,43063373,43063951,43067695,43071238,43074521,43076614,43082575,43091032,43094860,43095922,43097289,43099880,43104261,43104956,43106533,43115779,43121676,43124115,43125364,",0,BRCA1
NM_001407726.1,chr17,-,43044294,43125364,23,"43044294,43047642,43049120,43051062,43057051,43063332,43063873,43067607,43070927,43074330,43076487,43082403,43090943,43091434,43095845,43097243,43099774,43104121,43104867,43106455,43121557,43124016,43125276,","43045802,43047703,43049194,43051117,43057135,43063373,43063951,43067695,43071238,43074521,43076614,43082575,43091032,43094860,43095922,43097289,43099880,43104261,43104956,43106533,43121676,43124115,43125364,",0,BRCA1
NM_001407727.1,chr17,-,43044294,43125364,25,"43044294,43047642,43049120,43051062,43057051,43063332,43063873,43067607,43070927,43074330,43076487,43082403,43090943,43091434,43095845,43097243,43099774,43104121,43104867,43106455,43110464,43115725,43124016,43124736,43125270,","43045802,43047703,43049194,43051117,43057135,43063373,43063951,43067695,43071238,43074521,43076614,43082575,43091032,43094860,43095922,43097289,43099880,43104261,43104956,43106533,43110580,43115779,43124115,43124908,43125364,",0,BRCA1
NM_001407728.1,chr17,-,43044294,43125364,22,"43044294,43047642,43049120,43051062,43057051,43063332,43063873,43067607,43070927,43074330,43076487,43082403,43090943,43091434,43095845,43097243,43099774,43104121,43104867,43106455,43115725,43125276,","43045802,43047703,43049194,43051117,43057135,43063373,43063951,43067695,43071238,43074521,43076614,43082575,43091032,43094860,43095922,43097289,43099880,43104261,43104956,43106533,43115779,43125364,",0,BRCA1
NM_001407730.1,chr17,-,43044294,43125364,24,"43044294,43047642,43049120,43051062,43057051,43063332,43063873,43067607,43070927,43074330,43076487,43082403,43090943,43091434,43095845,43097243,43099774,43104121,43104867,43106455,43115725,43121557,43124016,43125276,","43045802,43047703,43049194,43051117,43057135,43063373,43063951,43067695,43071238,43074521,43076614,43082575,43091032,43094860,43095922,43097289,43099880,43104261,43104956,43106533,43115779,43121676,43124115,43125364,",0,BRCA1
NM_001407729.1,chr17,-,43044294,43125364,22,"43044294,43047642,43049120,43051062,43057051,43063332,43063873,43067607,43070927,43074330,43076487,43082403,43090943,43091434,43095845,43097243,43099774,43104121,43104867,43106455,43115725,43125270,","43045802,43047703,43049194,43051117,43057135,43063373,43063951,43067695,43071238,43074521,43076614,43082575,43091032,43094860,43095922,43097289,43099880,43104261,43104956,43106533,43115779,43125364,",0,BRCA1
NM_001407731.1,chr17,-,43044294,43125364,24,"43044294,43047642,43049120,43051062,43057051,43063332,43063873,43067607,43070927,43074330,43076487,43082403,43090943,43091434,43095845,43097243,43099774,43104121,43104867,43106455,43110464,43115725,43124016,43125276,","43045802,43047703,43049194,43051117,43057135,43063373,43063951,43067695,43071238,43074521,43076614,43082575,43091032,43094860,43095922,43097289,43099880,43104261,43104956,43106533,43110580,43115779,43124115,43125364,",0,BRCA1
NM_001407732.1,chr17,-,43044294,43125364,22,"43044294,43047642,43049120,43051062,43057051,43063332,43063873,43067607,43070927,43074330,43076487,43082403,43090943,43091434,43095845,43097243,43099774,43104121,43104867,43106455,43124016,43125270,","43045802,43047703,43049194,43051117,43057135,43063373,43063951,43067695,43071238,43074521,43076611,43082575,43091032,43094860,43095922,43097289,43099880,43104261,43104956,43106533,43124115,43125364,",0,BRCA1
NM_001407733.1,chr17,-,43044294,43125364,24,"43044294,43047642,43049120,43051062,43057051,43063332,43063873,43067607,43070927,43074330,43076487,43082403,43090943,43091434,43095845,43097243,43099774,43104121,43104867,43106455,43110464,43115725,43124016,43125270,","43045802,43047703,43049194,43051117,43057135,43063373,43063951,43067695,43071238,43074521,43076611,43082575,43091032,43094860,43095922,43097289,43099880,43104261,43104956,43106533,43110580,43115779,43124115,43125364,",0,BRCA1
NM_001407734.1,chr17,-,43044294,43125364,24,"43044294,43047642,43049120,43051062,43057051,43063332,43063873,43067607,43070927,43074330,43076487,43082403,43090943,43091434,43095845,43097243,43099774,43104121,43104867,43106455,43115725,43121557,43124016,43125276,","43045802,43047703,43049194,43051117,43057135,43063373,43063951,43067695,43071238,43074521,43076611,43082575,43091032,43094860,43095922,43097289,43099880,43104261,43104956,43106533,43115779,43121676,43124115,43125364,",0,BRCA1
NM_001407735.1,chr17,-,43044294,43125364,22,"43044294,43047642,43049120,43051062,43057051,43063332,43063873,43067607,43070927,43074330,43076487,43082403,43090943,43091434,43095845,43097243,43099774,43104121,43104867,43106455,43115725,43125270,","43045802,43047703,43049194,43051117,43057135,43063373,43063951,43067695,43071238,43074521,43076611,43082575,43091032,43094860,43095922,43097289,43099880,43104261,43104956,43106533,43115779,43125364,",0,BRCA1
NM_001407736.1,chr17,-,43044294,43125364,22,"43044294,43047642,43049120,43051062,43057051,43063332,43063873,43067607,43070927,43074330,43076487,43082403,43090943,43091434,43095845,43097243,43099774,43104121,43104867,43106455,43124016,43125276,","43045802,43047703,43049194,43051117,43057135,43063373,43063951,43067695,43071238,43074521,43076611,43082575,43091032,43094860,43095922,43097289,43099880,43104261,43104956,43106533,43124115,43125364,",0,BRCA1
NM_001407737.1,chr17,-,43044294,43125364,22,"43044294,43047642,43049120,43051062,43057051,43063332,43063873,43067607,43070927,43074330,43076487,43082403,43090943,43091434,43095845,43097243,43099774,43104121,43104867,43106455,43115725,43125276,","43045802,43047703,43049194,43051117,43057135,43063373,43063951,43067695,43071238,43074521,43076611,43082575,43091032,43094860,43095922,43097289,43099880,43104261,43104956,43106533,43115779,43125364,",0,BRCA1
NM_001407738.1,chr17,-,43044294,43125364,22,"43044294,43047642,43049120,43051062,43057051,43063332,43063873,43067607,43070927,43074330,43076487,43082403,43090943,43091434,43095845,43097243,43099774,43104121,43104867,43106455,43124016,43125276,","43045802,43047703,43049194,43051117,43057135,43063373,43063951,43067695,43071238,43074521,43076611,43082575,43091032,43094860,43095922,43097289,43099880,43104261,43104956,43106533,43124102,43125364,",0,BRCA1
NM_001407740.1,chr17,-,43044294,43125364,24,"43044294,43047642,43049120,43051062,43057051,43063332,43063873,43067607,43070927,43074330,43076487,43082403,43090943,43091434,43095845,43097243,43099774,43104121,43104867,43106455,43115725,43121557,43124016,43125270,","43045802,43047703,43049194,43051117,43057135,43063373,43063951,43067695,43071238,43074521,43076614,43082575,43091032,43094860,43095922,43097289,43099877,43104261,43104956,43106533,43115779,43121676,43124115,43125364,",0,BRCA1
NM_001407739.1,chr17,-,43044294,43125364,24,"43044294,43047642,43049120,43051062,43057051,43063332,43063873,43067607,43070927,43074330,43076487,43082403,43090943,43091434,43095845,43097243,43099774,43104121,43104867,43106455,43115725,43121557,43124016,43125270,","43045802,43047703,43049194,43051117,43057135,43063373,43063951,43067695,43071238,43074521,43076611,43082575,43091032,43094860,43095922,43097289,43099880,43104261,43104956,43106533,43115779,43121676,43124115,43125364,",0,BRCA1
NM_001407741.1,chr17,-,43044294,43125364,24,"43044294,43047642,43049120,43051062,43057051,43063332,43063873,43067607,43070927,43074330,43076487,43082403,43090943,43091434,43095845,43097243,43099774,43104121,43104867,43106455,43115725,43121557,43124016,43124736,","43045802,43047703,43049194,43051117,43057135,43063373,43063951,43067695,43071238,43074521,43076614,43082575,43091032,43094860,43095922,43097289,43099877,43104261,43104956,43106533,43115779,43121680,43124115,43125364,",0,BRCA1
NM_001407742.1,chr17,-,43044294,43125364,22,"43044294,43047642,43049120,43051062,43057051,43063332,43063873,43067607,43070927,43074330,43076487,43082403,43090943,43091434,43095845,43097243,43099774,43104121,43104867,43106455,43124016,43125276,","43045802,43047703,43049194,43051117,43057135,43063373,43063951,43067695,43071238,43074521,43076614,43082575,43091032,43094860,43095922,43097289,43099877,43104261,43104956,43106533,43124115,43125364,",0,BRCA1
NM_001407743.1,chr17,-,43044294,43125364,22,"43044294,43047642,43049120,43051062,43057051,43063332,43063873,43067607,43070927,43074330,43076487,43082403,43090943,43091434,43095845,43097243,43099774,43104121,43104867,43106455,43115725,43125270,","43045802,43047703,43049194,43051117,43057135,43063373,43063951,43067695,43071238,43074521,43076614,43082575,43091032,43094860,43095922,43097289,43099877,43104261,43104956,43106533,43115779,43125364,",0,BRCA1
NM_001407744.1,chr17,-,43044294,43125364,22,"43044294,43047642,43049120,43051062,43057051,43063332,43063873,43067607,43070927,43074330,43076487,43082403,43090943,43091434,43095845,43097243,43099774,43104121,43104867,43106455,43124016,43125270,","43045802,43047703,43049194,43051117,43057135,43063373,43063951,43067695,43071238,43074521,43076614,43082575,43091032,43094860,43095922,43097289,43099877,43104261,43104956,43106533,43124115,43125364,",0,BRCA1
NM_001407745.1,chr17,-,43044294,43125364,22,"43044294,43047642,43049120,43051062,43057051,43063332,43063873,43067607,43070927,43074330,43076487,43082403,43090943,43091434,43095845,43097243,43099774,43104121,43104867,43106455,43115725,43125276,","43045802,43047703,43049194,43051117,43057135,43063373,43063951,43067695,43071238,43074521,43076614,43082575,43091032,43094860,43095922,43097289,43099877,43104261,43104956,43106533,43115779,43125364,",0,BRCA1
NM_001407746.1,chr17,-,43044294,43125364,23,"43044294,43047642,43049120,43051062,43057051,43063332,43063873,43067607,43070927,43074330,43076487,43082403,43090943,43091434,43095845,43097243,43099774,43104121,43104867,43106455,43110464,43115725,43125276,","43045802,43047703,43049194,43051117,43057135,43063373,43063951,43067695,43071238,43074521,43076614,43082575,43091032,43094860,43095922,43097289,43099877,43104261,43104956,43106533,43110580,43115779,43125364,",0,BRCA1
NM_001407747.1,chr17,-,43044294,43125364,21,"43044294,43047642,43049120,43051062,43057051,43063332,43063873,43067607,43070927,43074330,43076487,43082403,43090943,43091434,43095845,43097243,43099774,43104121,43104867,43106455,43125276,","43045802,43047703,43049194,43051117,43057135,43063373,43063951,43067695,43071238,43074521,43076614,43082575,43091032,43094860,43095922,43097289,43099877,43104261,43104956,43106533,43125364,",0,BRCA1
NM_001407748.1,chr17,-,43044294,43125364,24,"43044294,43047642,43049120,43051062,43057051,43063332,43063873,43067607,43070927,43074330,43076487,43082403,43090943,43091434,43095845,43097243,43099774,43104121,43104867,43106455,43115725,43121557,43124016,43125276,","43045802,43047703,43049194,43051117,43057135,43063373,43063951,43067695,43071238,43074521,43076614,43082575,43091032,43094860,43095922,43097289,43099877,43104261,43104956,43106533,43115779,43121676,43124115,43125364,",0,BRCA1
NM_001407750.1,chr17,-,43044294,43125364,22,"43044294,43047642,43049120,43051062,43057051,43063332,43063873,43067607,43070927,43074330,43076487,43082403,43090943,43091434,43095845,43097243,43099774,43104121,43104867,43106455,43124016,43125270,","43045802,43047703,43049194,43051117,43057135,43063373,43063951,43067695,43071238,43074521,43076614,43082572,43091032,43094860,43095922,43097289,43099880,43104261,43104956,43106533,43124115,43125364,",0,BRCA1
NM_001407749.1,chr17,-,43044294,43125364,24,"43044294,43047642,43049120,43051062,43057051,43063332,43063873,43067607,43070927,43074330,43076487,43082403,43090943,43091434,43095845,43097243,43099774,43104121,43104867,43106455,43110464,43115725,43124016,43125276,","43045802,43047703,43049194,43051117,43057135,43063373,43063951,43067695,43071238,43074521,43076614,43082575,43091032,43094860,43095922,43097289,43099877,43104261,43104956,43106533,43110580,43115779,43124115,43125364,",0,BRCA1
NM_001407751.1,chr17,-,43044294,43125364,23,"43044294,43047642,43049120,43051062,43057051,43063332,43063873,43067607,43070927,43074330,43076487,43082403,43090943,43091434,43095845,43097243,43099774,43104121,43104867,43106455,43121557,43124016,43125270,","43045802,43047703,43049194,43051117,43057135,43063373,43063951,43067695,43071238,43074521,43076614,43082572,43091032,43094860,43095922,43097289,43099880,43104261,43104956,43106533,43121676,43124115,43125364,",0,BRCA1
NM_000267.4,chr17,+,31094976,31377675,57,"31094976,31155982,31159009,31163185,31169890,31181421,31181709,31182507,31200421,31201036,31201410,31206239,31214450,31219004,31221849,31223443,31225094,31226434,31227217,31227522,31229024,31229834,31230259,31230841,31232072,31232699,31233001,31235610,31235917,31248983,31258343,31259031,31260368,31261710,31265228,31325819,31327498,31330295,31334837,31336332,31336634,31337367,31337818,31338024,31338703,31340504,31343008,31349119,31350182,31352256,31356459,31356959,31357268,31358479,31358968,31360486,31374012,","31095369,31156126,31159093,31163376,31169997,31181489,31181785,31182665,31200595,31201159,31201485,31206371,31214585,31219118,31221929,31223567,31225250,31226684,31227291,31227606,31229465,31229974,31230382,31230925,31232189,31232881,31233213,31235772,31236021,31249119,31258502,31259129,31260515,31261857,31265339,31326252,31327839,31330498,31335031,31336473,31336914,31337582,31337880,31338139,31338805,31340645,31343135,31349251,31350318,31352414,31356582,31357090,31357369,31358622,31359015,31360703,31377675,",0,NF1
NM_001407752.1,chr17,-,43044294,43125364,24,"43044294,43047642,43049120,43051062,43057051,43063332,43063873,43067607,43070927,43074330,43076487,43082403,43090943,43091434,43095845,43097243,43099774,43104121,43104867,43106455,43115725,43121557,43124016,43125276,","43045802,43047703,43049194,43051117,43057135,43063373,43063951,43067695,43071238,43074521,43076614,43082572,43091032,43094860,43095922,43097289,43099880,43104261,43104956,43106533,43115779,43121676,43124115,43125364,",0,BRCA1
NM_001407838.1,chr17,-,43044294,43125364,24,"43044294,43047642,43049120,43051062,43057051,43063332,43063873,43067607,43070927,43074330,43076487,43082403,43090943,43091434,43095845,43097243,43099774,43104121,43104867,43106455,43115725,43121557,43124016,43124736,","43045802,43047703,43049194,43051117,43057135,43063373,43063951,43067695,43071238,43074521,43076611,43082575,43091032,43094860,43095922,43097289,43099877,43104261,43104956,43106533,43115779,43121676,43124115,43125364,",0,BRCA1
NM_001407839.1,chr17,-,43044294,43125364,22,"43044294,43047642,43049120,43051062,43057051,43063332,43063873,43067607,43070927,43074330,43076487,43082403,43090943,43091434,43095845,43097243,43099774,43104121,43104867,43106455,43115725,43125276,","43045802,43047703,43049194,43051117,43057135,43063373,43063951,43067695,43071238,43074521,43076611,43082575,43091032,43094860,43095922,43097289,43099877,43104261,43104956,43106533,43115779,43125364,",0,BRCA1
NM_001407841.1,chr17,-,43044294,43125364,23,"43044294,43047642,43049120,43051062,43057051,43063332,43063873,43067607,43070927,43074330,43076487,43082403,43090943,43091434,43095845,43097243,43099774,43104121,43104867,43106455,43115729,43124016,43125181,","43045802,43047703,43049194,43051117,43057135,43063373,43063951,43067695,43071238,43074521,43076611,43082575,43091032,43094860,43095922,43097289,43099877,43104261,43104956,43106533,43115779,43124115,43125364,",0,BRCA1
NM_001407842.1,chr17,-,43044294,43125364,24,"43044294,43047642,43049120,43051062,43057051,43063332,43063873,43067607,43070927,43074330,43076487,43082403,43090943,43091434,43095845,43097243,43099774,43104121,43104867,43106455,43110464,43115725,43124016,43125276,","43045802,43047703,43049194,43051117,43057135,43063373,43063951,43067695,43071238,43074521,43076611,43082575,43091032,43094860,43095922,43097289,43099877,43104261,43104956,43106533,43110580,43115779,43124115,43125364,",0,BRCA1
NM_001407843.1,chr17,-,43044294,43125364,24,"43044294,43047642,43049120,43051062,43057051,43063332,43063873,43067607,43070927,43074330,43076487,43082403,43090943,43091434,43095845,43097243,43099774,43104121,43104867,43106455,43110464,43115725,43124016,43125270,","43045802,43047703,43049194,43051117,43057135,43063373,43063951,43067695,43071238,43074521,43076611,43082575,43091032,43094860,43095922,43097289,43099877,43104261,43104956,43106533,43110580,43115779,43124115,43125364,",0,BRCA1
NM_001407844.1,chr17,-,43044294,43125364,22,"43044294,43047642,43049120,43051062,43057051,43063332,43063873,43067607,43070927,43074330,43076487,43082403,43090943,43091434,43095845,43097243,43099774,43104121,43104867,43106455,43115725,43125270,","43045802,43047703,43049194,43051117,43057135,43063373,43063951,43067695,43071238,43074521,43076611,43082575,43091032,43094860,43095922,43097289,43099877,43104261,43104956,43106533,43115779,43125364,",0,BRCA1
NM_001407845.1,chr17,-,43044294,43125364,22,"43044294,43047642,43049120,43051062,43057051,43063332,43063873,43067607,43070927,43074330,43076487,43082403,43090943,43091434,43095845,43097243,43099774,43104121,43104867,43106455,43124016,43125270,","43045802,43047703,43049194,43051117,43057135,43063373,43063951,43067695,43071238,43074521,43076611,43082575,43091032,43094860,43095922,43097289,43099877,43104261,43104956,43106533,43124115,43125364,",0,BRCA1
NM_001407846.1,chr17,-,43044294,43125364,24,"43044294,43047642,43049120,43051062,43057051,43063332,43063873,43067607,43070927,43074330,43076487,43082403,43090943,43091434,43095845,43097243,43099774,43104121,43104867,43106455,43115725,43119120,43124016,43125276,","43045802,43047703,43049194,43051117,43057135,43063373,43063951,43067695,43071238,43074521,43076611,43082575,43091032,43094860,43095922,43097289,43099877,43104261,43104956,43106533,43115779,43119265,43124115,43125364,",0,BRCA1
NM_001407847.1,chr17,-,43044294,43125364,24,"43044294,43047642,43049120,43051062,43057051,43063332,43063873,43067607,43070927,43074330,43076487,43082403,43090943,43091434,43095845,43097243,43099774,43104121,43104867,43106455,43115725,43121557,43124016,43125270,","43045802,43047703,43049194,43051117,43057135,43063373,43063951,43067695,43071238,43074521,43076614,43082572,43091032,43094860,43095922,43097289,43099877,43104261,43104956,43106533,43115779,43121676,43124115,43125364,",0,BRCA1
NM_001407848.1,chr17,-,43044294,43125364,22,"43044294,43047642,43049120,43051062,43057051,43063332,43063873,43067607,43070927,43074330,43076487,43082403,43090943,43091434,43095845,43097243,43099774,43104121,43104867,43106455,43115725,43125276,","43045802,43047703,43049194,43051117,43057135,43063373,43063951,43067695,43071238,43074521,43076614,43082572,43091032,43094860,43095922,43097289,43099877,43104261,43104956,43106533,43115779,43125364,",0,BRCA1
NM_001407850.1,chr17,-,43044294,43125364,24,"43044294,43047642,43049120,43051062,43057051,43063332,43063873,43067607,43070927,43074330,43076487,43082403,43090943,43091434,43095845,43097243,43099774,43104121,43104867,43106455,43115725,43121557,43124016,43125276,","43045802,43047703,43049194,43051117,43057135,43063373,43063951,43067695,43071238,43074521,43076611,43082572,43091032,43094860,43095922,43097289,43099880,43104261,43104956,43106533,43115779,43121676,43124115,43125364,",0,BRCA1
NM_001407849.1,chr17,-,43044294,43125364,22,"43044294,43047642,43049120,43051062,43057051,43063332,43063873,43067607,43070927,43074330,43076487,43082403,43090943,43091434,43095845,43097243,43099774,43104121,43104867,43106455,43124016,43125270,","43045802,43047703,43049194,43051117,43057135,43063373,43063951,43067695,43071238,43074521,43076614,43082572,43091032,43094860,43095922,43097289,43099877,43104261,43104956,43106533,43124115,43125364,",0,BRCA1
NM_001407851.1,chr17,-,43044294,43125364,22,"43044294,43047642,43049120,43051062,43057051,43063332,43063873,43067607,43070927,43074330,43076487,43082403,43090943,43091434,43095845,43097243,43099774,43104121,43104867,43106455,43115725,43125270,","43045802,43047703,43049194,43051117,43057135,43063373,43063951,43067695,43071238,43074521,43076611,43082572,43091032,43094860,43095922,43097289,43099880,43104261,43104956,43106533,43115779,43125364,",0,BRCA1
NM_001407852.1,chr17,-,43044294,43125364,22,"43044294,43047642,43049120,43051062,43057051,43063332,43063873,43067607,43070927,43074330,43076487,43082403,43090943,43091434,43095845,43097243,43099774,43104121,43104867,43106455,43124016,43125270,","43045802,43047703,43049194,43051117,43057135,43063373,43063951,43067695,43071238,43074521,43076611,43082572,43091032,43094860,43095922,43097289,43099880,43104261,43104956,43106533,43124115,43125364,",0,BRCA1
NM_001407853.1,chr17,-,43044294,43125364,24,"43044294,43047642,43049120,43051062,43057051,43063332,43063873,43067607,43070927,43074330,43076487,43079333,43082403,43090943,43091434,43095845,43097243,43099774,43104121,43104867,43106477,43115725,43124016,43125270,","43045802,43047703,43049194,43051117,43057135,43063373,43063951,43067695,43071238,43074521,43076614,43079399,43082575,43091032,43094860,43095922,43097289,43099877,43104261,43104956,43106533,43115779,43124115,43125364,",0,BRCA1
NM_001407854.1,chr17,-,43044294,43125364,22,"43044294,43047642,43051062,43057051,43063332,43063873,43067607,43070927,43074330,43076487,43082403,43090943,43091434,43095845,43097243,43099774,43104121,43104867,43106455,43115725,43124016,43125276,","43045802,43047703,43051117,43057135,43063373,43063951,43067695,43071238,43074521,43076614,43082575,43091032,43094860,43095922,43097289,43099880,43104261,43104956,43106533,43115779,43124115,43125364,",0,BRCA1
NM_001407858.1,chr17,-,43044294,43125364,22,"43044294,43047642,43051062,43057051,43063332,43063873,43067607,43070927,43074330,43076487,43082403,43090943,43091434,43095845,43097243,43099774,43104121,43104867,43106455,43115725,43124016,43125270,","43045802,43047703,43051117,43057135,43063373,43063951,43067695,43071238,43074521,43076611,43082575,43091032,43094860,43095922,43097289,43099880,43104261,43104956,43106533,43115779,43124115,43125364,",0,BRCA1
NM_001407860.1,chr17,-,43044294,43125364,22,"43044294,43047642,43051062,43057051,43063332,43063873,43067607,43070927,43074330,43076487,43082403,43090943,43091434,43095845,43097243,43099774,43104121,43104867,43106455,43115725,43124016,43125270,","43045802,43047703,43051117,43057135,43063373,43063951,43067695,43071238,43074521,43076614,43082575,43091032,43094860,43095922,43097289,43099877,43104261,43104956,43106533,43115779,43124115,43125364,",0,BRCA1
NM_001407859.1,chr17,-,43044294,43125364,22,"43044294,43047642,43051062,43057051,43063332,43063873,43067607,43070927,43074330,43076487,43082403,43090943,43091434,43095845,43097243,43099774,43104121,43104867,43106455,43115725,43124016,43125181,","43045802,43047703,43051117,43057135,43063373,43063951,43067695,43071238,43074521,43076611,43082575,43091032,43094860,43095922,43097289,43099880,43104261,43104956,43106533,43115779,43124115,43125364,",0,BRCA1
NM_001407861.1,chr17,-,43044294,43125364,22,"43044294,43047642,43051062,43057051,43063332,43063873,43067607,43070927,43074330,43076487,43082403,43090943,43091434,43095845,43097243,43099774,43104121,43104867,43106455,43115725,43124016,43125276,","43045802,43047703,43051117,43057135,43063373,43063951,43067695,43071238,43074521,43076611,43082575,43091032,43094860,43095922,43097289,43099877,43104261,43104956,43106533,43115779,43124115,43125364,",0,BRCA1
NM_001407862.1,chr17,-,43044294,43125364,20,"43044294,43047642,43049120,43051062,43057051,43063332,43063873,43067607,43070927,43074330,43076487,43082403,43090943,43091434,43099774,43104121,43104867,43115725,43124016,43125270,","43045802,43047703,43049194,43051117,43057135,43063373,43063951,43067695,43071238,43074521,43076614,43082575,43091032,43094860,43099880,43104261,43104956,43115779,43124115,43125364,",0,BRCA1
NM_001407863.1,chr17,-,43044294,43125364,20,"43044294,43047642,43049120,43051062,43057051,43063332,43067607,43070927,43074330,43076487,43082403,43090943,43091434,43099774,43104121,43104867,43106455,43115725,43124016,43125276,","43045802,43047703,43049194,43051117,43057135,43063373,43067695,43071238,43074521,43076611,43082575,43091032,43094860,43099880,43104261,43104956,43106533,43115779,43124115,43125364,",0,BRCA1
NM_001407874.1,chr17,-,43044294,43125364,20,"43044294,43047642,43049120,43051062,43057051,43063332,43063873,43067607,43070927,43074330,43076487,43082403,43090943,43091434,43099774,43104121,43104867,43115725,43124016,43125181,","43045802,43047703,43049194,43051117,43057135,43063373,43063951,43067695,43071238,43074521,43076611,43082575,43091032,43094860,43099877,43104261,43104956,43115779,43124115,43125364,",0,BRCA1
NM_001407875.1,chr17,-,43044294,43125364,20,"43044294,43047642,43049120,43051062,43057051,43063332,43063873,43067607,43070927,43074330,43076487,43082403,43090943,43091434,43099774,43104121,43104867,43115725,43124016,43125276,","43045802,43047703,43049194,43051117,43057135,43063373,43063951,43067695,43071238,43074521,43076611,43082575,43091032,43094860,43099877,43104261,43104956,43115779,43124115,43125364,",0,BRCA1
NM_001407879.1,chr17,-,43044294,43125364,23,"43044294,43047642,43049120,43051062,43057051,43063332,43063873,43067607,43070927,43074330,43076487,43082403,43090943,43091434,43095845,43097243,43099774,43104121,43104867,43106477,43115725,43124016,43125181,","43045802,43047703,43049194,43051117,43057135,43063373,43063951,43067695,43071238,43074521,43076614,43082575,43091032,43094860,43095922,43097289,43099880,43104261,43104956,43106533,43115779,43124115,43125364,",0,BRCA1
NM_001407881.1,chr17,-,43044294,43125364,22,"43044294,43047642,43049120,43051062,43057051,43063332,43063873,43067607,43070927,43074330,43076487,43082403,43090943,43091434,43095845,43097243,43099774,43104121,43104867,43106477,43124016,43125276,","43045802,43047703,43049194,43051117,43057135,43063373,43063951,43067695,43071238,43074521,43076614,43082575,43091032,43094860,43095922,43097289,43099880,43104261,43104956,43106533,43124115,43125364,",0,BRCA1
NM_001407882.1,chr17,-,43044294,43125364,23,"43044294,43047642,43049120,43051062,43057051,43063332,43063873,43067607,43070927,43074330,43076487,43082403,43090943,43091434,43095845,43097243,43099774,43104121,43104867,43106477,43115725,43124016,43124736,","43045802,43047703,43049194,43051117,43057135,43063373,43063951,43067695,43071238,43074521,43076614,43082575,43091032,43094860,43095922,43097289,43099880,43104261,43104956,43106533,43115779,43124115,43125364,",0,BRCA1
XR_007065315.1,chr17,+,66302612,66703864,11,"66302612,66306095,66496200,66641354,66645382,66687110,66688301,66688950,66691539,66694913,66696426,","66303024,66306127,66496283,66641466,66645511,66687267,66688436,66689047,66691907,66694997,66703864,",0,PRKCA
NM_001407884.1,chr17,-,43044294,43125364,23,"43044294,43047642,43049120,43051062,43057051,43063332,43063873,43067607,43070927,43074330,43076487,43082403,43090943,43091434,43095845,43097243,43099774,43104121,43104867,43106477,43115725,43124016,43125270,","43045802,43047703,43049194,43051117,43057135,43063373,43063951,43067695,43071238,43074521,43076614,43082575,43091032,43094860,43095922,43097289,43099880,43104261,43104956,43106533,43115779,43124115,43125364,",0,BRCA1
XR_007065316.1,chr17,+,66302612,66703864,10,"66302612,66306095,66496200,66641354,66645382,66687110,66688301,66688950,66691539,66696426,","66303024,66306127,66496283,66641466,66645511,66687267,66688436,66689047,66691907,66703864,",0,PRKCA
NM_001407885.1,chr17,-,43044294,43125364,22,"43044294,43047642,43049120,43051062,43057051,43063332,43063873,43067607,43070927,43074330,43076487,43082403,43090943,43091434,43095845,43097243,43099774,43104121,43104867,43106477,43115725,43125276,","43045802,43047703,43049194,43051117,43057135,43063373,43063951,43067695,43071238,43074521,43076614,43082575,43091032,43094860,43095922,43097289,43099880,43104261,43104956,43106533,43115779,43125364,",0,BRCA1
XR_007065317.1,chr17,+,66302612,66703864,12,"66302612,66306095,66496200,66641354,66645382,66687110,66688301,66688950,66691539,66694913,66696426,66703326,","66303024,66306127,66496283,66641466,66645511,66687267,66688436,66689047,66691907,66694997,66696487,66703864,",0,PRKCA
NM_001407886.1,chr17,-,43044294,43125364,23,"43044294,43047642,43049120,43051062,43057051,43063332,43063873,43067607,43070927,43074330,43076487,43082403,43090943,43091434,43095845,43097243,43099774,43104121,43104867,43106477,43115725,43124016,43125276,","43045802,43047703,43049194,43051117,43057135,43063373,43063951,43067695,43071238,43074521,43076614,43082575,43091032,43094860,43095922,43097289,43099880,43104261,43104956,43106533,43115779,43124102,43125364,",0,BRCA1
NM_001407887.1,chr17,-,43044294,43125364,23,"43044294,43047642,43049120,43051062,43057051,43063332,43063873,43067607,43070927,43074330,43076487,43082403,43090943,43091434,43095845,43097243,43099774,43104121,43104867,43106477,43115725,43124016,43125276,","43045802,43047703,43049194,43051117,43057135,43063373,43063951,43067695,43071238,43074521,43076614,43082575,43091032,43094860,43095922,43097289,43099880,43104261,43104956,43106533,43115779,43124115,43125364,",0,BRCA1
NM_001407900.1,chr17,-,43044294,43125364,23,"43044294,43047642,43049120,43051062,43057051,43063332,43063873,43067607,43070927,43074330,43076487,43082403,43090943,43091434,43095845,43097243,43099774,43104121,43104867,43106477,43110464,43115725,43125181,","43045802,43047703,43049194,43051117,43057135,43063373,43063951,43067695,43071238,43074521,43076611,43082575,43091032,43094860,43095922,43097289,43099880,43104261,43104956,43106533,43110580,43115779,43125364,",0,BRCA1
NM_001407889.1,chr17,-,43044294,43125364,24,"43044294,43047642,43049120,43051062,43057051,43063332,43063873,43067607,43070927,43074330,43076487,43082403,43090943,43091434,43095845,43097243,43099774,43104121,43104867,43106477,43112486,43115725,43124016,43125276,","43045802,43047703,43049194,43051117,43057135,43063373,43063951,43067695,43071238,43074521,43076614,43082575,43091032,43094860,43095922,43097289,43099880,43104261,43104956,43106533,43112602,43115779,43124115,43125364,",0,BRCA1
NM_001407902.1,chr17,-,43044294,43125364,22,"43044294,43047642,43049120,43051062,43057051,43063332,43063873,43067607,43070927,43074330,43076487,43082403,43090943,43091434,43095845,43097243,43099774,43104121,43104867,43106477,43124016,43124736,","43045802,43047703,43049194,43051117,43057135,43063373,43063951,43067695,43071238,43074521,43076611,43082575,43091032,43094860,43095922,43097289,43099880,43104261,43104956,43106533,43124115,43125364,",0,BRCA1
NM_001407904.1,chr17,-,43044294,43125364,23,"43044294,43047642,43049120,43051062,43057051,43063332,43063873,43067607,43070927,43074330,43076487,43082403,43090943,43091434,43095845,43097243,43099774,43104121,43104867,43106477,43115725,43124016,43125270,","43045802,43047703,43049194,43051117,43057135,43063373,43063951,43067695,43071238,43074521,43076611,43082575,43091032,43094860,43095922,43097289,43099880,43104261,43104956,43106533,43115779,43124115,43125364,",0,BRCA1
NM_001407894.1,chr17,-,43044294,43125364,23,"43044294,43047642,43049120,43051062,43057051,43063332,43063873,43067607,43070927,43074330,43076487,43082403,43090943,43091434,43095845,43097243,43099774,43104121,43104867,43106477,43115725,43124016,43125276,","43045802,43047703,43049194,43051117,43057135,43063373,43063951,43067695,43071238,43074521,43076614,43082575,43091032,43094860,43095922,43097289,43099877,43104261,43104956,43106533,43115779,43124115,43125364,",0,BRCA1
NM_001407895.1,chr17,-,43044294,43125364,23,"43044294,43047642,43049120,43051062,43057051,43063332,43063873,43067607,43070927,43074330,43076487,43082403,43090943,43091434,43095845,43097243,43099774,43104121,43104867,43106477,43115725,43124016,43125270,","43045802,43047703,43049194,43051117,43057135,43063373,43063951,43067695,43071238,43074521,43076614,43082575,43091032,43094860,43095922,43097289,43099877,43104261,43104956,43106533,43115779,43124115,43125364,",0,BRCA1
NM_001407906.1,chr17,-,43044294,43125364,23,"43044294,43047642,43049120,43051062,43057051,43063332,43063873,43067607,43070927,43074330,43076487,43082403,43090943,43091434,43095845,43097243,43099774,43104121,43104867,43106477,43115725,43124016,43125276,","43045802,43047703,43049194,43051117,43057135,43063373,43063951,43067695,43071238,43074521,43076611,43082575,43091032,43094860,43095922,43097289,43099880,43104261,43104956,43106533,43115779,43124115,43125364,",0,BRCA1
NM_001407896.1,chr17,-,43044294,43125364,22,"43044294,43047642,43049120,43051062,43057051,43063332,43063873,43067607,43070927,43074330,43076487,43082403,43090943,43091434,43095845,43097243,43099774,43104121,43104867,43106477,43115725,43125181,","43045802,43047703,43049194,43051117,43057135,43063373,43063951,43067695,43071238,43074521,43076614,43082575,43091032,43094860,43095922,43097289,43099877,43104261,43104956,43106533,43115779,43125364,",0,BRCA1
NM_001407907.1,chr17,-,43044294,43125364,23,"43044294,43047642,43049120,43051062,43057051,43063332,43063873,43067607,43070927,43074330,43076487,43082403,43090943,43091434,43095845,43097243,43099774,43104121,43104867,43106477,43115725,43124016,43125181,","43045802,43047703,43049194,43051117,43057135,43063373,43063951,43067695,43071238,43074521,43076614,43082572,43091032,43094860,43095922,43097289,43099880,43104261,43104956,43106533,43115779,43124115,43125364,",0,BRCA1
NM_001407897.1,chr17,-,43044294,43125364,23,"43044294,43047642,43049120,43051062,43057051,43063332,43063873,43067607,43070927,43074330,43076487,43082403,43090943,43091434,43095845,43097243,43099774,43104121,43104867,43106477,43115725,43124016,43124736,","43045802,43047703,43049194,43051117,43057135,43063373,43063951,43067695,43071238,43074521,43076614,43082575,43091032,43094860,43095922,43097289,43099877,43104261,43104956,43106533,43115779,43124115,43125364,",0,BRCA1
NM_001407908.1,chr17,-,43044294,43125364,23,"43044294,43047642,43049120,43051062,43057051,43063332,43063873,43067607,43070927,43074330,43076487,43082403,43090943,43091434,43095845,43097243,43099774,43104121,43104867,43106477,43115725,43124016,43124736,","43045802,43047703,43049194,43051117,43057135,43063373,43063951,43067695,43071238,43074521,43076614,43082572,43091032,43094860,43095922,43097289,43099880,43104261,43104956,43106533,43115779,43124115,43125364,",0,BRCA1
NM_001407898.1,chr17,-,43044294,43125364,22,"43044294,43047642,43049120,43051062,43057051,43063332,43063873,43067607,43070927,43074330,43076487,43082403,43090943,43091434,43095845,43097243,43099774,43104121,43104867,43106477,43124016,43125276,","43045802,43047703,43049194,43051117,43057135,43063373,43063951,43067695,43071238,43074521,43076614,43082575,43091032,43094860,43095922,43097289,43099877,43104261,43104956,43106533,43124115,43125364,",0,BRCA1
NM_001407910.1,chr17,-,43044294,43125364,23,"43044294,43047642,43049120,43051062,43057051,43063332,43063873,43067607,43070927,43074330,43076487,43082403,43090943,43091434,43095845,43097243,43099774,43104121,43104867,43106477,43115725,43124016,43125270,","43045802,43047703,43049194,43051117,43057135,43063373,43063951,43067695,43071238,43074521,43076614,43082572,43091032,43094860,43095922,43097289,43099880,43104261,43104956,43106533,43115779,43124115,43125364,",0,BRCA1
NM_001407909.1,chr17,-,43044294,43125364,23,"43044294,43047642,43049120,43051062,43057051,43063332,43063873,43067607,43070927,43074330,43076487,43082403,43090943,43091434,43095845,43097243,43099774,43104121,43104867,43106477,43115725,43124016,43125276,","43045802,43047703,43049194,43051117,43057135,43063373,43063951,43067695,43071238,43074521,43076614,43082572,43091032,43094860,43095922,43097289,43099880,43104261,43104956,43106533,43115779,43124115,43125364,",0,BRCA1
NM_001407899.1,chr17,-,43044294,43125364,23,"43044294,43047642,43049120,43051062,43057051,43063332,43063873,43067607,43070927,43074330,43076487,43082403,43090943,43091434,43095845,43097243,43099774,43104121,43104867,43106477,43115725,43124016,43125270,","43045802,43047703,43049194,43051117,43057135,43063373,43063951,43067695,43071238,43074521,43076614,43082575,43091032,43094860,43095922,43097289,43099877,43104261,43104956,43106533,43115779,43124102,43125364,",0,BRCA1
NM_001407915.1,chr17,-,43044294,43125364,23,"43044294,43047642,43049120,43051062,43057051,43063332,43063873,43067607,43070927,43074330,43076487,43082403,43090943,43091434,43095845,43097243,43099774,43104121,43104867,43106477,43115725,43124016,43125270,","43045802,43047703,43049194,43051117,43057135,43063373,43063951,43067695,43071238,43074521,43076614,43082572,43091032,43094860,43095922,43097289,43099877,43104261,43104956,43106533,43115779,43124115,43125364,",0,BRCA1
NM_001407916.1,chr17,-,43044294,43125364,23,"43044294,43047642,43049120,43051062,43057051,43063332,43063873,43067607,43070927,43074330,43076487,43082403,43090943,43091434,43095845,43097243,43099774,43104121,43104867,43106477,43115725,43124016,43125270,","43045802,43047703,43049194,43051117,43057135,43063373,43063951,43067695,43071238,43074521,43076611,43082575,43091032,43094860,43095922,43097289,43099877,43104261,43104956,43106533,43115779,43124115,43125364,",0,BRCA1
NM_001407917.1,chr17,-,43044294,43125364,24,"43044294,43047642,43049120,43051062,43057051,43063332,43063873,43067607,43070927,43074330,43076487,43082403,43090943,43091434,43095845,43097243,43099774,43104121,43104867,43106477,43115725,43121557,43124016,43125181,","43045802,43047703,43049194,43051117,43057135,43063373,43063951,43067695,43071238,43074521,43076611,43082575,43091032,43094860,43095922,43097289,43099877,43104261,43104956,43106533,43115779,43121676,43124115,43125364,",0,BRCA1
NM_001407918.1,chr17,-,43044294,43125364,23,"43044294,43047642,43049120,43051062,43057051,43063332,43063873,43067607,43070927,43074330,43076487,43082403,43090943,43091434,43095845,43097243,43099774,43104121,43104867,43106477,43115725,43124016,43125276,","43045802,43047703,43049194,43051117,43057135,43063373,43063951,43067695,43071238,43074521,43076611,43082575,43091032,43094860,43095922,43097289,43099877,43104261,43104956,43106533,43115779,43124115,43125364,",0,BRCA1
NM_001407920.1,chr17,-,43044294,43125364,22,"43044294,43047642,43049120,43051062,43057051,43063332,43063873,43067607,43070927,43074330,43076487,43082403,43090943,43091434,43099774,43104121,43104867,43106455,43115725,43119120,43124016,43125270,","43045802,43047703,43049194,43051117,43057135,43063373,43063951,43067695,43071238,43074521,43076614,43082575,43091032,43094860,43099880,43104261,43104956,43106533,43115779,43119265,43124115,43125364,",0,BRCA1
NM_001407919.1,chr17,-,43044294,43125364,19,"43044294,43047642,43057051,43063332,43063873,43067607,43070927,43074330,43076487,43082403,43090943,43091434,43099774,43104121,43104867,43106455,43115725,43124016,43124736,","43045802,43047703,43057135,43063373,43063951,43067695,43071238,43074521,43076614,43082575,43091032,43094860,43099880,43104261,43104956,43106533,43115779,43124115,43125364,",0,BRCA1
NM_001407921.1,chr17,-,43044294,43125364,22,"43044294,43047642,43049120,43051062,43057051,43063332,43063873,43067607,43070927,43074330,43076487,43082403,43090943,43091434,43099774,43104121,43104867,43106455,43115725,43121557,43124016,43125276,","43045802,43047703,43049194,43051117,43057135,43063373,43063951,43067695,43071238,43074521,43076614,43082575,43091032,43094860,43099880,43104261,43104956,43106533,43115779,43121676,43124115,43125364,",0,BRCA1
NM_001407922.1,chr17,-,43044294,43125364,20,"43044294,43047642,43049120,43051062,43057051,43063332,43063873,43067607,43070927,43074330,43076487,43082403,43090943,43091434,43099774,43104121,43104867,43106455,43115725,43125276,","43045802,43047703,43049194,43051117,43057135,43063373,43063951,43067695,43071238,43074521,43076614,43082575,43091032,43094860,43099880,43104261,43104956,43106533,43115779,43125364,",0,BRCA1
NM_001407923.1,chr17,-,43044294,43125364,22,"43044294,43047642,43049120,43051062,43057051,43063332,43063873,43067607,43070927,43074330,43076487,43082403,43090943,43091434,43099774,43104121,43104867,43106455,43115725,43121557,43124016,43125270,","43045802,43047703,43049194,43051117,43057135,43063373,43063951,43067695,43071238,43074521,43076614,43082575,43091032,43094860,43099880,43104261,43104956,43106533,43115779,43121676,43124115,43125364,",0,BRCA1
NM_001407924.1,chr17,-,43044294,43125364,20,"43044294,43047642,43049120,43051062,43057051,43063332,43063873,43067607,43070927,43074330,43076487,43082403,43090943,43091434,43099774,43104121,43104867,43106455,43124016,43125270,","43045802,43047703,43049194,43051117,43057135,43063373,43063951,43067695,43071238,43074521,43076614,43082575,43091032,43094860,43099880,43104261,43104956,43106533,43124115,43125364,",0,BRCA1
NM_001407925.1,chr17,-,43044294,43125364,20,"43044294,43047642,43049120,43051062,43057051,43063332,43063873,43067607,43070927,43074330,43076487,43082403,43090943,43091434,43099774,43104121,43104867,43106455,43124016,43125276,","43045802,43047703,43049194,43051117,43057135,43063373,43063951,43067695,43071238,43074521,43076614,43082575,43091032,43094860,43099880,43104261,43104956,43106533,43124115,43125364,",0,BRCA1
NM_001407926.1,chr17,-,43044294,43125364,20,"43044294,43047642,43049120,43051062,43057051,43063332,43063873,43067607,43070927,43074330,43076487,43082403,43090943,43091434,43099774,43104121,43104867,43106455,43115725,43125270,","43045802,43047703,43049194,43051117,43057135,43063373,43063951,43067695,43071238,43074521,43076614,43082575,43091032,43094860,43099880,43104261,43104956,43106533,43115779,43125364,",0,BRCA1
NM_001407927.1,chr17,-,43044294,43125364,22,"43044294,43047642,43049120,43051062,43057051,43063332,43063873,43067607,43070927,43074330,43076487,43082403,43090943,43091434,43099774,43104121,43104867,43106455,43115725,43121557,43124016,43125270,","43045802,43047703,43049194,43051117,43057135,43063373,43063951,43067695,43071238,43074521,43076611,43082575,43091032,43094860,43099880,43104261,43104956,43106533,43115779,43121676,43124115,43125364,",0,BRCA1
NM_001407928.1,chr17,-,43044294,43125364,20,"43044294,43047642,43049120,43051062,43057051,43063332,43063873,43067607,43070927,43074330,43076487,43082403,43090943,43091434,43099774,43104121,43104867,43106455,43124016,43125276,","43045802,43047703,43049194,43051117,43057135,43063373,43063951,43067695,43071238,43074521,43076611,43082575,43091032,43094860,43099880,43104261,43104956,43106533,43124115,43125364,",0,BRCA1
NM_001407930.1,chr17,-,43044294,43125364,22,"43044294,43047642,43049120,43051062,43057051,43063332,43063873,43067607,43070927,43074330,43076487,43082403,43090943,43091434,43099774,43104121,43104867,43106455,43110464,43115725,43124016,43125270,","43045802,43047703,43049194,43051117,43057135,43063373,43063951,43067695,43071238,43074521,43076614,43082575,43091032,43094860,43099877,43104261,43104956,43106533,43110580,43115779,43124115,43125364,",0,BRCA1
NM_001407929.1,chr17,-,43044294,43125364,20,"43044294,43047642,43049120,43051062,43057051,43063332,43063873,43067607,43070927,43074330,43076487,43082403,43090943,43091434,43099774,43104121,43104867,43106455,43124016,43125270,","43045802,43047703,43049194,43051117,43057135,43063373,43063951,43067695,43071238,43074521,43076611,43082575,43091032,43094860,43099880,43104261,43104956,43106533,43124115,43125364,",0,BRCA1
NM_001407931.1,chr17,-,43044294,43125364,19,"43044294,43047642,43049120,43051062,43057051,43063332,43063873,43067607,43070927,43074330,43076487,43082403,43090943,43091434,43099774,43104121,43104867,43106455,43125276,","43045802,43047703,43049194,43051117,43057135,43063373,43063951,43067695,43071238,43074521,43076614,43082575,43091032,43094860,43099877,43104261,43104956,43106533,43125364,",0,BRCA1
NM_001407932.1,chr17,-,43044294,43125364,20,"43044294,43047642,43049120,43051062,43057051,43063332,43063873,43067607,43070927,43074330,43076487,43082403,43090943,43091434,43099774,43104121,43104867,43106455,43124016,43125276,","43045802,43047703,43049194,43051117,43057135,43063373,43063951,43067695,43071238,43074521,43076614,43082575,43091032,43094860,43099877,43104261,43104956,43106533,43124115,43125364,",0,BRCA1
NM_001407933.1,chr17,-,43044294,43125364,22,"43044294,43047642,43049120,43051062,43057051,43063332,43063873,43067607,43070927,43074330,43076487,43082403,43090943,43091434,43099774,43104121,43104867,43106455,43115725,43121557,43124016,43125270,","43045802,43047703,43049194,43051117,43057135,43063373,43063951,43067695,43071238,43074521,43076614,43082572,43091032,43094860,43099880,43104261,43104956,43106533,43115779,43121676,43124115,43125364,",0,BRCA1
NM_001407934.1,chr17,-,43044294,43125364,22,"43044294,43047642,43049120,43051062,43057051,43063332,43063873,43067607,43070927,43074330,43076487,43082403,43090943,43091434,43099774,43104121,43104867,43106455,43115725,43121557,43124016,43125276,","43045802,43047703,43049194,43051117,43057135,43063373,43063951,43067695,43071238,43074521,43076614,43082572,43091032,43094860,43099877,43104261,43104956,43106533,43115779,43121680,43124115,43125364,",0,BRCA1
NM_001407935.1,chr17,-,43044294,43125364,20,"43044294,43047642,43049120,43051062,43057051,43063332,43063873,43067607,43070927,43074330,43076487,43082403,43090943,43091434,43099774,43104121,43104867,43106455,43115725,43125270,","43045802,43047703,43049194,43051117,43057135,43063373,43063951,43067695,43071238,43074521,43076611,43082572,43091032,43094860,43099880,43104261,43104956,43106533,43115779,43125364,",0,BRCA1
NM_001407936.1,chr17,-,43044294,43125364,20,"43044294,43047642,43049120,43051062,43057051,43063332,43063873,43067607,43070927,43074330,43076487,43082403,43090943,43091434,43099774,43104121,43104867,43106455,43124016,43125270,","43045802,43047703,43049194,43051117,43057135,43063373,43063951,43067695,43071238,43074521,43076611,43082575,43091032,43094860,43099877,43104261,43104956,43106533,43124115,43125364,",0,BRCA1
NM_001407937.1,chr17,-,43044294,43125364,20,"43044294,43047642,43051062,43057051,43063332,43063873,43067607,43070927,43074330,43076487,43082403,43090943,43091434,43099774,43104121,43104867,43106455,43115725,43124016,43124736,","43045802,43047703,43051117,43057135,43063373,43063951,43067695,43071238,43074521,43076614,43082575,43091032,43094860,43099880,43104261,43104956,43106533,43115779,43124115,43125364,",0,BRCA1
NM_001407938.1,chr17,-,43044294,43125364,20,"43044294,43047642,43051062,43057051,43063332,43063873,43067607,43070927,43074330,43076487,43082403,43090943,43091434,43099774,43104121,43104867,43106455,43115725,43124016,43125276,","43045802,43047703,43051117,43057135,43063373,43063951,43067695,43071238,43074521,43076614,43082575,43091032,43094860,43099880,43104261,43104956,43106533,43115779,43124115,43125364,",0,BRCA1
NM_001407940.1,chr17,-,43044294,43125364,20,"43044294,43047642,43051062,43057051,43063332,43063873,43067607,43070927,43074330,43076487,43082403,43090943,43091434,43099774,43104121,43104867,43106455,43115725,43124016,43125276,","43045802,43047703,43051117,43057135,43063373,43063951,43067695,43071238,43074521,43076614,43082575,43091032,43094860,43099877,43104261,43104956,43106533,43115779,43124115,43125364,",0,BRCA1
NM_001407939.1,chr17,-,43044294,43125364,20,"43044294,43047642,43051062,43057051,43063332,43063873,43067607,43070927,43074330,43076487,43082403,43090943,43091434,43099774,43104121,43104867,43106455,43115725,43124016,43124736,","43045802,43047703,43051117,43057135,43063373,43063951,43067695,43071238,43074521,43076611,43082575,43091032,43094860,43099880,43104261,43104956,43106533,43115779,43124115,43125364,",0,BRCA1
NM_001407941.1,chr17,-,43044294,43125364,20,"43044294,43047642,43051062,43057051,43063332,43063873,43067607,43070927,43074330,43076487,43082403,43090943,43091434,43099774,43104121,43104867,43106455,43115725,43124016,43124736,","43045802,43047703,43051117,43057135,43063373,43063951,43067695,43071238,43074521,43076611,43082575,43091032,43094860,43099877,43104261,43104956,43106533,43115779,43124115,43125364,",0,BRCA1
NM_001407942.1,chr17,-,43044294,43125364,23,"43044294,43047642,43051062,43057051,43063332,43063873,43067607,43070927,43074330,43076487,43082403,43090943,43091434,43095845,43097243,43099774,43104121,43104867,43106455,43110464,43115725,43124016,43125270,","43045802,43047703,43051117,43057135,43063373,43063951,43067695,43071238,43074521,43076614,43082575,43091032,43094860,43095922,43097289,43099880,43104261,43104956,43106533,43110580,43115779,43124115,43125364,",0,BRCA1
NM_001407943.1,chr17,-,43044294,43125364,23,"43044294,43047642,43051062,43057051,43063332,43063873,43067607,43070927,43074330,43076487,43082403,43090943,43091434,43095845,43097243,43099774,43104121,43104867,43106455,43115725,43121557,43124016,43125276,","43045802,43047703,43051117,43057135,43063373,43063951,43067695,43071238,43074521,43076614,43082575,43091032,43094860,43095922,43097289,43099877,43104261,43104956,43106533,43115779,43121676,43124115,43125364,",0,BRCA1
NM_001407944.1,chr17,-,43044294,43125364,23,"43044294,43047642,43051062,43057051,43063332,43063873,43067607,43070927,43074330,43076487,43082403,43090943,43091434,43095845,43097243,43099774,43104121,43104867,43106455,43115725,43121557,43124016,43125276,","43045802,43047703,43051117,43057135,43063373,43063951,43067695,43071238,43074521,43076611,43082575,43091032,43094860,43095922,43097289,43099880,43104261,43104956,43106533,43115779,43121676,43124115,43125364,",0,BRCA1
NM_001407945.1,chr17,-,43044294,43125364,21,"43044294,43047642,43051062,43057051,43063332,43063873,43067607,43070927,43074330,43076487,43082403,43090943,43091434,43095845,43097243,43099774,43104121,43104867,43106455,43124016,43125276,","43045802,43047703,43051117,43057135,43063373,43063951,43067695,43071238,43074521,43076611,43082575,43091032,43094860,43095922,43097289,43099880,43104261,43104956,43106533,43124115,43125364,",0,BRCA1
NM_001407946.1,chr17,-,43044294,43125364,21,"43044294,43047642,43049120,43051062,43057051,43063332,43063873,43067607,43070927,43074330,43076487,43082403,43090943,43091434,43099774,43104121,43104867,43106477,43115725,43124016,43125270,","43045802,43047703,43049194,43051117,43057135,43063373,43063951,43067695,43071238,43074521,43076614,43082575,43091032,43094860,43099880,43104261,43104956,43106533,43115779,43124115,43125364,",0,BRCA1
NM_001407947.1,chr17,-,43044294,43125364,21,"43044294,43047642,43049120,43051062,43057051,43063332,43063873,43067607,43070927,43074330,43076487,43082403,43090943,43091434,43099774,43104121,43104867,43106477,43115725,43124016,43124736,","43045802,43047703,43049194,43051117,43057135,43063373,43063951,43067695,43071238,43074521,43076614,43082575,43091032,43094860,43099880,43104261,43104956,43106533,43115779,43124115,43125364,",0,BRCA1
NM_001407948.1,chr17,-,43044294,43125364,21,"43044294,43047642,43049120,43051062,43057051,43063332,43063873,43067607,43070927,43074330,43076487,43082403,43090943,43091434,43099774,43104121,43104867,43106477,43115725,43124016,43125181,","43045802,43047703,43049194,43051117,43057135,43063373,43063951,43067695,43071238,43074521,43076614,43082575,43091032,43094860,43099880,43104261,43104956,43106533,43115779,43124115,43125364,",0,BRCA1
NM_001407950.1,chr17,-,43044294,43125364,21,"43044294,43047642,43049120,43051062,43057051,43063332,43063873,43067607,43070927,43074330,43076487,43082403,43090943,43091434,43099774,43104121,43104867,43106477,43115725,43124016,43125181,","43045802,43047703,43049194,43051117,43057135,43063373,43063951,43067695,43071238,43074521,43076611,43082575,43091032,43094860,43099880,43104261,43104956,43106533,43115779,43124115,43125364,",0,BRCA1
NM_001407949.1,chr17,-,43044294,43125364,21,"43044294,43047642,43049120,43051062,43057051,43063332,43063873,43067607,43070927,43074330,43076487,43082403,43090943,43091434,43099774,43104121,43104867,43106477,43115725,43124016,43125276,","43045802,43047703,43049194,43051117,43057135,43063373,43063951,43067695,43071238,43074521,43076614,43082575,43091032,43094860,43099880,43104261,43104956,43106533,43115779,43124115,43125364,",0,BRCA1
NM_001407951.1,chr17,-,43044294,43125364,21,"43044294,43047642,43049120,43051062,43057051,43063332,43063873,43067607,43070927,43074330,43076487,43082403,43090943,43091434,43099774,43104121,43104867,43106477,43115725,43124016,43125270,","43045802,43047703,43049194,43051117,43057135,43063373,43063951,43067695,43071238,43074521,43076611,43082575,43091032,43094860,43099880,43104261,43104956,43106533,43115779,43124115,43125364,",0,BRCA1
NM_001407952.1,chr17,-,43044294,43125364,21,"43044294,43047642,43049120,43051062,43057051,43063332,43063873,43067607,43070927,43074330,43076487,43082403,43090943,43091434,43099774,43104121,43104867,43106477,43115725,43124016,43125181,","43045802,43047703,43049194,43051117,43057135,43063373,43063951,43067695,43071238,43074521,43076614,43082572,43091032,43094860,43099880,43104261,43104956,43106533,43115779,43124102,43125364,",0,BRCA1
NM_001407953.1,chr17,-,43044294,43125364,21,"43044294,43047642,43049120,43051062,43057051,43063332,43063873,43067607,43070927,43074330,43076487,43082403,43090943,43091434,43099774,43104121,43104867,43106477,43115725,43124016,43125276,","43045802,43047703,43049194,43051117,43057135,43063373,43063951,43067695,43071238,43074521,43076614,43082572,43091032,43094860,43099880,43104261,43104956,43106533,43115779,43124115,43125364,",0,BRCA1
NM_001407954.1,chr17,-,43044294,43125364,22,"43044294,43047642,43049120,43051062,43057051,43063332,43063873,43067607,43070927,43074330,43076487,43082403,43090943,43091434,43099774,43104121,43104867,43106477,43115725,43121557,43124016,43125270,","43045802,43047703,43049194,43051117,43057135,43063373,43063951,43067695,43071238,43074521,43076614,43082575,43091032,43094860,43099877,43104261,43104956,43106533,43115779,43121676,43124115,43125364,",0,BRCA1
NM_001407955.1,chr17,-,43044294,43125364,21,"43044294,43047642,43049120,43051062,43057051,43063332,43063873,43067607,43070927,43074330,43076487,43082403,43090943,43091434,43099774,43104121,43104867,43106477,43115725,43124016,43125270,","43045802,43047703,43049194,43051117,43057135,43063373,43063951,43067695,43071238,43074521,43076614,43082575,43091032,43094860,43099877,43104261,43104956,43106533,43115779,43124115,43125364,",0,BRCA1
NM_001407956.1,chr17,-,43044294,43125364,21,"43044294,43047642,43049120,43051062,43057051,43063332,43063873,43067607,43070927,43074330,43076487,43082403,43090943,43091434,43099774,43104121,43104867,43106477,43115725,43124016,43124736,","43045802,43047703,43049194,43051117,43057135,43063373,43063951,43067695,43071238,43074521,43076614,43082572,43091032,43094860,43099877,43104261,43104956,43106533,43115779,43124115,43125364,",0,BRCA1
NM_001407957.1,chr17,-,43044294,43125364,21,"43044294,43047642,43049120,43051062,43057051,43063332,43063873,43067607,43070927,43074330,43076487,43082403,43090943,43091434,43099774,43104121,43104867,43106477,43115725,43124016,43125276,","43045802,43047703,43049194,43051117,43057135,43063373,43063951,43067695,43071238,43074521,43076611,43082572,43091032,43094860,43099880,43104261,43104956,43106533,43115779,43124115,43125364,",0,BRCA1
NM_001407958.1,chr17,-,43044294,43125364,21,"43044294,43047642,43049120,43051062,43057051,43063332,43063873,43067607,43070927,43074330,43076487,43082403,43090943,43091434,43099774,43104121,43104867,43106477,43115725,43124016,43125270,","43045802,43047703,43049194,43051117,43057135,43063373,43063951,43067695,43071238,43074521,43076611,43082575,43091032,43094860,43099877,43104261,43104956,43106533,43115779,43124115,43125364,",0,BRCA1
NM_001407960.1,chr17,-,43044294,43125364,21,"43044294,43047642,43049120,43051062,43057051,43063332,43063873,43067607,43070927,43074330,43076487,43082403,43090943,43091434,43095845,43097243,43099774,43104121,43104867,43115725,43125270,","43045802,43047703,43049194,43051117,43057135,43063373,43063951,43067695,43071238,43074521,43076611,43082575,43091032,43094860,43095922,43097289,43099880,43104261,43104956,43115779,43125364,",0,BRCA1
NM_001407959.1,chr17,-,43044294,43125364,20,"43044294,43047642,43049120,43051062,43057051,43063332,43063873,43067607,43070927,43074330,43076487,43082403,43090943,43091434,43095845,43097243,43099774,43104121,43104867,43125276,","43045802,43047703,43049194,43051117,43057135,43063373,43063951,43067695,43071238,43074521,43076614,43082575,43091032,43094860,43095922,43097289,43099880,43104261,43104956,43125364,",0,BRCA1
NM_001407962.1,chr17,-,43044294,43125364,21,"43044294,43047642,43049120,43051062,43057051,43063332,43063873,43067607,43070927,43074330,43076487,43082403,43090943,43091434,43095845,43097243,43099774,43104121,43104867,43115725,43125276,","43045802,43047703,43049194,43051117,43057135,43063373,43063951,43067695,43071238,43074521,43076614,43082575,43091032,43094860,43095922,43097289,43099877,43104261,43104956,43115779,43125364,",0,BRCA1
NM_001407963.1,chr17,-,43044294,43125364,20,"43044294,43047642,43049120,43051062,43057051,43063332,43063873,43067607,43070927,43074330,43076487,43082403,43090943,43091434,43095845,43097243,43099774,43104121,43104867,43125270,","43045802,43047703,43049194,43051117,43057135,43063373,43063951,43067695,43071238,43074521,43076611,43082572,43091032,43094860,43095922,43097289,43099880,43104261,43104956,43125364,",0,BRCA1
NM_001407964.1,chr17,-,43044294,43125364,20,"43044294,43047642,43049120,43051062,43057051,43063332,43063873,43067607,43070927,43082403,43090943,43091434,43095845,43097243,43099774,43104121,43104867,43106455,43115725,43125270,","43045802,43047703,43049194,43051117,43057135,43063373,43063951,43067695,43071238,43082575,43091032,43094860,43095922,43097289,43099877,43104261,43104956,43106533,43115779,43125364,",0,BRCA1
NM_001407965.1,chr17,-,43044294,43125364,21,"43044294,43047642,43049120,43051062,43057051,43063332,43063873,43067607,43070927,43074330,43076487,43082403,43090943,43091434,43099774,43104121,43104867,43110464,43115725,43124016,43125270,","43045802,43047703,43049194,43051117,43057135,43063373,43063951,43067695,43071238,43074521,43076614,43082572,43091032,43094860,43099880,43104261,43104956,43110580,43115779,43124115,43125364,",0,BRCA1
NM_001407966.1,chr17,-,43044294,43125364,15,"43044294,43047642,43049120,43051062,43057051,43063332,43063873,43067607,43070927,43074330,43076487,43082403,43090943,43091434,43125270,","43045802,43047703,43049194,43051117,43057135,43063373,43063951,43067695,43071238,43074521,43076614,43082575,43091032,43094860,43125364,",0,BRCA1
NM_001407967.1,chr17,-,43044294,43125364,15,"43044294,43047642,43049120,43051062,43057051,43063332,43063873,43067607,43070927,43074330,43076487,43082403,43090943,43091434,43125276,","43045802,43047703,43049194,43051117,43057135,43063373,43063951,43067695,43071238,43074521,43076611,43082575,43091032,43094860,43125364,",0,BRCA1
NM_001407968.1,chr17,-,43044294,43125364,24,"43044294,43047642,43049120,43051062,43057051,43063332,43063873,43067607,43070927,43074330,43076487,43082403,43090943,43091434,43094743,43095845,43097243,43099774,43104121,43104867,43106455,43115725,43124016,43125276,","43045802,43047703,43049194,43051117,43057135,43063373,43063951,43067695,43071238,43074521,43076614,43082575,43091032,43092139,43094860,43095922,43097289,43099880,43104261,43104956,43106533,43115779,43124115,43125364,",0,BRCA1
NM_001407970.1,chr17,-,43044294,43125364,23,"43044294,43047642,43049120,43051062,43057051,43063332,43063873,43067607,43070927,43074330,43076487,43079333,43082403,43090943,43094743,43095845,43097243,43099774,43104121,43104867,43106455,43115725,43124016,","43045802,43047703,43049194,43051117,43057135,43063373,43063951,43067695,43071238,43074521,43076614,43079399,43082575,43091032,43094860,43095922,43097289,43099880,43104261,43104956,43106533,43115779,43125364,",0,BRCA1
NM_001407969.1,chr17,-,43044294,43125364,24,"43044294,43047642,43049120,43051062,43057051,43063332,43063873,43067607,43070927,43074330,43076487,43082403,43090943,43091434,43094743,43095845,43097243,43099774,43104121,43104867,43106455,43115725,43124016,43125276,","43045802,43047703,43049194,43051117,43057135,43063373,43063951,43067695,43071238,43074521,43076614,43082572,43091032,43092139,43094860,43095922,43097289,43099880,43104261,43104956,43106533,43115779,43124115,43125364,",0,BRCA1
NM_001407971.1,chr17,-,43044294,43125364,24,"43044294,43047642,43049120,43051062,43057051,43063332,43063873,43067607,43070927,43074330,43076487,43079333,43082403,43090943,43094743,43095845,43097243,43099774,43104121,43104867,43106455,43115725,43124016,43125270,","43045802,43047703,43049194,43051117,43057135,43063373,43063951,43067695,43071238,43074521,43076614,43079399,43082575,43091032,43094860,43095922,43097289,43099880,43104261,43104956,43106533,43115779,43124115,43125364,",0,BRCA1
NM_001407972.1,chr17,-,43044294,43125364,24,"43044294,43047642,43049120,43051062,43057051,43063332,43063873,43067607,43070927,43074330,43076487,43079333,43082403,43090943,43094743,43095845,43097243,43099774,43104121,43104867,43106455,43115725,43124016,43124736,","43045802,43047703,43049194,43051117,43057135,43063373,43063951,43067695,43071238,43074521,43076614,43079399,43082575,43091032,43094860,43095922,43097289,43099877,43104261,43104956,43106533,43115779,43124115,43125364,",0,BRCA1
NM_001407973.1,chr17,-,43044294,43125364,24,"43044294,43047642,43049120,43051062,43057051,43063332,43063873,43067607,43070927,43074330,43076487,43082403,43090943,43094743,43095845,43097243,43099774,43104121,43104867,43106455,43115725,43124016,43124736,43125276,","43045802,43047703,43049194,43051117,43057135,43063373,43063951,43067695,43071238,43074521,43076614,43082575,43091032,43094860,43095922,43097289,43099880,43104261,43104956,43106533,43115779,43124115,43124908,43125364,",0,BRCA1
NM_001407974.1,chr17,-,43044294,43125364,23,"43044294,43047642,43049120,43051062,43057051,43063332,43063873,43067607,43070927,43074330,43076487,43082403,43090943,43094743,43095845,43097243,43099774,43104121,43104867,43106455,43115725,43124016,43125276,","43045802,43047703,43049194,43051117,43057135,43063373,43063951,43067695,43071238,43074521,43076614,43082575,43091032,43094860,43095922,43097289,43099880,43104261,43104956,43106533,43115779,43124115,43125364,",0,BRCA1
NM_001407975.1,chr17,-,43044294,43125364,23,"43044294,43047642,43049120,43051062,43057051,43063332,43063873,43067607,43070927,43074330,43076487,43082403,43090943,43094743,43095845,43097243,43099774,43104121,43104867,43106455,43115725,43124016,43125270,","43045802,43047703,43049194,43051117,43057135,43063373,43063951,43067695,43071238,43074521,43076614,43082575,43091032,43094860,43095922,43097289,43099880,43104261,43104956,43106533,43115779,43124115,43125364,",0,BRCA1
NM_001407976.1,chr17,-,43044294,43125364,23,"43044294,43047642,43049120,43051062,43057051,43063332,43063873,43067607,43070927,43074330,43076487,43082403,43090943,43094743,43095845,43097243,43099774,43104121,43104867,43106455,43115725,43124016,43125276,","43045802,43047703,43049194,43051117,43057135,43063373,43063951,43067695,43071238,43074521,43076614,43082575,43091032,43094860,43095922,43097289,43099880,43104261,43104956,43106533,43115779,43124102,43125364,",0,BRCA1
NM_001407977.1,chr17,-,43044294,43125364,23,"43044294,43047642,43049120,43051062,43057051,43063332,43063873,43067607,43070927,43074330,43076487,43082403,43090943,43094743,43095845,43097243,43099774,43104121,43104867,43106455,43115725,43124016,43124736,","43045802,43047703,43049194,43051117,43057135,43063373,43063951,43067695,43071238,43074521,43076614,43082575,43091032,43094860,43095922,43097289,43099880,43104261,43104956,43106533,43115779,43124115,43125364,",0,BRCA1
NM_001407978.1,chr17,-,43044294,43125364,23,"43044294,43047642,43049120,43051062,43057051,43063332,43063873,43067607,43070927,43074330,43076487,43082403,43090943,43094743,43095845,43097243,43099774,43104121,43104867,43106455,43115725,43124016,43125181,","43045802,43047703,43049194,43051117,43057135,43063373,43063951,43067695,43071238,43074521,43076614,43082575,43091032,43094860,43095922,43097289,43099880,43104261,43104956,43106533,43115779,43124115,43125364,",0,BRCA1
NM_001407980.1,chr17,-,43044294,43125364,23,"43044294,43047642,43049120,43051062,43057051,43063332,43063873,43067607,43070927,43074330,43076487,43082403,43090943,43094743,43095845,43097243,43099774,43104121,43104867,43106455,43115725,43124016,43125276,","43045802,43047703,43049194,43051117,43057135,43063373,43063951,43067695,43071238,43074521,43076614,43082572,43091032,43094860,43095922,43097289,43099880,43104261,43104956,43106533,43115779,43124102,43125364,",0,BRCA1
NM_001407979.1,chr17,-,43044294,43125364,23,"43044294,43047642,43049120,43051062,43057051,43063332,43063873,43067607,43070927,43074330,43076487,43082403,43090943,43094743,43095845,43097243,43099774,43104121,43104867,43106455,43115725,43124016,43124736,","43045802,43047703,43049194,43051117,43057135,43063373,43063951,43067695,43071238,43074521,43076614,43082572,43091032,43094860,43095922,43097289,43099880,43104261,43104956,43106533,43115779,43124115,43125364,",0,BRCA1
NM_001407981.1,chr17,-,43044294,43125364,23,"43044294,43047642,43049120,43051062,43057051,43063332,43063873,43067607,43070927,43074330,43076487,43082403,43090943,43094743,43095845,43097243,43099774,43104121,43104867,43106455,43115725,43124016,43125181,","43045802,43047703,43049194,43051117,43057135,43063373,43063951,43067695,43071238,43074521,43076614,43082572,43091032,43094860,43095922,43097289,43099880,43104261,43104956,43106533,43115779,43124115,43125364,",0,BRCA1
NM_001407982.1,chr17,-,43044294,43125364,22,"43044294,43047642,43049120,43051062,43057051,43063332,43063873,43067607,43070927,43074330,43076487,43082403,43090943,43094743,43095845,43097243,43099774,43104121,43104867,43106455,43115725,43124016,","43045802,43047703,43049194,43051117,43057135,43063373,43063951,43067695,43071238,43074521,43076614,43082572,43091032,43094860,43095922,43097289,43099880,43104261,43104956,43106533,43115779,43125364,",0,BRCA1
NM_001407983.1,chr17,-,43044294,43125364,23,"43044294,43047642,43049120,43051062,43057051,43063332,43063873,43067607,43070927,43074330,43076487,43082403,43090943,43094743,43095845,43097243,43099774,43104121,43104867,43106455,43115725,43124016,43125270,","43045802,43047703,43049194,43051117,43057135,43063373,43063951,43067695,43071238,43074521,43076614,43082572,43091032,43094860,43095922,43097289,43099880,43104261,43104956,43106533,43115779,43124115,43125364,",0,BRCA1
NM_001407984.1,chr17,-,43044294,43125364,23,"43044294,43047642,43049120,43051062,43057051,43063332,43063873,43067607,43070927,43074330,43076487,43082403,43090943,43094743,43095845,43097243,43099774,43104121,43104867,43106455,43115725,43124016,43125270,","43045802,43047703,43049194,43051117,43057135,43063373,43063951,43067695,43071238,43074521,43076614,43082575,43091032,43094860,43095922,43097289,43099877,43104261,43104956,43106533,43115779,43124115,43125364,",0,BRCA1
NM_001407985.1,chr17,-,43044294,43125364,23,"43044294,43047642,43049120,43051062,43057051,43063332,43063873,43067607,43070927,43074330,43076487,43082403,43090943,43094743,43095845,43097243,43099774,43104121,43104867,43106455,43115725,43124016,43125276,","43045802,43047703,43049194,43051117,43057135,43063373,43063951,43067695,43071238,43074521,43076614,43082575,43091032,43094860,43095922,43097289,43099877,43104261,43104956,43106533,43115779,43124115,43125364,",0,BRCA1
NM_001407986.1,chr17,-,43044294,43125364,23,"43044294,43047642,43049120,43051062,43057051,43063332,43063873,43067607,43070927,43074330,43076487,43082403,43090943,43094743,43095845,43097243,43099774,43104121,43104867,43106455,43115725,43124016,43124736,","43045802,43047703,43049194,43051117,43057135,43063373,43063951,43067695,43071238,43074521,43076614,43082575,43091032,43094860,43095922,43097289,43099877,43104261,43104956,43106533,43115779,43124115,43125364,",0,BRCA1
NM_001407990.1,chr17,-,43044294,43125364,23,"43044294,43047642,43049120,43051062,43057051,43063332,43063873,43067607,43070927,43074330,43076487,43082403,43090943,43094743,43095845,43097243,43099774,43104121,43104867,43106455,43115725,43124016,43125276,","43045802,43047703,43049194,43051117,43057135,43063373,43063951,43067695,43071238,43074521,43076614,43082572,43091032,43094860,43095922,43097289,43099880,43104261,43104956,43106533,43115779,43124115,43125364,",0,BRCA1
NM_001407991.1,chr17,-,43044294,43125364,23,"43044294,43047642,43049120,43051062,43057051,43063332,43063873,43067607,43070927,43074330,43076487,43082403,43090943,43094743,43095845,43097243,43099774,43104121,43104867,43106455,43115725,43124016,43125270,","43045802,43047703,43049194,43051117,43057135,43063373,43063951,43067695,43071238,43074521,43076614,43082575,43091032,43094860,43095922,43097289,43099877,43104261,43104956,43106533,43115779,43124102,43125364,",0,BRCA1
NM_001407992.1,chr17,-,43044294,43125364,23,"43044294,43047642,43049120,43051062,43057051,43063332,43063873,43067607,43070927,43074330,43076487,43082403,43090943,43094743,43095845,43097243,43099774,43104121,43104867,43106455,43115725,43124016,43125181,","43045802,43047703,43049194,43051117,43057135,43063373,43063951,43067695,43071238,43074521,43076614,43082575,43091032,43094860,43095922,43097289,43099877,43104261,43104956,43106533,43115779,43124115,43125364,",0,BRCA1
NM_001407993.1,chr17,-,43044294,43125364,23,"43044294,43047642,43049120,43051062,43057051,43063332,43063873,43067607,43070927,43074330,43076487,43082403,43090943,43094743,43095845,43097243,43099774,43104121,43104867,43106455,43115725,43124016,43125276,","43045802,43047703,43049194,43051117,43057135,43063373,43063951,43067695,43071238,43074521,43076611,43082575,43091032,43094860,43095922,43097289,43099880,43104261,43104956,43106533,43115779,43124102,43125364,",0,BRCA1
NM_000546.6,chr17,-,7668420,7687490,11,"7668420,7670608,7673534,7673700,7674180,7674858,7675052,7675993,7676381,7676520,7687376,","7669690,7670715,7673608,7673837,7674290,7674971,7675236,7676272,7676403,7676622,7687490,",0,TP53
NM_001408400.1,chr17,-,43044294,43125364,23,"43044294,43047642,43049120,43051062,43057051,43063332,43063873,43067607,43070927,43074330,43076487,43082403,43090943,43094743,43095845,43097243,43099774,43104121,43104867,43106455,43115725,43124016,43124736,","43045802,43047703,43049194,43051117,43057135,43063373,43063951,43067695,43071238,43074521,43076614,43082572,43091032,43094860,43095922,43097289,43099877,43104261,43104956,43106533,43115779,43124115,43125364,",0,BRCA1
NM_001408401.1,chr17,-,43044294,43125364,23,"43044294,43047642,43049120,43051062,43057051,43063332,43063873,43067607,43070927,43074330,43076487,43082403,43090943,43094743,43095845,43097243,43099774,43104121,43104867,43106455,43115725,43124016,43125276,","43045802,43047703,43049194,43051117,43057135,43063373,43063951,43067695,43071238,43074521,43076614,43082572,43091032,43094860,43095922,43097289,43099877,43104261,43104956,43106533,43115779,43124115,43125364,",0,BRCA1
NM_001408402.1,chr17,-,43044294,43125364,23,"43044294,43047642,43049120,43051062,43057051,43063332,43063873,43067607,43070927,43074330,43076487,43082403,43090943,43094743,43095845,43097243,43099774,43104121,43104867,43106455,43115725,43124016,43125270,","43045802,43047703,43049194,43051117,43057135,43063373,43063951,43067695,43071238,43074521,43076614,43082572,43091032,43094860,43095922,43097289,43099877,43104261,43104956,43106533,43115779,43124115,43125364,",0,BRCA1
NM_001408392.1,chr17,-,43044294,43125364,23,"43044294,43047642,43049120,43051062,43057051,43063332,43063873,43067607,43070927,43074330,43076487,43082403,43090943,43094743,43095845,43097243,43099774,43104121,43104867,43106455,43115725,43124016,43124736,","43045802,43047703,43049194,43051117,43057135,43063373,43063951,43067695,43071238,43074521,43076611,43082575,43091032,43094860,43095922,43097289,43099877,43104261,43104956,43106533,43115779,43124115,43125364,",0,BRCA1
NM_001408403.1,chr17,-,43044294,43125364,23,"43044294,43047642,43049120,43051062,43057051,43063332,43063873,43067607,43070927,43074330,43076487,43082403,43090943,43094743,43095845,43097243,43099774,43104121,43104867,43106455,43115725,43124016,43125270,","43045802,43047703,43049194,43051117,43057135,43063373,43063951,43067695,43071238,43074521,43076611,43082572,43091032,43094860,43095922,43097289,43099880,43104261,43104956,43106533,43115779,43124115,43125364,",0,BRCA1
NM_001408404.1,chr17,-,43044294,43125364,23,"43044294,43047642,43049120,43051062,43057051,43063332,43063873,43067607,43070927,43074330,43076487,43082403,43090943,43094743,43095845,43097243,43099774,43104121,43104867,43106455,43115725,43124016,43125276,","43045802,43047703,43049194,43051117,43057135,43063373,43063951,43067695,43071238,43074521,43076611,43082572,43091032,43094860,43095922,43097289,43099880,43104261,43104956,43106533,43115779,43124115,43125364,",0,BRCA1
NM_001408406.1,chr17,-,43044294,43125364,23,"43044294,43047642,43049120,43051062,43057051,43063332,43063873,43067607,43070927,43074330,43076487,43082403,43090943,43094740,43095845,43097243,43099774,43104121,43104867,43106455,43115725,43124016,43125270,","43045802,43047703,43049194,43051117,43057135,43063373,43063951,43067695,43071238,43074521,43076614,43082572,43091023,43094860,43095922,43097289,43099880,43104261,43104956,43106533,43115779,43124115,43125364,",0,BRCA1
NM_001408396.1,chr17,-,43044294,43125364,23,"43044294,43047642,43049120,43051062,43057051,43063332,43063873,43067607,43070927,43074330,43076487,43082403,43090943,43094743,43095845,43097243,43099774,43104121,43104867,43106455,43115725,43124016,43125276,","43045802,43047703,43049194,43051117,43057135,43063373,43063951,43067695,43071238,43074521,43076611,43082575,43091032,43094860,43095922,43097289,43099877,43104261,43104956,43106533,43115779,43124115,43125364,",0,BRCA1
NM_001408407.1,chr17,-,43044294,43125364,23,"43044294,43047642,43049120,43051062,43057051,43063332,43063873,43067607,43070927,43074330,43076487,43082403,43090943,43094743,43095845,43097243,43099774,43104121,43104867,43106455,43115725,43124016,43125270,","43045802,43047703,43049194,43051117,43057135,43063373,43063951,43067695,43071238,43074521,43076611,43082572,43091032,43094860,43095922,43097289,43099877,43104261,43104956,43106533,43115779,43124115,43125364,",0,BRCA1
NM_001408397.1,chr17,-,43044294,43125364,23,"43044294,43047642,43049120,43051062,43057051,43063332,43063873,43067607,43070927,43074330,43076487,43082403,43090943,43094743,43095845,43097243,43099774,43104121,43104867,43106455,43115725,43124016,43125276,","43045802,43047703,43049194,43051117,43057135,43063373,43063951,43067695,43071238,43074521,43076611,43082575,43091032,43094860,43095922,43097289,43099877,43104261,43104956,43106533,43115779,43124102,43125364,",0,BRCA1
NM_001408408.1,chr17,-,43044294,43125364,23,"43044294,43047642,43049120,43051062,43057051,43063332,43063873,43067607,43070927,43074330,43076487,43082403,43090943,43094743,43095845,43097243,43099774,43104121,43104876,43106455,43115725,43124016,43125276,","43045802,43047703,43049194,43051117,43057135,43063373,43063951,43067695,43071238,43074521,43076614,43082575,43091032,43094860,43095922,43097289,43099880,43104261,43104956,43106533,43115779,43124115,43125364,",0,BRCA1
NM_001408398.1,chr17,-,43044294,43125364,23,"43044294,43047642,43049120,43051062,43057051,43063332,43063873,43067607,43070927,43074330,43076487,43082403,43090943,43094743,43095845,43097243,43099774,43104121,43104867,43106455,43115725,43124016,43125181,","43045802,43047703,43049194,43051117,43057135,43063373,43063951,43067695,43071238,43074521,43076611,43082575,43091032,43094860,43095922,43097289,43099877,43104261,43104956,43106533,43115779,43124115,43125364,",0,BRCA1
NM_001408410.1,chr17,-,43044294,43125364,25,"43044294,43047642,43049120,43051062,43057051,43063332,43063873,43067607,43070927,43074330,43076487,43079333,43082403,43090943,43094743,43095845,43097243,43099774,43104121,43104867,43106455,43115725,43121557,43124016,43124736,","43045802,43047703,43049194,43051117,43057135,43063373,43063951,43067695,43071238,43074521,43076614,43079399,43082575,43091032,43094860,43095922,43097289,43099880,43104261,43104956,43106533,43115779,43121676,43124115,43125364,",0,BRCA1
NM_001408409.1,chr17,-,43044294,43125364,23,"43044294,43047642,43049120,43051062,43057051,43063332,43063873,43067607,43070927,43074330,43076487,43079333,43082403,43090943,43094743,43095845,43097243,43099774,43104121,43104867,43115725,43124016,43125270,","43045802,43047703,43049194,43051117,43057135,43063373,43063951,43067695,43071238,43074521,43076614,43079399,43082575,43091032,43094860,43095922,43097289,43099880,43104261,43104956,43115779,43124115,43125364,",0,BRCA1
NM_001408399.1,chr17,-,43044294,43125364,23,"43044294,43047642,43049120,43051062,43057051,43063332,43063873,43067607,43070927,43074330,43076487,43082403,43090943,43094743,43095845,43097243,43099774,43104121,43104867,43106455,43115725,43124016,43125270,","43045802,43047703,43049194,43051117,43057135,43063373,43063951,43067695,43071238,43074521,43076611,43082575,43091032,43094860,43095922,43097289,43099877,43104261,43104956,43106533,43115779,43124115,43125364,",0,BRCA1
NM_001408411.1,chr17,-,43044294,43125364,22,"43044294,43047642,43049120,43051062,43057051,43063332,43063873,43067607,43070927,43074330,43076487,43082403,43090943,43094743,43095845,43097243,43099774,43104121,43104867,43115725,43124016,43124736,","43045802,43047703,43049194,43051117,43057135,43063373,43063951,43067695,43071238,43074521,43076614,43082575,43091032,43094860,43095922,43097289,43099880,43104261,43104956,43115779,43124115,43125364,",0,BRCA1
NM_001408412.1,chr17,-,43044294,43125364,22,"43044294,43047642,43049120,43051062,43057051,43063332,43063873,43067607,43070927,43074330,43076487,43082403,43090943,43094743,43095845,43097243,43099774,43104121,43104867,43115725,43124016,43125276,","43045802,43047703,43049194,43051117,43057135,43063373,43063951,43067695,43071238,43074521,43076611,43082575,43091032,43094860,43095922,43097289,43099880,43104261,43104956,43115779,43124115,43125364,",0,BRCA1
NM_001408413.1,chr17,-,43044294,43125364,22,"43044294,43047642,43049120,43051062,43057051,43063332,43063873,43067607,43070927,43074330,43076487,43082403,43090943,43094743,43095845,43097243,43099774,43104121,43104867,43115725,43124016,43125270,","43045802,43047703,43049194,43051117,43057135,43063373,43063951,43067695,43071238,43074521,43076614,43082575,43091032,43094860,43095922,43097289,43099877,43104261,43104956,43115779,43124115,43125364,",0,BRCA1
NM_001408414.1,chr17,-,43044294,43125364,22,"43044294,43047642,43049120,43051062,43057051,43063332,43063873,43067607,43070927,43074330,43076487,43082403,43090943,43094743,43095845,43097243,43099774,43104121,43104867,43115725,43124016,43124736,","43045802,43047703,43049194,43051117,43057135,43063373,43063951,43067695,43071238,43074521,43076611,43082575,43091032,43094860,43095922,43097289,43099880,43104261,43104956,43115779,43124115,43125364,",0,BRCA1
NM_001408415.1,chr17,-,43044294,43125364,21,"43044294,43047642,43049120,43051062,43057051,43063332,43063873,43067607,43070927,43074330,43076487,43082403,43090943,43094743,43095845,43097243,43099774,43104121,43104867,43115725,43124016,","43045802,43047703,43049194,43051117,43057135,43063373,43063951,43067695,43071238,43074521,43076611,43082575,43091032,43094860,43095922,43097289,43099880,43104261,43104956,43115779,43125364,",0,BRCA1
NM_001408416.1,chr17,-,43044294,43125364,22,"43044294,43047642,43049120,43051062,43057051,43063332,43063873,43067607,43070927,43074330,43076487,43082403,43090943,43094743,43095845,43097243,43099774,43104121,43104867,43115725,43124016,43125181,","43045802,43047703,43049194,43051117,43057135,43063373,43063951,43067695,43071238,43074521,43076614,43082575,43091032,43094860,43095922,43097289,43099877,43104261,43104956,43115779,43124115,43125364,",0,BRCA1
NM_001408418.1,chr17,-,43044294,43125364,22,"43044294,43047642,43049120,43051062,43057051,43063332,43063873,43067607,43070927,43074330,43076487,43082403,43090943,43095845,43097243,43099774,43104121,43104867,43106455,43115725,43124016,43125181,","43045802,43047703,43049194,43051117,43057135,43063373,43063951,43067695,43071238,43074521,43076614,43082575,43091032,43095922,43097289,43099880,43104261,43104956,43106533,43115779,43124115,43125364,",0,BRCA1
NM_001408420.1,chr17,-,43044294,43125364,22,"43044294,43047642,43049120,43051062,43057051,43063332,43063873,43067607,43070927,43074330,43076487,43082403,43090943,43095845,43097243,43099774,43104121,43104867,43106455,43115725,43124016,43125276,","43045802,43047703,43049194,43051117,43057135,43063373,43063951,43067695,43071238,43074521,43076614,43082575,43091032,43095922,43097289,43099880,43104261,43104956,43106533,43115779,43124115,43125364,",0,BRCA1
NM_001408419.1,chr17,-,43044294,43125364,22,"43044294,43047642,43049120,43051062,43057051,43063332,43063873,43067607,43070927,43074330,43076487,43082403,43090943,43095845,43097243,43099774,43104121,43104867,43106455,43115725,43124016,43125270,","43045802,43047703,43049194,43051117,43057135,43063373,43063951,43067695,43071238,43074521,43076614,43082575,43091032,43095922,43097289,43099880,43104261,43104956,43106533,43115779,43124115,43125364,",0,BRCA1
NM_001408421.1,chr17,-,43044294,43125364,22,"43044294,43047642,43049120,43051062,43057051,43063332,43063873,43067607,43070927,43074330,43076487,43082403,43090943,43095845,43097243,43099774,43104121,43104867,43106455,43115725,43124016,43125270,","43045802,43047703,43049194,43051117,43057135,43063373,43063951,43067695,43071238,43074521,43076614,43082575,43091032,43095922,43097289,43099877,43104261,43104956,43106533,43115779,43124102,43125364,",0,BRCA1
NM_001408422.1,chr17,-,43044294,43125364,23,"43044294,43047642,43049120,43051062,43057051,43063332,43063873,43067607,43070927,43074330,43076487,43082403,43090943,43095845,43097243,43099774,43104121,43104867,43106455,43115725,43124016,43124736,43125270,","43045802,43047703,43049194,43051117,43057135,43063373,43063951,43067695,43071238,43074521,43076611,43082575,43091032,43095922,43097289,43099880,43104261,43104956,43106533,43115779,43124115,43124908,43125364,",0,BRCA1
NM_001408423.1,chr17,-,43044294,43125364,22,"43044294,43047642,43049120,43051062,43057051,43063332,43063873,43067607,43070927,43074330,43076487,43082403,43090943,43095845,43097243,43099774,43104121,43104867,43106455,43115725,43124016,43125276,","43045802,43047703,43049194,43051117,43057135,43063373,43063951,43067695,43071238,43074521,43076611,43082575,43091032,43095922,43097289,43099880,43104261,43104956,43106533,43115779,43124115,43125364,",0,BRCA1
NM_001408424.1,chr17,-,43044294,43125364,22,"43044294,43047642,43049120,43051062,43057051,43063332,43063873,43067607,43070927,43074330,43076487,43082403,43090943,43095845,43097243,43099774,43104121,43104867,43106455,43115725,43124016,43125270,","43045802,43047703,43049194,43051117,43057135,43063373,43063951,43067695,43071238,43074521,43076614,43082575,43091032,43095922,43097289,43099877,43104261,43104956,43106533,43115779,43124115,43125364,",0,BRCA1
NM_001408425.1,chr17,-,43044294,43125364,21,"43044294,43047642,43049120,43051062,43057051,43063332,43063873,43067607,43070927,43074330,43076487,43082403,43090943,43094743,43099774,43104121,43104867,43106455,43115725,43124016,43125270,","43045802,43047703,43049194,43051117,43057135,43063373,43063951,43067695,43071238,43074521,43076614,43082575,43091032,43094860,43099880,43104261,43104956,43106533,43115779,43124115,43125364,",0,BRCA1
NM_001408426.1,chr17,-,43044294,43125364,20,"43044294,43047642,43049120,43051062,43057051,43063332,43063873,43067607,43070927,43074330,43076487,43082403,43090943,43094743,43099774,43104121,43104867,43106455,43115725,43124016,","43045802,43047703,43049194,43051117,43057135,43063373,43063951,43067695,43071238,43074521,43076614,43082575,43091032,43094860,43099880,43104261,43104956,43106533,43115779,43125364,",0,BRCA1
NM_001408427.1,chr17,-,43044294,43125364,21,"43044294,43047642,43049120,43051062,43057051,43063332,43063873,43067607,43070927,43074330,43076487,43082403,43090943,43094743,43099774,43104121,43104867,43106455,43115725,43124016,43125270,","43045802,43047703,43049194,43051117,43057135,43063373,43063951,43067695,43071238,43074521,43076614,43082575,43091032,43094860,43099880,43104261,43104956,43106533,43115779,43124102,43125364,",0,BRCA1
NM_001408428.1,chr17,-,43044294,43125364,21,"43044294,43047642,43049120,43051062,43057051,43063332,43063873,43067607,43070927,43074330,43076487,43082403,43090943,43094743,43099774,43104121,43104867,43106455,43115725,43124016,43125181,","43045802,43047703,43049194,43051117,43057135,43063373,43063951,43067695,43071238,43074521,43076614,43082575,43091032,43094860,43099880,43104261,43104956,43106533,43115779,43124115,43125364,",0,BRCA1
NM_001408430.1,chr17,-,43044294,43125364,21,"43044294,43047642,43049120,43051062,43057051,43063332,43063873,43067607,43070927,43074330,43076487,43082403,43090943,43094743,43099774,43104121,43104867,43106455,43115725,43124016,43125276,","43045802,43047703,43049194,43051117,43057135,43063373,43063951,43067695,43071238,43074521,43076614,43082575,43091032,43094860,43099880,43104261,43104956,43106533,43115779,43124115,43125364,",0,BRCA1
NM_001408429.1,chr17,-,43044294,43125364,21,"43044294,43047642,43049120,43051062,43057051,43063332,43063873,43067607,43070927,43074330,43076487,43082403,43090943,43094743,43099774,43104121,43104867,43106455,43115725,43124016,43124736,","43045802,43047703,43049194,43051117,43057135,43063373,43063951,43067695,43071238,43074521,43076614,43082575,43091032,43094860,43099880,43104261,43104956,43106533,43115779,43124115,43125364,",0,BRCA1
NM_001408431.1,chr17,-,43044294,43125364,22,"43044294,43047642,43049120,43051062,43057051,43063332,43063873,43067607,43070927,43074330,43076487,43082403,43090943,43095845,43097243,43099774,43104121,43104867,43106455,43115725,43124016,43125270,","43045802,43047703,43049194,43051117,43057135,43063373,43063951,43067695,43071238,43074521,43076611,43082575,43091032,43095922,43097289,43099877,43104261,43104956,43106533,43115779,43124115,43125364,",0,BRCA1
NM_001408432.1,chr17,-,43044294,43125364,21,"43044294,43047642,43049120,43051062,43057051,43063332,43063873,43067607,43070927,43074330,43076487,43082403,43090943,43094743,43099774,43104121,43104867,43106455,43115725,43124016,43125270,","43045802,43047703,43049194,43051117,43057135,43063373,43063951,43067695,43071238,43074521,43076614,43082575,43091032,43094860,43099877,43104261,43104956,43106533,43115779,43124115,43125364,",0,BRCA1
NM_001408433.1,chr17,-,43044294,43125364,21,"43044294,43047642,43049120,43051062,43057051,43063332,43063873,43067607,43070927,43074330,43076487,43082403,43090943,43094743,43099774,43104121,43104867,43106455,43115725,43124016,43124736,","43045802,43047703,43049194,43051117,43057135,43063373,43063951,43067695,43071238,43074521,43076614,43082575,43091032,43094860,43099877,43104261,43104956,43106533,43115779,43124115,43125364,",0,BRCA1
NM_001408434.1,chr17,-,43044294,43125364,21,"43044294,43047642,43049120,43051062,43057051,43063332,43063873,43067607,43070927,43074330,43076487,43082403,43090943,43094743,43099774,43104121,43104867,43106455,43115725,43124016,43125181,","43045802,43047703,43049194,43051117,43057135,43063373,43063951,43067695,43071238,43074521,43076614,43082575,43091032,43094860,43099877,43104261,43104956,43106533,43115779,43124115,43125364,",0,BRCA1
NM_001408435.1,chr17,-,43044294,43125364,21,"43044294,43047642,43049120,43051062,43057051,43063332,43063873,43067607,43070927,43074330,43076487,43082403,43090943,43094743,43099774,43104121,43104867,43106455,43115725,43124016,43125276,","43045802,43047703,43049194,43051117,43057135,43063373,43063951,43067695,43071238,43074521,43076614,43082575,43091032,43094860,43099877,43104261,43104956,43106533,43115779,43124115,43125364,",0,BRCA1
NM_001408436.1,chr17,-,43044294,43125364,21,"43044294,43047642,43049120,43051062,43057051,43063332,43063873,43067607,43070927,43074330,43076487,43082403,43090943,43094743,43099774,43104121,43104867,43106455,43115725,43124016,43125276,","43045802,43047703,43049194,43051117,43057135,43063373,43063951,43067695,43071238,43074521,43076611,43082575,43091032,43094860,43099880,43104261,43104956,43106533,43115779,43124102,43125364,",0,BRCA1
NM_001408437.1,chr17,-,43044294,43125364,21,"43044294,43047642,43049120,43051062,43057051,43063332,43063873,43067607,43070927,43074330,43076487,43082403,43090943,43094743,43099774,43104121,43104867,43106455,43115725,43124016,43124736,","43045802,43047703,43049194,43051117,43057135,43063373,43063951,43067695,43071238,43074521,43076611,43082575,43091032,43094860,43099880,43104261,43104956,43106533,43115779,43124115,43125364,",0,BRCA1
NM_001408438.1,chr17,-,43044294,43125364,21,"43044294,43047642,43049120,43051062,43057051,43063332,43063873,43067607,43070927,43074330,43076487,43082403,43090943,43094743,43099774,43104121,43104867,43106455,43115725,43124016,43125276,","43045802,43047703,43049194,43051117,43057135,43063373,43063951,43067695,43071238,43074521,43076611,43082575,43091032,43094860,43099880,43104261,43104956,43106533,43115779,43124115,43125364,",0,BRCA1
NM_001408440.1,chr17,-,43044294,43125364,21,"43044294,43047642,43049120,43051062,43057051,43063332,43063873,43067607,43070927,43074330,43076487,43082403,43090943,43094743,43099774,43104121,43104867,43106455,43115725,43124016,43125181,","43045802,43047703,43049194,43051117,43057135,43063373,43063951,43067695,43071238,43074521,43076611,43082575,43091032,43094860,43099880,43104261,43104956,43106533,43115779,43124115,43125364,",0,BRCA1
NM_001408439.1,chr17,-,43044294,43125364,21,"43044294,43047642,43049120,43051062,43057051,43063332,43063873,43067607,43070927,43074330,43076487,43082403,43090943,43094743,43099774,43104121,43104867,43106455,43115725,43124016,43125270,","43045802,43047703,43049194,43051117,43057135,43063373,43063951,43067695,43071238,43074521,43076611,43082575,43091032,43094860,43099880,43104261,43104956,43106533,43115779,43124115,43125364,",0,BRCA1
NM_001408441.1,chr17,-,43044294,43125364,21,"43044294,43047642,43049120,43051062,43057051,43063332,43063873,43067607,43070927,43074330,43076487,43082403,43090943,43094743,43099774,43104121,43104867,43106455,43115725,43124016,43124736,","43045802,43047703,43049194,43051117,43057135,43063373,43063951,43067695,43071238,43074521,43076614,43082572,43091032,43094860,43099880,43104261,43104956,43106533,43115779,43124115,43125364,",0,BRCA1
NM_001408442.1,chr17,-,43044294,43125364,20,"43044294,43047642,43049120,43051062,43057051,43063332,43063873,43067607,43070927,43074330,43076487,43082403,43090943,43094743,43099774,43104121,43104867,43106455,43115725,43124016,","43045802,43047703,43049194,43051117,43057135,43063373,43063951,43067695,43071238,43074521,43076614,43082572,43091032,43094860,43099880,43104261,43104956,43106533,43115779,43125364,",0,BRCA1
NM_001408443.1,chr17,-,43044294,43125364,21,"43044294,43047642,43049120,43051062,43057051,43063332,43063873,43067607,43070927,43074330,43076487,43082403,43090943,43094743,43099774,43104121,43104867,43106455,43115725,43124016,43125270,","43045802,43047703,43049194,43051117,43057135,43063373,43063951,43067695,43071238,43074521,43076614,43082572,43091032,43094860,43099880,43104261,43104956,43106533,43115779,43124115,43125364,",0,BRCA1
NM_001408444.1,chr17,-,43044294,43125364,21,"43044294,43047642,43049120,43051062,43057051,43063332,43063873,43067607,43070927,43074330,43076487,43082403,43090943,43094743,43099774,43104121,43104867,43106455,43115725,43124016,43125276,","43045802,43047703,43049194,43051117,43057135,43063373,43063951,43067695,43071238,43074521,43076614,43082572,43091032,43094860,43099880,43104261,43104956,43106533,43115779,43124115,43125364,",0,BRCA1
NM_001408445.1,chr17,-,43044294,43125364,21,"43044294,43047642,43049120,43051062,43057051,43063332,43063873,43067607,43070927,43074330,43076487,43082403,43090943,43094743,43099774,43104121,43104867,43106455,43115725,43124016,43125270,","43045802,43047703,43049194,43051117,43057135,43063373,43063951,43067695,43071238,43074521,43076611,43082575,43091032,43094860,43099877,43104261,43104956,43106533,43115779,43124115,43125364,",0,BRCA1
NM_001408446.1,chr17,-,43044294,43125364,21,"43044294,43047642,43049120,43051062,43057051,43063332,43063873,43067607,43070927,43074330,43076487,43082403,43090943,43094743,43099774,43104121,43104867,43106455,43115725,43124016,43125276,","43045802,43047703,43049194,43051117,43057135,43063373,43063951,43067695,43071238,43074521,43076611,43082575,43091032,43094860,43099877,43104261,43104956,43106533,43115779,43124115,43125364,",0,BRCA1
NM_001408447.1,chr17,-,43044294,43125364,21,"43044294,43047642,43049120,43051062,43057051,43063332,43063873,43067607,43070927,43074330,43076487,43082403,43090943,43094743,43099774,43104121,43104867,43106455,43115725,43124016,43124736,","43045802,43047703,43049194,43051117,43057135,43063373,43063951,43067695,43071238,43074521,43076611,43082575,43091032,43094860,43099877,43104261,43104956,43106533,43115779,43124115,43125364,",0,BRCA1
NM_001408448.1,chr17,-,43044294,43125364,21,"43044294,43047642,43049120,43051062,43057051,43063332,43063873,43067607,43070927,43074330,43076487,43082403,43090943,43094743,43099774,43104121,43104867,43106455,43115725,43124016,43125270,","43045802,43047703,43049194,43051117,43057135,43063373,43063951,43067695,43071238,43074521,43076611,43082575,43091032,43094860,43099877,43104261,43104956,43106533,43115779,43124102,43125364,",0,BRCA1
NM_001408450.1,chr17,-,43044294,43125364,21,"43044294,43047642,43049120,43051062,43057051,43063332,43063873,43067607,43070927,43074330,43076487,43082403,43090943,43094743,43099774,43104121,43104867,43106455,43115725,43124016,43125181,","43045802,43047703,43049194,43051117,43057135,43063373,43063951,43067695,43071238,43074521,43076611,43082575,43091032,43094860,43099877,43104261,43104956,43106533,43115779,43124115,43125364,",0,BRCA1
NM_001408451.1,chr17,-,43044294,43125364,21,"43044294,43047642,43049120,43051062,43057051,43063332,43063873,43067607,43070927,43074330,43076487,43082403,43090943,43094743,43095845,43097243,43099774,43104121,43104867,43124016,43125276,","43045802,43047703,43049194,43051117,43057135,43063373,43063951,43067695,43071238,43074521,43076614,43082575,43091032,43094860,43095922,43097289,43099877,43104261,43104956,43124115,43125364,",0,BRCA1
NM_001408452.1,chr17,-,43044294,43125364,24,"43044294,43047642,43049120,43051062,43057051,43063332,43063873,43067607,43070927,43074330,43076487,43082403,43090943,43094743,43095845,43097243,43099774,43104121,43104867,43106455,43115725,43121557,43124016,43125276,","43045802,43047703,43049194,43051117,43057135,43063373,43063951,43067695,43071238,43074521,43076614,43082575,43091032,43094860,43095922,43097289,43099880,43104261,43104956,43106533,43115779,43121676,43124115,43125364,",0,BRCA1
NM_001408453.1,chr17,-,43044294,43125364,22,"43044294,43047642,43049120,43051062,43057051,43063332,43063873,43067607,43070927,43074330,43076487,43082403,43090943,43094743,43095845,43097243,43099774,43104121,43104867,43106455,43115725,43125276,","43045802,43047703,43049194,43051117,43057135,43063373,43063951,43067695,43071238,43074521,43076614,43082575,43091032,43094860,43095922,43097289,43099880,43104261,43104956,43106533,43115779,43125364,",0,BRCA1
NM_001408454.1,chr17,-,43044294,43125364,22,"43044294,43047642,43049120,43051062,43057051,43063332,43063873,43067607,43070927,43074330,43076487,43082403,43090943,43094743,43095845,43097243,43099774,43104121,43104867,43106455,43124016,43125270,","43045802,43047703,43049194,43051117,43057135,43063373,43063951,43067695,43071238,43074521,43076614,43082575,43091032,43094860,43095922,43097289,43099880,43104261,43104956,43106533,43124115,43125364,",0,BRCA1
NM_001408455.1,chr17,-,43044294,43125364,24,"43044294,43047642,43049120,43051062,43057051,43063332,43063873,43067607,43070927,43074330,43076487,43082403,43090943,43094743,43095845,43097243,43099774,43104121,43104867,43106455,43110464,43115725,43124016,43125276,","43045802,43047703,43049194,43051117,43057135,43063373,43063951,43067695,43071238,43074521,43076614,43082575,43091032,43094860,43095922,43097289,43099880,43104261,43104956,43106533,43110580,43115779,43124115,43125364,",0,BRCA1
NM_001408456.1,chr17,-,43044294,43125364,24,"43044294,43047642,43049120,43051062,43057051,43063332,43063873,43067607,43070927,43074330,43076487,43082403,43090943,43094743,43095845,43097243,43099774,43104121,43104867,43106455,43110464,43115725,43124016,43125270,","43045802,43047703,43049194,43051117,43057135,43063373,43063951,43067695,43071238,43074521,43076614,43082575,43091032,43094860,43095922,43097289,43099880,43104261,43104956,43106533,43110580,43115779,43124115,43125364,",0,BRCA1
NM_001408457.1,chr17,-,43044294,43125364,21,"43044294,43047642,43049120,43051062,43057051,43063332,43063873,43067607,43070927,43074330,43076487,43082403,43090943,43094743,43095845,43097243,43099774,43104121,43104867,43106455,43125270,","43045802,43047703,43049194,43051117,43057135,43063373,43063951,43067695,43071238,43074521,43076614,43082575,43091032,43094860,43095922,43097289,43099880,43104261,43104956,43106533,43125364,",0,BRCA1
NM_001408458.1,chr17,-,43044294,43170327,22,"43044294,43047642,43049120,43051062,43057051,43063332,43063873,43067607,43070927,43074330,43076487,43082403,43090943,43094743,43095845,43097243,43099774,43104121,43104867,43106455,43115725,43170125,","43045802,43047703,43049194,43051117,43057135,43063373,43063951,43067695,43071238,43074521,43076611,43082575,43091032,43094860,43095922,43097289,43099880,43104261,43104956,43106533,43115779,43170327,",0,BRCA1
NM_001408460.1,chr17,-,43044294,43125364,22,"43044294,43047642,43049120,43051062,43057051,43063332,43063873,43067607,43070927,43074330,43076487,43082403,43090943,43094743,43095845,43097243,43099774,43104121,43104867,43106455,43124016,43125270,","43045802,43047703,43049194,43051117,43057135,43063373,43063951,43067695,43071238,43074521,43076611,43082575,43091032,43094860,43095922,43097289,43099880,43104261,43104956,43106533,43124115,43125364,",0,BRCA1
NM_001408459.1,chr17,-,43044294,43125364,22,"43044294,43047642,43049120,43051062,43057051,43063332,43063873,43067607,43070927,43074330,43076487,43082403,43090943,43094743,43095845,43097243,43099774,43104121,43104867,43106455,43124016,43125276,","43045802,43047703,43049194,43051117,43057135,43063373,43063951,43067695,43071238,43074521,43076611,43082575,43091032,43094860,43095922,43097289,43099880,43104261,43104956,43106533,43124115,43125364,",0,BRCA1
NM_001408461.1,chr17,-,43044294,43125364,22,"43044294,43047642,43049120,43051062,43057051,43063332,43063873,43067607,43070927,43074330,43076487,43082403,43090943,43094743,43095845,43097243,43099774,43104121,43104867,43106455,43124016,43125276,","43045802,43047703,43049194,43051117,43057135,43063373,43063951,43067695,43071238,43074521,43076611,43082575,43091032,43094860,43095922,43097289,43099880,43104261,43104956,43106533,43124102,43125364,",0,BRCA1
NM_001408462.1,chr17,-,43044294,43125364,24,"43044294,43047642,43049120,43051062,43057051,43063332,43063873,43067607,43070927,43074330,43076487,43082403,43090943,43094743,43095845,43097243,43099774,43104121,43104867,43106455,43115725,43121557,43124016,43125181,","43045802,43047703,43049194,43051117,43057135,43063373,43063951,43067695,43071238,43074521,43076614,43082575,43091032,43094860,43095922,43097289,43099877,43104261,43104956,43106533,43115779,43121676,43124115,43125364,",0,BRCA1
NM_001408463.1,chr17,-,43044294,43125364,24,"43044294,43047642,43049120,43051062,43057051,43063332,43063873,43067607,43070927,43074330,43076487,43082403,43090943,43094743,43095845,43097243,43099774,43104121,43104867,43106455,43115725,43121557,43124016,43125270,","43045802,43047703,43049194,43051117,43057135,43063373,43063951,43067695,43071238,43074521,43076614,43082575,43091032,43094860,43095922,43097289,43099877,43104261,43104956,43106533,43115779,43121676,43124115,43125364,",0,BRCA1
NM_001408464.1,chr17,-,43044294,43125364,22,"43044294,43047642,43049120,43051062,43057051,43063332,43063873,43067607,43070927,43074330,43076487,43082403,43090943,43094743,43095845,43097243,43099774,43104121,43104867,43106455,43124016,43125276,","43045802,43047703,43049194,43051117,43057135,43063373,43063951,43067695,43071238,43074521,43076614,43082575,43091032,43094860,43095922,43097289,43099877,43104261,43104956,43106533,43124115,43125364,",0,BRCA1
NM_001408465.1,chr17,-,43044294,43125364,24,"43044294,43047642,43049120,43051062,43057051,43063332,43063873,43067607,43070927,43074330,43076487,43082403,43090943,43094743,43095845,43097243,43099774,43104121,43104867,43106455,43110464,43115725,43124016,43125270,","43045802,43047703,43049194,43051117,43057135,43063373,43063951,43067695,43071238,43074521,43076614,43082575,43091032,43094860,43095922,43097289,43099877,43104261,43104956,43106533,43110584,43115779,43124115,43125364,",0,BRCA1
NM_001408466.1,chr17,-,43044294,43125364,24,"43044294,43047642,43049120,43051062,43057051,43063332,43063873,43067607,43070927,43074330,43076487,43082403,43090943,43094743,43095845,43097243,43099774,43104121,43104867,43106455,43115725,43121557,43124016,43125276,","43045802,43047703,43049194,43051117,43057135,43063373,43063951,43067695,43071238,43074521,43076614,43082572,43091032,43094860,43095922,43097289,43099880,43104261,43104956,43106533,43115779,43121676,43124115,43125364,",0,BRCA1
NM_001408467.1,chr17,-,43044294,43125364,22,"43044294,43047642,43049120,43051062,43057051,43063332,43063873,43067607,43070927,43074330,43076487,43082403,43090943,43094743,43095845,43097243,43099774,43104121,43104867,43106455,43124016,43125276,","43045802,43047703,43049194,43051117,43057135,43063373,43063951,43067695,43071238,43074521,43076614,43082572,43091032,43094860,43095922,43097289,43099880,43104261,43104956,43106533,43124115,43125364,",0,BRCA1
NM_001408468.1,chr17,-,43044294,43125364,24,"43044294,43047642,43049120,43051062,43057051,43063332,43063873,43067607,43070927,43074330,43076487,43082403,43090943,43094743,43095845,43097243,43099774,43104121,43104867,43106455,43110464,43115725,43124016,43125276,","43045802,43047703,43049194,43051117,43057135,43063373,43063951,43067695,43071238,43074521,43076611,43082575,43091032,43094860,43095922,43097289,43099877,43104261,43104956,43106533,43110580,43115779,43124115,43125364,",0,BRCA1
NM_001408470.1,chr17,-,43044294,43125364,22,"43044294,43047642,43049120,43051062,43057051,43063332,43063873,43067607,43070927,43074330,43076487,43082403,43090943,43094743,43095845,43097243,43099774,43104121,43104867,43106455,43115725,43125276,","43045802,43047703,43049194,43051117,43057135,43063373,43063951,43067695,43071238,43074521,43076614,43082572,43091032,43094860,43095922,43097289,43099877,43104261,43104956,43106533,43115779,43125364,",0,BRCA1
NM_001408469.1,chr17,-,43044294,43125364,22,"43044294,43047642,43049120,43051062,43057051,43063332,43063873,43067607,43070927,43074330,43076487,43082403,43090943,43094743,43095845,43097243,43099774,43104121,43104867,43106455,43115725,43125276,","43045802,43047703,43049194,43051117,43057135,43063373,43063951,43067695,43071238,43074521,43076611,43082572,43091032,43094860,43095922,43097289,43099880,43104261,43104956,43106533,43115779,43125364,",0,BRCA1
NM_001408472.1,chr17,-,43044294,43125364,22,"43044294,43047642,43051062,43057051,43063332,43063873,43067607,43070927,43074330,43076487,43082403,43090943,43094743,43095845,43097243,43099774,43104121,43104867,43106455,43115725,43124016,43125276,","43045802,43047703,43051117,43057135,43063373,43063951,43067695,43071238,43074521,43076614,43082572,43091032,43094860,43095922,43097289,43099880,43104261,43104956,43106533,43115779,43124115,43125364,",0,BRCA1
NM_001408473.1,chr17,-,43044294,43125364,22,"43044294,43047642,43051062,43057051,43063332,43063873,43067607,43070927,43074330,43076487,43082403,43090943,43094743,43095845,43097243,43099774,43104121,43104867,43106455,43115725,43124016,43125270,","43045802,43047703,43051117,43057135,43063373,43063951,43067695,43071238,43074521,43076611,43082575,43091032,43094860,43095922,43097289,43099877,43104261,43104956,43106533,43115779,43124115,43125364,",0,BRCA1
NM_001408474.1,chr17,-,43044294,43125364,20,"43044294,43047642,43049120,43051062,43057051,43063332,43063873,43067607,43070927,43074330,43076487,43082403,43090943,43094743,43099774,43104121,43104867,43115725,43124016,43125270,","43045802,43047703,43049194,43051117,43057135,43063373,43063951,43067695,43071238,43074521,43076614,43082575,43091032,43094860,43099880,43104261,43104956,43115779,43124115,43125364,",0,BRCA1
NM_001408475.1,chr17,-,43044294,43125364,20,"43044294,43047642,43049120,43051062,43057051,43063332,43063873,43067607,43070927,43074330,43076487,43082403,43090943,43094743,43099774,43104121,43104867,43115725,43124016,43125276,","43045802,43047703,43049194,43051117,43057135,43063373,43063951,43067695,43071238,43074521,43076614,43082575,43091032,43094860,43099877,43104261,43104956,43115779,43124115,43125364,",0,BRCA1
NM_001408476.1,chr17,-,43044294,43125364,20,"43044294,43047642,43049120,43051062,43057051,43063332,43063873,43067607,43070927,43074330,43076487,43082403,43090943,43094743,43099774,43104121,43104867,43115725,43124016,43125270,","43045802,43047703,43049194,43051117,43057135,43063373,43063951,43067695,43071238,43074521,43076611,43082575,43091032,43094860,43099880,43104261,43104956,43115779,43124115,43125364,",0,BRCA1
NM_001408478.1,chr17,-,43044294,43125364,23,"43044294,43047642,43049120,43051062,43057051,43063332,43063873,43067607,43070927,43074330,43076487,43082403,43090943,43094743,43095845,43097243,43099774,43104121,43104867,43106477,43115725,43124016,43125181,","43045802,43047703,43049194,43051117,43057135,43063373,43063951,43067695,43071238,43074521,43076614,43082575,43091032,43094860,43095922,43097289,43099880,43104261,43104956,43106533,43115779,43124115,43125364,",0,BRCA1
NM_001408480.1,chr17,-,43044294,43125364,23,"43044294,43047642,43049120,43051062,43057051,43063332,43063873,43067607,43070927,43074330,43076487,43082403,43090943,43094743,43095845,43097243,43099774,43104121,43104867,43106477,43115725,43124016,43125276,","43045802,43047703,43049194,43051117,43057135,43063373,43063951,43067695,43071238,43074521,43076614,43082575,43091032,43094860,43095922,43097289,43099880,43104261,43104956,43106533,43115779,43124115,43125364,",0,BRCA1
NM_001408479.1,chr17,-,43044294,43125364,23,"43044294,43047642,43049120,43051062,43057051,43063332,43063873,43067607,43070927,43074330,43076487,43082403,43090943,43094743,43095845,43097243,43099774,43104121,43104867,43106477,43115725,43124016,43125270,","43045802,43047703,43049194,43051117,43057135,43063373,43063951,43067695,43071238,43074521,43076614,43082575,43091032,43094860,43095922,43097289,43099880,43104261,43104956,43106533,43115779,43124115,43125364,",0,BRCA1
NM_001408481.1,chr17,-,43044294,43125364,23,"43044294,43047642,43049120,43051062,43057051,43063332,43063873,43067607,43070927,43074330,43076487,43082403,43090943,43094743,43095845,43097243,43099774,43104121,43104867,43106477,43115725,43124016,43125276,","43045802,43047703,43049194,43051117,43057135,43063373,43063951,43067695,43071238,43074521,43076611,43082575,43091032,43094860,43095922,43097289,43099880,43104261,43104956,43106533,43115779,43124115,43125364,",0,BRCA1
NM_001408482.1,chr17,-,43044294,43125364,24,"43044294,43047642,43049120,43051062,43057051,43063332,43063873,43067607,43070927,43074330,43076487,43082403,43090943,43094743,43095845,43097243,43099774,43104121,43104867,43106477,43115725,43119120,43124016,43125270,","43045802,43047703,43049194,43051117,43057135,43063373,43063951,43067695,43071238,43074521,43076611,43082575,43091032,43094860,43095922,43097289,43099880,43104261,43104956,43106533,43115779,43119265,43124115,43125364,",0,BRCA1
NM_001408483.1,chr17,-,43044294,43125364,22,"43044294,43047642,43049120,43051062,43057051,43063332,43063873,43067607,43070927,43074330,43076487,43082403,43090943,43094743,43095845,43097243,43099774,43104121,43104867,43106477,43115725,43124016,","43045802,43047703,43049194,43051117,43057135,43063373,43063951,43067695,43071238,43074521,43076611,43082575,43091032,43094860,43095922,43097289,43099880,43104261,43104956,43106533,43115779,43125364,",0,BRCA1
NM_001408484.1,chr17,-,43044294,43125364,23,"43044294,43047642,43049120,43051062,43057051,43063332,43063873,43067607,43070927,43074330,43076487,43082403,43090943,43094743,43095845,43097243,43099774,43104121,43104867,43106477,43115725,43124016,43125181,","43045802,43047703,43049194,43051117,43057135,43063373,43063951,43067695,43071238,43074521,43076611,43082575,43091032,43094860,43095922,43097289,43099880,43104261,43104956,43106533,43115779,43124115,43125364,",0,BRCA1
NM_001408485.1,chr17,-,43044294,43125364,23,"43044294,43047642,43049120,43051062,43057051,43063332,43063873,43067607,43070927,43074330,43076487,43082403,43090943,43094743,43095845,43097243,43099774,43104121,43104867,43106477,43115725,43124016,43124736,","43045802,43047703,43049194,43051117,43057135,43063373,43063951,43067695,43071238,43074521,43076611,43082575,43091032,43094860,43095922,43097289,43099880,43104261,43104956,43106533,43115779,43124115,43125364,",0,BRCA1
NM_001408500.1,chr17,-,43044294,43125364,22,"43044294,43047642,43049120,43051062,43057051,43063332,43063873,43067607,43070927,43074330,43076487,43082403,43090943,43094743,43099774,43104121,43104867,43106455,43115725,43121557,43124016,43125276,","43045802,43047703,43049194,43051117,43057135,43063373,43063951,43067695,43071238,43074521,43076614,43082575,43091032,43094860,43099880,43104261,43104956,43106533,43115779,43121676,43124115,43125364,",0,BRCA1
NM_001408490.1,chr17,-,43044294,43125364,23,"43044294,43047642,43049120,43051062,43057051,43063332,43063873,43067607,43070927,43074330,43076487,43082403,43090943,43094743,43095845,43097243,43099774,43104121,43104867,43106477,43115725,43124016,43125270,","43045802,43047703,43049194,43051117,43057135,43063373,43063951,43067695,43071238,43074521,43076614,43082575,43091032,43094860,43095922,43097289,43099877,43104261,43104956,43106533,43115779,43124115,43125364,",0,BRCA1
NM_001408489.1,chr17,-,43044294,43125364,23,"43044294,43047642,43049120,43051062,43057051,43063332,43063873,43067607,43070927,43074330,43076487,43082403,43090943,43094743,43095845,43097243,43099774,43104121,43104867,43106477,43115725,43124016,43125270,","43045802,43047703,43049194,43051117,43057135,43063373,43063951,43067695,43071238,43074521,43076614,43082572,43091032,43094860,43095922,43097289,43099880,43104261,43104956,43106533,43115779,43124115,43125364,",0,BRCA1
NM_001408501.1,chr17,-,43044294,43125364,22,"43044294,43047642,43049120,43051062,43057051,43063332,43063873,43067607,43070927,43074330,43076487,43082403,43090943,43094743,43099774,43104121,43104867,43106455,43110464,43115725,43124016,43125276,","43045802,43047703,43049194,43051117,43057135,43063373,43063951,43067695,43071238,43074521,43076614,43082575,43091032,43094860,43099880,43104261,43104956,43106533,43110580,43115779,43124115,43125364,",0,BRCA1
NM_001408491.1,chr17,-,43044294,43125364,23,"43044294,43047642,43049120,43051062,43057051,43063332,43063873,43067607,43070927,43074330,43076487,43082403,43090943,43094743,43095845,43097243,43099774,43104121,43104867,43106477,43115725,43124016,43125276,","43045802,43047703,43049194,43051117,43057135,43063373,43063951,43067695,43071238,43074521,43076614,43082575,43091032,43094860,43095922,43097289,43099877,43104261,43104956,43106533,43115779,43124115,43125364,",0,BRCA1
NM_001408502.1,chr17,-,43044294,43125364,22,"43044294,43047642,43049120,43051062,43057051,43063332,43063873,43067607,43070927,43074330,43076487,43079333,43082403,43090943,43094743,43099774,43104121,43104867,43106477,43115725,43124016,43125270,","43045802,43047703,43049194,43051117,43057135,43063373,43063951,43067695,43071238,43074521,43076614,43079399,43082575,43091032,43094860,43099880,43104261,43104956,43106533,43115779,43124115,43125364,",0,BRCA1
NM_001408492.1,chr17,-,43044294,43125364,24,"43044294,43047642,43049120,43051062,43057051,43063332,43063873,43067607,43070927,43074330,43076487,43082403,43090943,43094743,43095845,43097243,43099774,43104121,43104867,43106477,43110464,43115725,43124016,43125276,","43045802,43047703,43049194,43051117,43057135,43063373,43063951,43067695,43071238,43074521,43076611,43082572,43091032,43094860,43095922,43097289,43099880,43104261,43104956,43106533,43110580,43115779,43124115,43125364,",0,BRCA1
NM_001408503.1,chr17,-,43044294,43125364,22,"43044294,43047642,43049120,43051062,43057051,43063332,43063873,43067607,43070927,43074330,43076487,43082403,43090943,43094743,43099774,43104121,43104867,43106455,43115725,43121557,43124016,43125276,","43045802,43047703,43049194,43051117,43057135,43063373,43063951,43067695,43071238,43074521,43076614,43082575,43091032,43094860,43099877,43104261,43104956,43106533,43115779,43121676,43124115,43125364,",0,BRCA1
NM_001408493.1,chr17,-,43044294,43125364,23,"43044294,43047642,43049120,43051062,43057051,43063332,43063873,43067607,43070927,43074330,43076487,43082403,43090943,43094743,43095845,43097243,43099774,43104121,43104867,43106477,43115725,43124016,43125270,","43045802,43047703,43049194,43051117,43057135,43063373,43063951,43067695,43071238,43074521,43076611,43082575,43091032,43094860,43095922,43097289,43099877,43104261,43104956,43106533,43115779,43124115,43125364,",0,BRCA1
NM_001408504.1,chr17,-,43044294,43125364,22,"43044294,43047642,43049120,43051062,43057051,43063332,43063873,43067607,43070927,43074330,43076487,43082403,43090943,43094743,43099774,43104121,43104867,43106455,43115725,43121557,43124016,43125270,","43045802,43047703,43049194,43051117,43057135,43063373,43063951,43067695,43071238,43074521,43076614,43082575,43091032,43094860,43099877,43104261,43104956,43106533,43115779,43121676,43124115,43125364,",0,BRCA1
NM_001408494.1,chr17,-,43044294,43125364,20,"43044294,43047642,43049120,43051062,43057051,43063332,43063873,43067607,43070927,43074330,43076487,43082403,43090943,43099774,43104121,43104867,43106455,43115725,43124016,43125276,","43045802,43047703,43049194,43051117,43057135,43063373,43063951,43067695,43071238,43074521,43076614,43082575,43091032,43099880,43104261,43104956,43106533,43115779,43124115,43125364,",0,BRCA1
NM_001408505.1,chr17,-,43044294,43125364,20,"43044294,43047642,43049120,43051062,43057051,43063332,43063873,43067607,43070927,43074330,43076487,43082403,43090943,43094743,43099774,43104121,43104867,43106455,43115725,43125270,","43045802,43047703,43049194,43051117,43057135,43063373,43063951,43067695,43071238,43074521,43076611,43082575,43091032,43094860,43099877,43104261,43104956,43106533,43115779,43125364,",0,BRCA1
NM_001408495.1,chr17,-,43044294,43125364,20,"43044294,43047642,43049120,43051062,43057051,43063332,43063873,43067607,43070927,43074330,43076487,43082403,43090943,43099774,43104121,43104867,43106455,43115725,43124016,43125270,","43045802,43047703,43049194,43051117,43057135,43063373,43063951,43067695,43071238,43074521,43076611,43082575,43091032,43099877,43104261,43104956,43106533,43115779,43124102,43125364,",0,BRCA1
NM_001408506.1,chr17,-,43044294,43125364,22,"43044294,43047642,43049120,43051062,43057051,43063332,43063873,43067607,43070927,43074330,43076487,43082403,43090943,43095845,43097243,43099774,43104121,43104867,43106477,43115725,43124016,43125276,","43045802,43047703,43049194,43051117,43057135,43063373,43063951,43067695,43071238,43074521,43076614,43082575,43091032,43095922,43097289,43099880,43104261,43104956,43106533,43115779,43124115,43125364,",0,BRCA1
NM_001408496.1,chr17,-,43044294,43125364,20,"43044294,43047642,43049120,43051062,43057051,43063332,43063873,43067607,43070927,43074330,43076487,43082403,43090943,43094743,43099774,43104121,43104867,43106455,43124016,43125270,","43045802,43047703,43049194,43051117,43057135,43063373,43063951,43067695,43071238,43074521,43076614,43082575,43091032,43094860,43099880,43104261,43104956,43106533,43124115,43125364,",0,BRCA1
NM_001408507.1,chr17,-,43044294,43125364,22,"43044294,43047642,43049120,43051062,43057051,43063332,43063873,43067607,43070927,43074330,43076487,43082403,43090943,43095845,43097243,43099774,43104121,43104867,43106477,43115725,43124016,43125270,","43045802,43047703,43049194,43051117,43057135,43063373,43063951,43067695,43071238,43074521,43076614,43082572,43091032,43095922,43097289,43099880,43104261,43104956,43106533,43115779,43124102,43125364,",0,BRCA1
NM_001408497.1,chr17,-,43044294,43125364,22,"43044294,43047642,43049120,43051062,43057051,43063332,43063873,43067607,43070927,43074330,43076487,43082403,43090943,43094743,43099774,43104121,43104867,43106455,43115725,43121557,43124016,43125276,","43045802,43047703,43049194,43051117,43057135,43063373,43063951,43067695,43071238,43074521,43076614,43082575,43091032,43094860,43099880,43104261,43104956,43106533,43115779,43121680,43124115,43125364,",0,BRCA1
NM_001408508.1,chr17,-,43044294,43125364,21,"43044294,43047642,43049120,43051062,43057051,43063332,43063873,43067607,43070927,43074330,43076487,43082403,43090943,43094743,43099774,43104121,43104867,43106477,43115725,43124016,43125276,","43045802,43047703,43049194,43051117,43057135,43063373,43063951,43067695,43071238,43074521,43076614,43082572,43091032,43094860,43099877,43104261,43104956,43106533,43115779,43124115,43125364,",0,BRCA1
NM_001408498.1,chr17,-,43044294,43125364,20,"43044294,43047642,43049120,43051062,43057051,43063332,43063873,43067607,43070927,43074330,43076487,43082403,43090943,43094743,43099774,43104121,43104867,43106455,43124016,43125276,","43045802,43047703,43049194,43051117,43057135,43063373,43063951,43067695,43071238,43074521,43076614,43082575,43091032,43094860,43099880,43104261,43104956,43106533,43124115,43125364,",0,BRCA1
NM_001408510.1,chr17,-,43044294,43125364,21,"43044294,43047642,43049120,43051062,43057051,43063332,43063873,43067607,43070927,43074330,43076487,43082403,43090943,43094743,43095845,43097243,43099774,43104121,43104867,43115725,43125276,","43045802,43047703,43049194,43051117,43057135,43063373,43063951,43067695,43071238,43074521,43076614,43082575,43091032,43094860,43095922,43097289,43099880,43104261,43104956,43115779,43125364,",0,BRCA1
NM_001408509.1,chr17,-,43044294,43125364,21,"43044294,43047642,43049120,43051062,43057051,43063332,43063873,43067607,43070927,43074330,43076487,43082403,43090943,43094743,43099774,43104121,43104867,43106477,43115725,43124016,43125276,","43045802,43047703,43049194,43051117,43057135,43063373,43063951,43067695,43071238,43074521,43076611,43082572,43091032,43094860,43099877,43104261,43104956,43106533,43115779,43124115,43125364,",0,BRCA1
NM_001408499.1,chr17,-,43044294,43125364,22,"43044294,43047642,43049120,43051062,43057051,43063332,43063873,43067607,43070927,43074330,43076487,43082403,43090943,43094743,43099774,43104121,43104867,43106455,43115725,43121557,43124016,43125270,","43045802,43047703,43049194,43051117,43057135,43063373,43063951,43067695,43071238,43074521,43076614,43082575,43091032,43094860,43099880,43104261,43104956,43106533,43115779,43121676,43124115,43125364,",0,BRCA1
NM_001408511.1,chr17,-,43044294,43125364,18,"43044294,43047642,43049120,43051062,43057051,43063332,43063873,43067607,43070927,43074330,43076487,43082403,43090943,43099774,43104121,43104867,43106455,43125270,","43045802,43047703,43049194,43051117,43057135,43063373,43063951,43067695,43071238,43074521,43076614,43082575,43091032,43099877,43104261,43104956,43106533,43125364,",0,BRCA1
NM_001408512.1,chr17,-,43044294,43125364,19,"43044294,43047642,43049120,43051062,43057051,43063332,43063873,43067607,43070927,43074330,43076487,43082403,43090943,43094743,43099774,43104121,43104867,43115725,43125276,","43045802,43047703,43049194,43051117,43057135,43063373,43063951,43067695,43071238,43074521,43076614,43082575,43091032,43094860,43099880,43104261,43104956,43115779,43125364,",0,BRCA1
NM_001408513.1,chr17,-,43044294,43125364,22,"43044294,43047642,43049120,43051062,43057051,43063332,43063873,43067607,43070927,43082403,43090943,43094743,43095845,43097243,43099774,43104121,43104867,43106477,43115725,43121557,43124016,43125276,","43045802,43047703,43049194,43051117,43057135,43063373,43063951,43067695,43071238,43082572,43091032,43094860,43095922,43097289,43099880,43104261,43104956,43106533,43115779,43121676,43124115,43125364,",0,BRCA1
NM_001408514.1,chr17,-,43044294,43125364,19,"43044294,43047642,43049120,43051062,43057051,43063332,43063873,43082403,43090943,43094743,43095845,43097243,43099774,43104121,43104867,43106477,43115725,43124016,43124736,","43045802,43047703,43049194,43051117,43057135,43063373,43063951,43082575,43091032,43094860,43095922,43097289,43099880,43104261,43104956,43106533,43115779,43124115,43125364,",0,BRCA1
NM_001289936.2,chr17,+,39688093,39728658,31,"39688093,39688695,39693260,39694987,39699536,39706989,39708320,39709317,39709812,39710085,39710339,39711927,39712321,39715285,39715445,39715739,39716300,39716514,39717319,39719786,39723318,39723537,39723911,39724725,39725048,39725326,39725706,39726561,39726814,39727294,39727688,","39688278,39688800,39693325,39695181,39699587,39707141,39708534,39709452,39709881,39710201,39710481,39712047,39712448,39715359,39715536,39715939,39716433,39716605,39717480,39719834,39723457,39723660,39724010,39724911,39725204,39725402,39725853,39726659,39727003,39727547,39728658,",0,ERBB2
NM_001289937.2,chr17,+,39700063,39728658,26,"39700063,39706989,39708320,39709317,39709812,39710085,39710339,39711927,39712321,39715285,39715445,39715739,39716300,39716514,39717319,39719786,39723318,39723537,39723911,39724725,39725048,39725326,39725706,39726561,39726814,39727688,","39700311,39707141,39708534,39709452,39709881,39710201,39710481,39712047,39712448,39715359,39715536,39715939,39716433,39716605,39717480,39719834,39723457,39723660,39724010,39724911,39725204,39725402,39725853,39726659,39727003,39728658,",0,ERBB2
NM_001289938.2,chr17,+,39688093,39717657,18,"39688093,39688695,39693260,39694987,39706989,39708320,39709317,39709812,39710085,39710339,39711927,39712321,39715285,39715445,39715739,39716300,39716514,39717319,","39688278,39688800,39693325,39695181,39707141,39708534,39709452,39709881,39710201,39710481,39712047,39712448,39715359,39715536,39715939,39716433,39716605,39717657,",0,ERBB2
NM_203506.3,chr17,-,75318075,75405678,5,"75318075,75321658,75332699,75393550,75405488,","75320553,75321827,75332797,75393765,75405678,",0,GRB2
XM_024450830.2,chr17,+,66513340,66810743,16,"66513340,66514320,66641354,66645382,66687110,66688301,66688950,66732687,66735488,66738763,66741658,66742621,66773986,66786866,66788838,66803872,","66513381,66514466,66641466,66645511,66687267,66688436,66689047,66732825,66735662,66738855,66741721,66742760,66774067,66786974,66788979,66810743,",0,PRKCA
XM_024450829.2,chr17,+,66513361,66810743,15,"66513361,66641354,66645382,66687110,66688301,66688950,66732687,66735488,66738763,66741658,66742621,66773986,66786866,66788838,66803872,","66514466,66641466,66645511,66687267,66688436,66689047,66732825,66735662,66738855,66741721,66742760,66774067,66786974,66788979,66810743,",0,PRKCA
XM_024450897.2,chr17,-,42199176,42288370,19,"42199176,42202339,42202756,42207557,42210170,42210402,42211983,42216013,42217159,42217376,42218150,42218722,42219311,42219711,42223381,42224778,42227528,42231999,42287786,","42201864,42202447,42202808,42207728,42210301,42210497,42212190,42216106,42217282,42217464,42218330,42218878,42219463,42219842,42223556,42224868,42227685,42232137,42288370,",0,STAT5B
NR_176326.1,chr17,-,7668420,7687490,10,"7668420,7670608,7673534,7673700,7674180,7675052,7675993,7676381,7676520,7687376,","7669690,7670715,7673608,7673837,7674290,7675236,7676272,7676403,7676622,7687490,",0,TP53
XM_024450898.2,chr17,-,42199176,42275633,19,"42199176,42202339,42202756,42207557,42210170,42210402,42211983,42216013,42217159,42217376,42218150,42218722,42219311,42219711,42223381,42224778,42227528,42231999,42268285,","42201864,42202447,42202808,42207728,42210301,42210497,42212190,42216106,42217282,42217464,42218330,42218878,42219463,42219842,42223556,42224868,42227685,42232137,42275633,",0,STAT5B
NM_213662.2,chr17,-,42313323,42388442,24,"42313323,42316788,42317181,42322281,42323003,42323259,42323572,42324710,42324962,42326115,42329409,42329553,42329746,42331471,42333672,42333890,42337434,42337762,42338730,42339313,42345558,42346568,42348388,42388278,","42315800,42316851,42317224,42322494,42323143,42323354,42323625,42324846,42325061,42326199,42329457,42329647,42329776,42331531,42333765,42334049,42337586,42337857,42338812,42339409,42345657,42346713,42348539,42388442,",0,STAT3
NM_001369512.1,chr17,-,42313323,42388442,24,"42313323,42316788,42317181,42322281,42323003,42323259,42323572,42324710,42324962,42326115,42329409,42329553,42329746,42331471,42333672,42333890,42337434,42337762,42338730,42339313,42345558,42346568,42348388,42388278,","42315800,42316901,42317224,42322494,42323143,42323354,42323625,42324846,42325061,42326199,42329457,42329647,42329776,42331531,42333765,42334049,42337586,42337857,42338812,42339409,42345657,42346713,42348517,42388442,",0,STAT3
NM_001369513.1,chr17,-,42313323,42388442,24,"42313323,42316788,42317181,42322281,42323003,42323259,42323572,42324710,42324962,42326115,42329409,42329553,42329746,42331471,42333672,42333890,42337434,42337762,42338730,42339313,42345558,42346568,42348388,42388278,","42315800,42316901,42317224,42322494,42323143,42323354,42323625,42324846,42325061,42326199,42329457,42329647,42329776,42331531,42333765,42334049,42337586,42337857,42338812,42339409,42345657,42346713,42348520,42388442,",0,STAT3
NM_001369514.1,chr17,-,42313323,42388442,24,"42313323,42316788,42317181,42322284,42323003,42323259,42323572,42324710,42324962,42326115,42329409,42329553,42329746,42331471,42333672,42333890,42337434,42337762,42338730,42339313,42345558,42346568,42348388,42388278,","42315800,42316901,42317224,42322494,42323143,42323354,42323625,42324846,42325061,42326199,42329457,42329647,42329776,42331531,42333765,42334049,42337586,42337857,42338812,42339409,42345657,42346713,42348520,42388442,",0,STAT3
NM_001369516.1,chr17,-,42313323,42388442,24,"42313323,42316788,42317181,42322284,42323003,42323259,42323572,42324710,42324962,42326115,42329409,42329553,42329746,42331471,42333672,42333890,42337434,42337762,42338730,42339313,42345558,42346568,42348388,42388278,","42315800,42316901,42317224,42322494,42323143,42323354,42323625,42324846,42325061,42326199,42329457,42329647,42329776,42331531,42333765,42334049,42337586,42337857,42338812,42339409,42345657,42346713,42348539,42388442,",0,STAT3
NM_001369517.1,chr17,-,42313323,42388442,24,"42313323,42316788,42317181,42322281,42323003,42323259,42323572,42324710,42324962,42326115,42329409,42329553,42329746,42331471,42333672,42333890,42337434,42337762,42338730,42339313,42345558,42346568,42348388,42388278,","42315800,42316851,42317224,42322494,42323143,42323354,42323625,42324846,42325061,42326199,42329457,42329647,42329776,42331531,42333765,42334049,42337586,42337857,42338812,42339409,42345657,42346713,42348517,42388442,",0,STAT3
NM_001369518.1,chr17,-,42313323,42388442,24,"42313323,42316788,42317181,42322281,42323003,42323259,42323572,42324710,42324962,42326115,42329409,42329553,42329746,42331471,42333672,42333890,42337434,42337762,42338730,42339313,42345558,42346568,42348388,42388278,","42315800,42316851,42317224,42322494,42323143,42323354,42323625,42324846,42325061,42326199,42329457,42329647,42329776,42331531,42333765,42334049,42337586,42337857,42338812,42339409,42345657,42346713,42348520,42388442,",0,STAT3
NM_001369520.1,chr17,-,42313323,42388442,24,"42313323,42316788,42317181,42322284,42323003,42323259,42323572,42324710,42324962,42326115,42329409,42329553,42329746,42331471,42333672,42333890,42337434,42337762,42338730,42339313,42345558,42346568,42348388,42388278,","42315800,42316851,42317224,42322494,42323143,42323354,42323625,42324846,42325061,42326199,42329457,42329647,42329776,42331531,42333765,42334049,42337586,42337857,42338812,42339409,42345657,42346713,42348539,42388442,",0,STAT3
NM_001369519.1,chr17,-,42313323,42388442,24,"42313323,42316788,42317181,42322284,42323003,42323259,42323572,42324710,42324962,42326115,42329409,42329553,42329746,42331471,42333672,42333890,42337434,42337762,42338730,42339313,42345558,42346568,42348388,42388278,","42315800,42316851,42317224,42322494,42323143,42323354,42323625,42324846,42325061,42326199,42329457,42329647,42329776,42331531,42333765,42334049,42337586,42337857,42338812,42339409,42345657,42346713,42348517,42388442,",0,STAT3
NM_001384984.1,chr17,-,42313323,42388442,23,"42313323,42316788,42317181,42322281,42323003,42323259,42323572,42324710,42324962,42329409,42329553,42329746,42331471,42333672,42333890,42337434,42337762,42338730,42339313,42345558,42346568,42348388,42388278,","42315800,42316901,42317224,42322494,42323143,42323354,42323625,42324846,42325061,42329457,42329647,42329776,42331531,42333765,42334049,42337586,42337857,42338812,42339409,42345657,42346713,42348517,42388442,",0,STAT3
NM_001384985.1,chr17,-,42313323,42388442,24,"42313323,42316788,42317181,42322281,42323003,42323259,42323572,42324710,42324962,42326115,42329409,42329553,42329746,42331471,42333672,42333890,42337434,42337762,42338730,42339313,42345558,42346568,42348388,42388278,","42315800,42316901,42317224,42322494,42323143,42323354,42323625,42324846,42325061,42326199,42329457,42329647,42329776,42331531,42333765,42334049,42337586,42337857,42338812,42339409,42345579,42346713,42348539,42388442,",0,STAT3
NM_001384986.1,chr17,-,42313323,42388442,24,"42313323,42316788,42317181,42322284,42323003,42323259,42323572,42324710,42324962,42326115,42329409,42329553,42329746,42331471,42333672,42333890,42337434,42337762,42338730,42339313,42345558,42346568,42348388,42388278,","42315800,42316851,42317224,42322494,42323143,42323354,42323625,42324846,42325061,42326199,42329457,42329647,42329791,42331531,42333765,42334049,42337586,42337857,42338812,42339409,42345657,42346713,42348539,42388442,",0,STAT3
NM_001384987.1,chr17,-,42313323,42388442,24,"42313323,42316788,42317181,42322281,42323003,42323259,42323572,42324710,42324962,42326115,42329409,42329553,42329746,42331471,42333672,42333890,42337434,42337762,42338730,42339313,42345558,42346568,42348388,42388278,","42315800,42316901,42317224,42322494,42323143,42323354,42323625,42324825,42325061,42326199,42329457,42329647,42329776,42331531,42333765,42334049,42337586,42337857,42338812,42339409,42345657,42346713,42348539,42388442,",0,STAT3
NM_139276.3,chr17,-,42313323,42388442,24,"42313323,42316788,42317181,42322281,42323003,42323259,42323572,42324710,42324962,42326115,42329409,42329553,42329746,42331471,42333672,42333890,42337434,42337762,42338730,42339313,42345558,42346568,42348388,42388278,","42315800,42316901,42317224,42322494,42323143,42323354,42323625,42324846,42325061,42326199,42329457,42329647,42329776,42331531,42333765,42334049,42337586,42337857,42338812,42339409,42345657,42346713,42348539,42388442,",0,STAT3
NM_001384988.1,chr17,-,42313323,42388442,23,"42313323,42316788,42322284,42323003,42323259,42323572,42324710,42324962,42326115,42329409,42329553,42329746,42331471,42333672,42333890,42337434,42337762,42338730,42339313,42345558,42346568,42348388,42388278,","42315800,42316851,42322494,42323143,42323354,42323625,42324846,42325061,42326199,42329457,42329647,42329776,42331531,42333765,42334049,42337586,42337857,42338812,42339409,42345657,42346713,42348539,42388442,",0,STAT3
NM_001384990.1,chr17,-,42313323,42388442,24,"42313323,42316788,42317181,42322281,42323003,42323259,42323572,42324710,42324962,42326115,42329409,42329553,42329746,42331471,42333672,42333890,42337434,42337762,42338730,42339313,42345558,42346568,42348388,42388278,","42315800,42316851,42317224,42322494,42323143,42323354,42323625,42324846,42325061,42326199,42329457,42329647,42329791,42331531,42333765,42334049,42337586,42337857,42338812,42339409,42345657,42346713,42348539,42388442,",0,STAT3
NM_001384989.1,chr17,-,42313323,42388442,23,"42313323,42316788,42317181,42322284,42323003,42323259,42323572,42324710,42324962,42326115,42329409,42329553,42329746,42331471,42333672,42333890,42337434,42337762,42338730,42345558,42346568,42348388,42388278,","42315800,42316901,42317224,42322494,42323143,42323354,42323625,42324846,42325061,42326199,42329457,42329647,42329776,42331531,42333765,42334049,42337586,42337857,42338812,42345657,42346713,42348517,42388442,",0,STAT3
NM_001384991.1,chr17,-,42313323,42388442,24,"42313323,42316788,42317181,42322281,42323003,42323286,42323572,42324710,42324962,42326115,42329409,42329553,42329746,42331471,42333672,42333890,42337434,42337762,42338730,42339313,42345558,42346568,42348388,42388278,","42315800,42316901,42317224,42322494,42323143,42323354,42323625,42324846,42325061,42326199,42329457,42329647,42329776,42331531,42333765,42334049,42337586,42337857,42338812,42339409,42345657,42346713,42348539,42388442,",0,STAT3
NM_001384992.1,chr17,-,42313323,42388442,23,"42313323,42316788,42317181,42322281,42323003,42323259,42323572,42324710,42324962,42326115,42329409,42329553,42329746,42333672,42333890,42337434,42337762,42338730,42339313,42345558,42346568,42348388,42388278,","42315800,42316901,42317224,42322494,42323143,42323354,42323625,42324846,42325061,42326199,42329457,42329647,42329776,42333765,42334049,42337586,42337857,42338812,42339409,42345657,42346713,42348517,42388442,",0,STAT3
NM_001384993.1,chr17,-,42313323,42388442,24,"42313323,42316788,42317181,42322281,42323003,42323259,42323572,42324710,42324962,42326115,42329409,42329553,42329746,42331471,42333672,42333890,42337434,42337762,42338730,42339313,42345558,42346568,42348388,42388278,","42315800,42316889,42317224,42322494,42323143,42323354,42323625,42324846,42325061,42326199,42329457,42329647,42329776,42331531,42333765,42334049,42337586,42337857,42338812,42339409,42345657,42346713,42348539,42388442,",0,STAT3
NM_001128147.3,chr17,+,31094976,31222764,15,"31094976,31155982,31159009,31163185,31169890,31181421,31181709,31182507,31200421,31201036,31201410,31206239,31214450,31219004,31221849,","31095369,31156126,31159093,31163376,31169997,31181489,31181785,31182665,31200595,31201159,31201485,31206371,31214585,31219118,31222764,",0,NF1
NM_002086.5,chr17,-,75318075,75405678,6,"75318075,75321658,75325897,75332699,75393550,75405488,","75320553,75321827,75326020,75332797,75393765,75405678,",0,GRB2
NM_001276695.3,chr17,-,7668420,7687490,12,"7668420,7670608,7673206,7673534,7673700,7674180,7674858,7675052,7675993,7676381,7676520,7687376,","7669690,7670715,7673266,7673608,7673837,7674290,7674971,7675236,7676272,7676403,7676622,7687490,",0,TP53
NM_001276696.3,chr17,-,7668420,7687490,12,"7668420,7670608,7673206,7673534,7673700,7674180,7674858,7675052,7675993,7676381,7676520,7687376,","7669690,7670715,7673339,7673608,7673837,7674290,7674971,7675236,7676272,7676403,7676622,7687490,",0,TP53
NM_001276697.3,chr17,-,7668420,7675244,7,"7668420,7670608,7673534,7673700,7674180,7674858,7675052,","7669690,7670715,7673608,7673837,7674290,7674971,7675244,",0,TP53
NM_001276698.3,chr17,-,7668420,7675244,8,"7668420,7670608,7673206,7673534,7673700,7674180,7674858,7675052,","7669690,7670715,7673339,7673608,7673837,7674290,7674971,7675244,",0,TP53
NM_001276699.3,chr17,-,7668420,7675244,8,"7668420,7670608,7673206,7673534,7673700,7674180,7674858,7675052,","7669690,7670715,7673266,7673608,7673837,7674290,7674971,7675244,",0,TP53
NM_001276760.3,chr17,-,7668420,7687490,11,"7668420,7670608,7673534,7673700,7674180,7674858,7675052,7675993,7676381,7676520,7687376,","7669690,7670715,7673608,7673837,7674290,7674971,7675236,7676272,7676403,7676622,7687490,",0,TP53
NM_001276761.3,chr17,-,7668420,7687490,11,"7668420,7670608,7673534,7673700,7674180,7674858,7675052,7675993,7676381,7676520,7687376,","7669690,7670715,7673608,7673837,7674290,7674971,7675236,7676272,7676403,7676619,7687490,",0,TP53
NM_012448.4,chr17,-,42199176,42276391,19,"42199176,42202339,42202756,42207557,42210170,42210402,42211983,42216013,42217159,42217376,42218150,42218722,42219311,42219711,42223381,42224778,42227528,42231999,42276247,","42201864,42202447,42202808,42207728,42210301,42210497,42212190,42216106,42217282,42217464,42218330,42218878,42219463,42219842,42223556,42224868,42227685,42232137,42276391,",0,STAT5B
XM_005257058.5,chr17,-,50184100,50201631,49,"50184100,50185777,50186316,50186639,50187014,50187483,50187875,50188095,50188529,50188741,50188902,50189678,50189858,50190000,50190326,50190542,50190816,50191382,50191787,50191979,50192474,50192639,50192796,50192993,50193942,50194129,50194348,50194572,50194720,50195046,50195231,50195433,50195566,50195922,50196154,50196313,50196483,50196616,50197009,50197179,50197731,50197948,50198160,50198432,50199225,50199417,50199555,50199752,50201410,","50185648,50186020,50186507,50186922,50187122,50187537,50187983,50188149,50188637,50188795,50189010,50189732,50189912,50190108,50190380,50190596,50190924,50191490,50191886,50192024,50192528,50192693,50192850,50193047,50194041,50194183,50194447,50194626,50194828,50195100,50195330,50195478,50195665,50195976,50196199,50196367,50196528,50196670,50197063,50197233,50197785,50198002,50198205,50198504,50199327,50199453,50199590,50199947,50201631,",0,COL1A1
XM_005257059.5,chr17,-,50184100,50201631,38,"50184100,50185777,50186316,50186639,50187014,50187483,50187875,50188095,50188529,50188741,50188902,50189167,50189376,50189678,50189858,50190000,50190326,50190542,50190816,50191382,50191787,50191979,50192474,50192639,50196313,50196483,50196616,50197009,50197179,50197731,50197948,50198160,50198432,50199225,50199417,50199555,50199752,50201410,","50185648,50186020,50186507,50186922,50187122,50187537,50187983,50188149,50188637,50188795,50189010,50189275,50189538,50189732,50189912,50190108,50190380,50190596,50190924,50191490,50191886,50192024,50192528,50192693,50196367,50196528,50196670,50197063,50197233,50197785,50198002,50198205,50198504,50199327,50199453,50199590,50199947,50201631,",0,COL1A1
NM_002737.3,chr17,+,66302612,66810743,17,"66302612,66306095,66496200,66641354,66645382,66687110,66688301,66688950,66732687,66735488,66738763,66741658,66742621,66773986,66786866,66788838,66803872,","66303024,66306127,66496283,66641466,66645511,66687267,66688436,66689047,66732825,66735662,66738855,66741721,66742760,66774067,66786974,66788979,66810743,",0,PRKCA
NM_007300.4,chr17,-,43044294,43125364,24,"43044294,43047642,43049120,43051062,43057051,43063332,43063873,43067607,43070927,43074330,43076487,43079333,43082403,43090943,43091434,43095845,43097243,43099774,43104121,43104867,43106455,43115725,43124016,43125270,","43045802,43047703,43049194,43051117,43057135,43063373,43063951,43067695,43071238,43074521,43076611,43079399,43082575,43091032,43094860,43095922,43097289,43099880,43104261,43104956,43106533,43115779,43124115,43125364,",0,BRCA1
NM_007294.4,chr17,-,43044294,43125364,23,"43044294,43047642,43049120,43051062,43057051,43063332,43063873,43067607,43070927,43074330,43076487,43082403,43090943,43091434,43095845,43097243,43099774,43104121,43104867,43106455,43115725,43124016,43125270,","43045802,43047703,43049194,43051117,43057135,43063373,43063951,43067695,43071238,43074521,43076614,43082575,43091032,43094860,43095922,43097289,43099880,43104261,43104956,43106533,43115779,43124115,43125364,",0,BRCA1
NM_007297.4,chr17,-,43044294,43125364,22,"43044294,43047642,43049120,43051062,43057051,43063332,43063873,43067607,43070927,43074330,43076487,43082403,43090943,43091434,43095845,43097243,43099774,43104121,43104867,43106455,43124016,43125276,","43045802,43047703,43049194,43051117,43057135,43063373,43063951,43067695,43071238,43074521,43076614,43082575,43091032,43094860,43095922,43097289,43099880,43104261,43104956,43106533,43124115,43125364,",0,BRCA1
NM_007298.4,chr17,-,43044294,43125364,23,"43044294,43047642,43049120,43051062,43057051,43063332,43063873,43067607,43070927,43074330,43076487,43082403,43090943,43094743,43095845,43097243,43099774,43104121,43104867,43106455,43115725,43124016,43125181,","43045802,43047703,43049194,43051117,43057135,43063373,43063951,43067695,43071238,43074521,43076611,43082575,43091032,43094860,43095922,43097289,43099880,43104261,43104956,43106533,43115779,43124115,43125364,",0,BRCA1
NM_007299.4,chr17,-,43044294,43125364,22,"43044294,43047642,43051062,43057051,43063332,43063873,43067607,43070927,43074330,43076487,43082403,43090943,43094743,43095845,43097243,43099774,43104121,43104867,43106455,43115725,43124016,43125276,","43045802,43047703,43051117,43057135,43063373,43063951,43067695,43071238,43074521,43076611,43082575,43091032,43094860,43095922,43097289,43099880,43104261,43104956,43106533,43115779,43124115,43125364,",0,BRCA1
NM_001005862.3,chr17,+,39688093,39728658,30,"39688093,39688695,39693260,39694987,39706989,39708320,39709317,39709812,39710085,39710339,39711927,39712321,39715285,39715445,39715739,39716300,39716514,39717319,39719786,39723318,39723537,39723911,39724725,39725048,39725326,39725706,39726561,39726814,39727294,39727688,","39688278,39688800,39693325,39695181,39707141,39708534,39709452,39709881,39710201,39710481,39712047,39712448,39715359,39715536,39715939,39716433,39716605,39717480,39719834,39723457,39723660,39724010,39724911,39725204,39725402,39725853,39726659,39727003,39727547,39728658,",0,ERBB2
NM_003150.4,chr17,-,42313323,42388442,24,"42313323,42316788,42317181,42322284,42323003,42323259,42323572,42324710,42324962,42326115,42329409,42329553,42329746,42331471,42333672,42333890,42337434,42337762,42338730,42339313,42345558,42346568,42348388,42388278,","42315800,42316901,42317224,42322494,42323143,42323354,42323625,42324846,42325061,42326199,42329457,42329647,42329776,42331531,42333765,42334049,42337586,42337857,42338812,42339409,42345657,42346713,42348517,42388442,",0,STAT3
XM_011524341.2,chr17,-,50184100,50201631,48,"50184100,50185777,50186316,50186639,50187014,50187483,50187875,50188095,50188529,50188741,50188902,50189167,50189376,50189678,50189858,50190000,50190326,50190542,50190816,50191382,50191787,50191979,50192474,50192639,50192796,50192993,50193942,50194129,50194348,50194572,50194720,50195046,50195231,50195433,50196313,50196483,50196616,50197009,50197179,50197731,50197948,50198160,50198432,50199225,50199417,50199555,50199752,50201410,","50185648,50186020,50186507,50186922,50187122,50187537,50187983,50188149,50188637,50188795,50189010,50189275,50189538,50189732,50189912,50190108,50190380,50190596,50190924,50191490,50191886,50192024,50192528,50192693,50192850,50193047,50194041,50194183,50194447,50194626,50194828,50195100,50195330,50195478,50196367,50196528,50196670,50197063,50197233,50197785,50198002,50198205,50198504,50199327,50199453,50199590,50199947,50201631,",0,COL1A1
XM_047435590.1,chr17,+,39688093,39728658,32,"39688093,39688695,39693260,39694680,39694987,39699536,39706989,39708320,39709317,39709812,39710085,39710339,39711927,39712321,39715285,39715445,39715739,39716300,39716514,39717319,39719786,39723318,39723537,39723911,39724725,39725048,39725326,39725706,39726561,39726814,39727294,39727688,","39688278,39688800,39693325,39694900,39695181,39699587,39707141,39708534,39709452,39709881,39710201,39710481,39712047,39712448,39715359,39715536,39715939,39716433,39716605,39717480,39719834,39723457,39723660,39724010,39724911,39725204,39725402,39725853,39726659,39727003,39727547,39728658,",0,ERBB2
XM_005257626.5,chr17,-,42214531,42276391,13,"42214531,42216013,42217159,42217376,42218150,42218722,42219311,42219711,42223381,42224778,42227528,42231999,42276247,","42214602,42216106,42217282,42217464,42218330,42218878,42219463,42219842,42223556,42224868,42227685,42232137,42276391,",0,STAT5B
NR_110535.2,chr17,+,39700063,39728658,27,"39700063,39706989,39708320,39709317,39709812,39710085,39710339,39711927,39712321,39715285,39715445,39715739,39716300,39716514,39717319,39719786,39723318,39723537,39723911,39724725,39725048,39725326,39725706,39726561,39726814,39727294,39727688,","39700311,39707204,39708534,39709452,39709881,39710201,39710481,39712047,39712448,39715359,39715536,39715939,39716433,39716605,39717480,39719834,39723457,39723660,39724010,39724911,39725204,39725402,39725853,39726659,39727003,39727547,39728658,",0,ERBB2
XM_017024836.3,chr17,+,66302612,66798320,17,"66302612,66306095,66496200,66641354,66645382,66687110,66688301,66688950,66732687,66735488,66738763,66741658,66742621,66773986,66786866,66788838,66796447,","66303024,66306127,66496283,66641466,66645511,66687267,66688436,66689047,66732825,66735662,66738855,66741721,66742760,66774067,66786974,66788979,66798320,",0,PRKCA
XM_017024837.2,chr17,+,66491872,66810743,16,"66491872,66496200,66641354,66645382,66687110,66688301,66688950,66732687,66735488,66738763,66741658,66742621,66773986,66786866,66788838,66803872,","66491959,66496283,66641466,66645511,66687267,66688436,66689047,66732825,66735662,66738855,66741721,66742760,66774067,66786974,66788979,66810743,",0,PRKCA
XM_047436388.1,chr17,+,66302612,66810743,18,"66302612,66306095,66432006,66496200,66641354,66645382,66687110,66688301,66688950,66732687,66735488,66738763,66741658,66742621,66773986,66786866,66788838,66803872,","66303024,66306127,66432094,66496283,66641466,66645511,66687267,66688436,66689047,66732825,66735662,66738855,66741721,66742760,66774067,66786974,66788979,66810743,",0,PRKCA
XM_047436389.1,chr17,+,66302612,66703864,9,"66302612,66306095,66496200,66641354,66645382,66687110,66688301,66688950,66696426,","66303024,66306127,66496283,66641466,66645511,66687267,66688436,66689047,66703864,",0,PRKCA
XR_001752558.2,chr17,+,66302612,66703864,10,"66302612,66306095,66496200,66641354,66645382,66687110,66688301,66688950,66696426,66703326,","66303024,66306127,66496283,66641466,66645511,66687267,66688436,66689047,66696487,66703864,",0,PRKCA
XM_017024973.3,chr17,-,42316783,42388442,23,"42316783,42317181,42322284,42323003,42323259,42323572,42324710,42324962,42326115,42329409,42329553,42329746,42331471,42333672,42333890,42337434,42337762,42338730,42339313,42345558,42346568,42348388,42388278,","42316851,42317224,42322494,42323143,42323354,42323625,42324846,42325061,42326199,42329457,42329647,42329776,42331531,42333765,42334049,42337586,42337857,42338812,42339409,42345657,42346713,42348520,42388442,",0,STAT3
NM_001382782.1,chr17,+,39688093,39728658,30,"39688093,39688695,39693260,39694680,39706989,39708320,39709317,39709812,39710085,39710339,39711927,39712321,39715285,39715445,39715739,39716300,39716514,39717319,39719786,39723318,39723537,39723911,39724725,39725048,39725326,39725706,39726561,39726814,39727294,39727688,","39688278,39688800,39693325,39695181,39707141,39708534,39709452,39709881,39710201,39710481,39712047,39712448,39715359,39715536,39715939,39716433,39716605,39717480,39719834,39723457,39723660,39724010,39724911,39725204,39725402,39725853,39726659,39727003,39727547,39728658,",0,ERBB2
NM_001382783.1,chr17,+,39700063,39728658,28,"39700063,39702789,39706989,39708320,39709317,39709812,39710085,39710339,39711927,39712321,39715285,39715445,39715739,39716300,39716514,39717319,39719786,39723318,39723537,39723911,39724725,39725048,39725326,39725706,39726561,39726814,39727294,39727688,","39700311,39702914,39707141,39708534,39709452,39709881,39710201,39710481,39712047,39712448,39715359,39715536,39715939,39716433,39716605,39717480,39719834,39723457,39723660,39724010,39724911,39725204,39725402,39725853,39726659,39727003,39727547,39728658,",0,ERBB2
NM_001382784.1,chr17,+,39700063,39728658,28,"39700063,39706989,39708320,39709317,39709812,39710085,39710339,39711927,39712321,39713152,39715285,39715445,39715739,39716300,39716514,39717319,39719786,39723318,39723537,39723911,39724725,39725048,39725326,39725706,39726561,39726814,39727294,39727688,","39700311,39707141,39708534,39709452,39709881,39710201,39710481,39712047,39712448,39713269,39715359,39715536,39715939,39716433,39716605,39717480,39719834,39723457,39723660,39724010,39724911,39725204,39725402,39725853,39726659,39727003,39727547,39728658,",0,ERBB2
NM_001382785.1,chr17,+,39700063,39728658,28,"39700063,39706989,39708320,39709317,39709812,39710085,39710339,39711927,39712321,39715285,39715445,39715739,39716300,39716514,39717066,39717319,39719786,39723318,39723537,39723911,39724725,39725048,39725326,39725706,39726561,39726814,39727294,39727688,","39700311,39707141,39708534,39709452,39709881,39710201,39710481,39712047,39712448,39715359,39715536,39715939,39716433,39716605,39717168,39717480,39719834,39723457,39723660,39724010,39724911,39725204,39725402,39725853,39726659,39727003,39727547,39728658,",0,ERBB2
XM_017024977.2,chr17,-,42199176,42276391,18,"42199176,42202339,42202756,42207557,42210170,42210402,42211983,42216013,42217159,42217376,42218150,42218722,42219311,42219711,42223381,42224778,42231999,42276247,","42201864,42202447,42202808,42207728,42210301,42210497,42212190,42216106,42217282,42217464,42218330,42218878,42219463,42219842,42223556,42224868,42232137,42276391,",0,STAT5B
NM_001382786.1,chr17,+,39700063,39728658,28,"39700063,39706989,39708320,39709317,39709812,39710085,39710339,39711927,39712321,39713152,39715285,39715445,39715739,39716300,39716514,39717319,39719786,39723318,39723537,39723911,39724725,39725048,39725326,39725706,39726561,39726814,39727294,39727688,","39700311,39707141,39708534,39709452,39709881,39710201,39710481,39712047,39712448,39713269,39715359,39715536,39715939,39716433,39716605,39717480,39719834,39723457,39723624,39724010,39724911,39725204,39725402,39725853,39726659,39727003,39727547,39728658,",0,ERBB2
NM_001382787.1,chr17,+,39700063,39728658,27,"39700063,39706989,39708320,39709242,39709812,39710085,39710339,39711927,39712321,39715285,39715445,39715739,39716300,39716514,39717319,39719786,39723318,39723537,39723911,39724725,39725048,39725326,39725706,39726561,39726814,39727294,39727688,","39700311,39707141,39708534,39709452,39709881,39710201,39710481,39712047,39712448,39715359,39715536,39715939,39716433,39716605,39717480,39719834,39723457,39723660,39724010,39724911,39725204,39725402,39725853,39726659,39727003,39727547,39728658,",0,ERBB2
NM_001382788.1,chr17,+,39700063,39728658,27,"39700063,39706989,39708320,39709317,39709812,39710085,39710339,39711927,39712321,39715285,39715445,39715739,39716270,39716514,39717319,39719786,39723318,39723537,39723911,39724725,39725048,39725326,39725706,39726561,39726814,39727294,39727688,","39700311,39707141,39708534,39709452,39709881,39710201,39710481,39712047,39712448,39715359,39715536,39715939,39716433,39716605,39717480,39719834,39723457,39723660,39724010,39724911,39725204,39725402,39725853,39726659,39727003,39727547,39728658,",0,ERBB2
NM_001382800.1,chr17,+,39700063,39728658,26,"39700063,39706989,39708320,39709317,39709812,39710085,39710339,39711927,39712321,39715285,39715445,39715739,39716300,39716514,39717319,39719786,39723318,39723537,39723911,39725048,39725326,39725706,39726561,39726814,39727294,39727688,","39700311,39707141,39708534,39709452,39709881,39710201,39710481,39712047,39712448,39715359,39715536,39715939,39716433,39716605,39717480,39719834,39723457,39723660,39724010,39725204,39725402,39725853,39726659,39727003,39727547,39728658,",0,ERBB2
NM_001382790.1,chr17,+,39700063,39728658,27,"39700063,39706989,39708320,39709317,39709812,39710085,39710339,39711927,39712321,39715285,39715445,39715739,39716300,39716514,39717322,39719786,39723318,39723537,39723911,39724725,39725048,39725326,39725706,39726561,39726814,39727294,39727688,","39700311,39707141,39708534,39709452,39709881,39710201,39710481,39712047,39712448,39715359,39715536,39715939,39716433,39716605,39717480,39719834,39723457,39723660,39724010,39724911,39725204,39725402,39725853,39726659,39727003,39727547,39728658,",0,ERBB2
NM_001382789.1,chr17,+,39700063,39728658,27,"39700063,39706989,39708320,39709317,39709812,39710085,39710339,39711927,39712321,39715285,39715445,39715718,39716300,39716514,39717319,39719786,39723318,39723537,39723911,39724725,39725048,39725326,39725706,39726561,39726814,39727294,39727688,","39700311,39707141,39708534,39709452,39709881,39710201,39710481,39712047,39712448,39715359,39715536,39715939,39716433,39716605,39717480,39719834,39723457,39723660,39724010,39724911,39725204,39725402,39725853,39726659,39727003,39727547,39728658,",0,ERBB2
NM_001382801.1,chr17,+,39700063,39728658,25,"39700063,39706989,39708320,39709317,39709812,39710085,39710339,39711927,39712321,39715285,39715445,39715739,39716300,39716514,39717319,39723318,39723537,39723911,39724725,39725326,39725706,39726561,39726814,39727294,39727688,","39700311,39707141,39708534,39709452,39709881,39710201,39710481,39712047,39712448,39715359,39715536,39715939,39716433,39716605,39717480,39723457,39723660,39724010,39724911,39725402,39725853,39726659,39727003,39727547,39728658,",0,ERBB2
NM_001382791.1,chr17,+,39700063,39728658,27,"39700063,39706989,39708329,39709317,39709812,39710085,39710339,39711927,39712321,39715285,39715445,39715739,39716300,39716514,39717319,39719786,39723318,39723537,39723911,39724725,39725048,39725326,39725706,39726561,39726814,39727294,39727688,","39700311,39707141,39708534,39709452,39709881,39710201,39710481,39712047,39712448,39715359,39715536,39715939,39716433,39716605,39717480,39719834,39723457,39723660,39724010,39724911,39725204,39725402,39725853,39726659,39727003,39727547,39728658,",0,ERBB2
NM_001382802.1,chr17,+,39700063,39728658,25,"39700063,39706989,39708320,39709317,39709812,39711927,39712321,39715285,39715445,39715739,39716300,39716514,39717319,39719786,39723318,39723537,39723911,39724725,39725048,39725326,39725706,39726561,39726814,39727294,39727688,","39700311,39707141,39708534,39709452,39709881,39712047,39712448,39715359,39715536,39715939,39716433,39716605,39717480,39719834,39723457,39723660,39724010,39724911,39725204,39725402,39725853,39726659,39727003,39727547,39728658,",0,ERBB2
NM_001382792.1,chr17,+,39700063,39728658,27,"39700063,39706989,39708320,39709317,39709812,39710085,39710339,39711927,39712321,39715285,39715445,39715739,39716300,39716514,39717319,39719786,39723318,39723537,39723911,39724725,39725048,39725326,39725706,39726561,39726814,39727294,39727688,","39700311,39707141,39708534,39709452,39709881,39710201,39710481,39712047,39712448,39715359,39715536,39715939,39716433,39716605,39717480,39719834,39723457,39723624,39724010,39724911,39725204,39725402,39725853,39726659,39727003,39727547,39728658,",0,ERBB2
NM_001382803.1,chr17,+,39700063,39728658,26,"39700063,39706989,39708320,39709317,39709812,39710085,39710339,39711927,39712321,39715285,39715445,39715739,39716300,39716514,39717319,39719786,39723318,39723537,39723911,39724725,39725048,39725326,39725706,39726561,39726814,39727688,","39700311,39707141,39708534,39709452,39709881,39710201,39710481,39712047,39712448,39715359,39715536,39715939,39716433,39716605,39717480,39719834,39723457,39723618,39724010,39724911,39725204,39725402,39725853,39726659,39727003,39728658,",0,ERBB2
NM_001382793.1,chr17,+,39700063,39728658,27,"39700063,39706989,39708320,39709317,39709812,39710085,39710339,39711927,39712321,39715285,39715445,39715739,39716300,39716514,39717319,39719786,39723318,39723537,39723911,39724725,39725048,39725326,39725706,39726561,39726814,39727294,39727688,","39700311,39707141,39708534,39709452,39709881,39710201,39710481,39712047,39712448,39715359,39715536,39715939,39716433,39716605,39717480,39719834,39723457,39723618,39724010,39724911,39725204,39725402,39725853,39726659,39727003,39727547,39728658,",0,ERBB2
NM_001382804.1,chr17,+,39700063,39728658,21,"39700063,39711927,39712321,39715285,39715445,39715739,39716300,39716514,39717319,39719786,39723318,39723537,39723911,39724725,39725048,39725326,39725706,39726561,39726814,39727294,39727688,","39700311,39712047,39712448,39715359,39715536,39715939,39716433,39716605,39717480,39719834,39723457,39723660,39724010,39724911,39725204,39725402,39725853,39726659,39727003,39727547,39728658,",0,ERBB2
NM_001382794.1,chr17,+,39700063,39728658,27,"39700063,39706989,39708320,39709317,39709812,39710085,39710339,39711927,39712321,39715285,39715445,39715739,39716300,39716514,39717319,39719786,39723318,39723579,39723911,39724725,39725048,39725326,39725706,39726561,39726814,39727294,39727688,","39700311,39707141,39708534,39709452,39709881,39710201,39710481,39712047,39712448,39715359,39715536,39715939,39716433,39716605,39717480,39719834,39723457,39723660,39724010,39724911,39725204,39725402,39725853,39726659,39727003,39727547,39728658,",0,ERBB2
NM_001382805.1,chr17,+,39700063,39728658,20,"39700063,39706989,39708320,39709317,39709812,39710085,39710339,39711927,39712321,39715285,39715445,39715739,39716300,39716514,39717319,39719786,39723318,39723537,39727294,39727688,","39700311,39707141,39708534,39709452,39709881,39710201,39710481,39712047,39712448,39715359,39715536,39715939,39716433,39716605,39717480,39719834,39723457,39723660,39727547,39728658,",0,ERBB2
NM_001382795.1,chr17,+,39700063,39728658,26,"39700063,39706989,39708320,39709317,39709812,39710085,39710339,39711927,39712321,39715285,39715445,39715739,39716300,39716514,39717319,39723318,39723537,39723911,39724725,39725048,39725326,39725706,39726561,39726814,39727294,39727688,","39700311,39707141,39708534,39709452,39709881,39710201,39710481,39712047,39712448,39715359,39715536,39715939,39716433,39716605,39717480,39723457,39723660,39724010,39724911,39725204,39725402,39725853,39726659,39727003,39727547,39728658,",0,ERBB2
NM_001382806.1,chr17,+,39700063,39728658,19,"39700063,39706989,39708320,39709317,39709812,39710085,39710339,39711927,39712321,39715285,39723963,39724725,39725048,39725326,39725706,39726561,39726814,39727294,39727688,","39700311,39707141,39708534,39709452,39709881,39710201,39710481,39712047,39712448,39715359,39724010,39724911,39725204,39725402,39725853,39726659,39727003,39727547,39728658,",0,ERBB2
NM_001382796.1,chr17,+,39700063,39728658,27,"39700063,39706989,39708320,39709317,39709812,39710085,39710339,39711927,39712321,39715285,39715445,39715739,39716300,39716514,39717319,39719786,39723318,39723537,39723911,39724725,39725048,39725326,39725706,39726561,39726814,39727294,39727688,","39700311,39707141,39708534,39709452,39709881,39710201,39710481,39712047,39712448,39715359,39715536,39715939,39716433,39716605,39717480,39719834,39723457,39723660,39724010,39724911,39725204,39725402,39725853,39726659,39726916,39727547,39728658,",0,ERBB2
NM_001382797.1,chr17,+,39700063,39728658,26,"39700063,39706989,39708320,39709317,39709812,39710085,39710339,39711927,39712321,39715285,39715445,39715739,39716300,39716514,39717319,39719786,39723318,39723537,39724725,39725048,39725326,39725706,39726561,39726814,39727294,39727688,","39700311,39707141,39708534,39709452,39709881,39710201,39710481,39712047,39712448,39715359,39715536,39715939,39716433,39716605,39717480,39719834,39723457,39723660,39724911,39725204,39725402,39725853,39726659,39727003,39727547,39728658,",0,ERBB2
NM_001382798.1,chr17,+,39700063,39728658,26,"39700063,39706989,39708320,39709317,39709812,39710085,39710339,39711927,39712321,39715285,39715445,39715739,39716300,39716514,39717319,39719786,39723318,39723537,39723911,39724725,39725326,39725706,39726561,39726814,39727294,39727688,","39700311,39707141,39708534,39709452,39709881,39710201,39710481,39712047,39712448,39715359,39715536,39715939,39716433,39716605,39717480,39719834,39723457,39723660,39724010,39724911,39725402,39725853,39726659,39727003,39727547,39728658,",0,ERBB2
NM_001382799.1,chr17,+,39700063,39728658,26,"39700063,39706989,39708320,39709857,39710085,39710339,39711927,39712321,39715285,39715445,39715739,39716300,39716514,39717319,39719786,39723318,39723537,39723911,39724725,39725048,39725326,39725706,39726561,39726814,39727294,39727688,","39700311,39707141,39708534,39709881,39710201,39710481,39712047,39712448,39715359,39715536,39715939,39716433,39716605,39717480,39719834,39723457,39723660,39724010,39724911,39725204,39725402,39725853,39726659,39727003,39727547,39728658,",0,ERBB2
NM_001407262.1,chr17,-,7668420,7687490,12,"7668420,7670608,7673534,7673700,7674180,7674858,7675052,7675993,7676381,7676520,7677324,7687376,","7669690,7670715,7673608,7673837,7674290,7674971,7675236,7676272,7676403,7676622,7677427,7687490,",0,TP53
NM_001407263.1,chr17,-,7668420,7687490,12,"7668420,7670608,7673534,7673700,7674180,7674858,7675052,7675993,7676381,7676520,7677324,7687376,","7669690,7670715,7673608,7673837,7674290,7674971,7675236,7676272,7676403,7676622,7677427,7687490,",0,TP53
NM_001407264.1,chr17,-,7668420,7677451,11,"7668420,7670608,7673534,7673700,7674180,7674858,7675052,7675993,7676381,7676520,7677324,","7669690,7670715,7673608,7673837,7674290,7674971,7675236,7676272,7676403,7676619,7677451,",0,TP53
NM_001407265.1,chr17,-,7668420,7677451,11,"7668420,7670608,7673534,7673700,7674180,7674858,7675052,7675993,7676381,7676520,7677324,","7669690,7670715,7673608,7673837,7674290,7674971,7675236,7676272,7676403,7676619,7677451,",0,TP53
NM_001407266.1,chr17,-,7668420,7677451,11,"7668420,7670608,7673534,7673700,7674180,7674858,7675052,7675993,7676381,7676520,7677324,","7669690,7670715,7673608,7673837,7674290,7674971,7675236,7676272,7676403,7676622,7677451,",0,TP53
NM_001407267.1,chr17,-,7668420,7677451,11,"7668420,7670608,7673534,7673700,7674180,7674858,7675052,7675993,7676381,7676520,7677324,","7669690,7670715,7673608,7673837,7674290,7674971,7675236,7676272,7676403,7676622,7677451,",0,TP53
NM_001407268.1,chr17,-,7668420,7687490,12,"7668420,7670608,7673206,7673534,7673700,7674180,7674858,7675052,7675993,7676381,7676520,7687376,","7669690,7670715,7673339,7673608,7673837,7674290,7674971,7675236,7676272,7676403,7676619,7687490,",0,TP53
NM_001407270.1,chr17,-,7668420,7677451,12,"7668420,7670608,7673206,7673534,7673700,7674180,7674858,7675052,7675993,7676381,7676520,7677324,","7669690,7670715,7673339,7673608,7673837,7674290,7674971,7675236,7676272,7676403,7676622,7677451,",0,TP53
NM_001407269.1,chr17,-,7668420,7687490,12,"7668420,7670608,7673206,7673534,7673700,7674180,7674858,7675052,7675993,7676381,7676520,7687376,","7669690,7670715,7673339,7673608,7673837,7674290,7674971,7675236,7676272,7676403,7676619,7687490,",0,TP53
NM_001407271.1,chr17,-,7668420,7677451,12,"7668420,7670608,7673206,7673534,7673700,7674180,7674858,7675052,7675993,7676381,7676520,7677324,","7669690,7670715,7673339,7673608,7673837,7674290,7674971,7675236,7676272,7676403,7676622,7677451,",0,TP53
XM_047436585.1,chr17,-,42316783,42388442,23,"42316783,42317181,42322281,42323003,42323259,42323572,42324710,42324962,42326115,42329409,42329553,42329746,42331471,42333672,42333890,42337434,42337762,42338730,42339313,42345558,42346568,42348388,42388278,","42316851,42317224,42322494,42323143,42323354,42323625,42324846,42325061,42326199,42329457,42329647,42329776,42331531,42333765,42334049,42337586,42337857,42338812,42339409,42345657,42346713,42348520,42388442,",0,STAT3
XM_047436586.1,chr17,-,42313323,42346708,22,"42313323,42316788,42317181,42322281,42323003,42323259,42323572,42324710,42324962,42326115,42329409,42329553,42329746,42331471,42333672,42333890,42337434,42337762,42338730,42339313,42345558,42346578,","42315800,42316901,42317224,42322494,42323143,42323354,42323625,42324846,42325061,42326199,42329457,42329647,42329776,42331531,42333765,42334049,42337586,42337857,42338812,42339409,42345596,42346708,",0,STAT3
XM_047436593.1,chr17,-,42199176,42288370,18,"42199176,42202339,42202756,42207557,42210170,42210402,42211983,42216013,42217159,42217376,42218150,42218722,42219311,42219711,42223381,42224778,42231999,42287786,","42201864,42202447,42202808,42207728,42210301,42210497,42212190,42216106,42217282,42217464,42218330,42218878,42219463,42219842,42223556,42224868,42232137,42288370,",0,STAT5B
XM_047437311.1,chr18,+,52340196,53535899,29,"52340196,52752053,52906043,52923706,52925233,53063304,53066045,53157355,53178961,53205215,53207678,53215547,53305577,53322046,53339712,53386042,53391714,53397307,53402785,53410451,53416123,53435143,53450499,53459231,53467893,53486796,53499297,53526616,53530563,","52340878,52752374,52906328,52923857,52925370,53063459,53066166,53157512,53179116,53205364,53207817,53215597,53305719,53322157,53339907,53386138,53391887,53397446,53402893,53410646,53416156,53435209,53450662,53459458,53468010,53486952,53499510,53526759,53535899,",0,DCC
XM_017025569.2,chr18,+,52340196,53535899,29,"52340196,52752053,52906043,52923706,52925233,53063304,53066045,53157355,53178961,53205215,53207678,53215547,53305577,53322046,53339712,53386042,53391714,53397307,53402785,53410451,53416123,53435143,53450499,53459231,53467893,53486796,53499297,53526616,53530563,","52340878,52752374,52906328,52923857,52925370,53063459,53066166,53157512,53179116,53205364,53207817,53215597,53305719,53322157,53339907,53386138,53391887,53397446,53402893,53410646,53416156,53435209,53450662,53459458,53468010,53486958,53499510,53526759,53535899,",0,DCC
XM_017025568.2,chr18,+,52340196,53535899,29,"52340196,52752053,52906043,52923706,52925233,53063304,53066045,53157355,53178961,53205215,53207678,53215547,53305577,53322046,53339712,53386042,53391654,53397307,53402785,53410451,53416123,53435143,53450499,53459231,53467893,53486796,53499297,53526616,53530563,","52340878,52752374,52906328,52923857,52925370,53063459,53066166,53157512,53179116,53205364,53207817,53215597,53305719,53322157,53339907,53386138,53391887,53397446,53402893,53410646,53416156,53435209,53450662,53459458,53468010,53486952,53499510,53526759,53535899,",0,DCC
NM_005215.4,chr18,+,52340196,53535899,29,"52340196,52752053,52906043,52923706,52925233,53063304,53066045,53157355,53178961,53205215,53207678,53215547,53305577,53322046,53339712,53386042,53391654,53397307,53402785,53410451,53416123,53435143,53450499,53459231,53467893,53486796,53499297,53526616,53530563,","52340878,52752374,52906328,52923857,52925370,53063459,53066166,53157512,53179116,53205364,53207817,53215597,53305719,53322157,53339907,53386138,53391887,53397446,53402893,53410646,53416156,53435209,53450662,53459458,53468010,53486958,53499510,53526759,53535899,",0,DCC
XM_011525844.3,chr18,+,52933541,53535899,26,"52933541,52965030,53063304,53066045,53157355,53178961,53205215,53207678,53215547,53305577,53322046,53339712,53386042,53391654,53397307,53402785,53410451,53416123,53435143,53450499,53459231,53467893,53486796,53499297,53526616,53530563,","52934890,52965126,53063459,53066166,53157512,53179116,53205364,53207817,53215597,53305719,53322157,53339907,53386138,53391887,53397446,53402893,53410646,53416156,53435209,53450662,53459458,53468010,53486958,53499510,53526759,53535899,",0,DCC
NM_001007559.3,chr18,-,26016252,26090613,11,"26016252,26032398,26035004,26035830,26038554,26039288,26052623,26057588,26078075,26087500,26090500,","26018380,26032532,26035127,26035923,26038659,26039456,26052845,26057742,26078160,26087577,26090613,",0,SS18
NM_005637.4,chr18,-,26016252,26090613,10,"26016252,26032398,26035004,26038554,26039288,26052623,26057588,26078075,26087500,26090500,","26018380,26032532,26035127,26038659,26039456,26052845,26057742,26078160,26087577,26090613,",0,SS18
XM_011526145.2,chr18,-,26016252,26091219,11,"26016252,26032398,26035004,26035830,26038554,26039288,26052623,26057588,26078075,26087500,26091091,","26018380,26032532,26035127,26035923,26038659,26039456,26052845,26057742,26078160,26087577,26091219,",0,SS18
XM_047437768.1,chr18,-,26016252,26091219,10,"26016252,26032398,26035004,26038554,26039288,26052623,26057588,26078075,26087500,26091091,","26018380,26032532,26035127,26038659,26039456,26052845,26057742,26078160,26087577,26091219,",0,SS18
XM_047437760.1,chr18,-,26016252,26091219,15,"26016252,26032398,26035004,26035830,26038554,26039288,26052623,26057588,26078075,26079010,26080304,26082362,26084051,26087500,26091095,","26018380,26032532,26035127,26035923,26038659,26039456,26052845,26057742,26078160,26079146,26080423,26082528,26084175,26087577,26091219,",0,SS18
XM_047437764.1,chr18,-,26016252,26091219,14,"26016252,26032398,26035004,26035830,26038554,26039288,26052623,26057588,26078075,26079010,26082362,26084051,26087500,26091095,","26018380,26032532,26035127,26035923,26038659,26039456,26052845,26057742,26078160,26079146,26082528,26084175,26087577,26091219,",0,SS18
XM_047437765.1,chr18,-,26016252,26091219,14,"26016252,26032398,26035004,26035830,26038554,26039288,26052623,26057588,26078075,26079010,26082362,26084051,26087500,26091095,","26018380,26032532,26035127,26035923,26038659,26039456,26052845,26057742,26078160,26079125,26082528,26084175,26087577,26091219,",0,SS18
XM_047437762.1,chr18,-,26016252,26091219,13,"26016252,26032398,26035004,26035830,26038554,26039288,26052623,26057588,26078075,26082362,26084051,26087500,26091095,","26018380,26032532,26035127,26035923,26038659,26039456,26052845,26057742,26078160,26082528,26084175,26087577,26091219,",0,SS18
XM_047437766.1,chr18,-,26016252,26091219,13,"26016252,26032398,26035004,26035830,26038554,26039288,26052623,26057588,26078075,26079010,26084051,26087500,26091095,","26018380,26032532,26035127,26035923,26038659,26039456,26052845,26057742,26078160,26079146,26084175,26087577,26091219,",0,SS18
XM_047437763.1,chr18,-,26016252,26091219,12,"26016252,26032398,26035004,26035830,26038554,26039288,26052623,26057588,26078075,26084051,26087500,26091095,","26018380,26032532,26035127,26035923,26038659,26039456,26052845,26057742,26078160,26084175,26087577,26091219,",0,SS18
NM_001308201.2,chr18,-,26016252,26091219,11,"26016252,26032398,26035004,26035830,26038554,26039288,26052623,26057588,26078075,26087500,26091095,","26018380,26032532,26035127,26035923,26038659,26039456,26052845,26057742,26078160,26087577,26091219,",0,SS18
XM_047437767.1,chr18,-,26016252,26091219,10,"26016252,26032398,26035004,26038554,26039288,26052623,26057588,26078075,26087500,26091095,","26018380,26032532,26035127,26038659,26039456,26052845,26057742,26078160,26087577,26091219,",0,SS18
XM_047437769.1,chr18,-,26016252,26068537,9,"26016252,26032398,26035004,26035830,26038554,26039288,26052623,26057588,26068493,","26018380,26032532,26035127,26035923,26038659,26039456,26052845,26057742,26068537,",0,SS18
XM_047437761.1,chr18,-,26016252,26081100,10,"26016252,26032398,26035004,26035830,26038554,26039288,26052623,26057588,26078075,26080304,","26018380,26032532,26035127,26035923,26038659,26039456,26052845,26057742,26078160,26081100,",0,SS18
NM_001407043.1,chr18,+,51030212,51065745,9,"51030212,51046919,51048685,51049294,51054780,51058124,51058339,51059865,51065422,","51030623,51047295,51048860,51049324,51054993,51058244,51058456,51059916,51065745,",0,SMAD4
NM_001407041.1,chr18,+,51030212,51085042,12,"51030212,51046987,51048685,51049294,51054780,51058124,51058339,51059865,51065422,51067018,51076637,51078255,","51030276,51047295,51048860,51049324,51054993,51058244,51058456,51059916,51065606,51067187,51076776,51085042,",0,SMAD4
NM_001407042.1,chr18,+,51030212,51085042,12,"51030212,51046919,51048685,51049294,51054780,51058124,51058339,51059865,51065422,51067018,51076637,51078255,","51030276,51047295,51048860,51049324,51054993,51058244,51058456,51059916,51065606,51067187,51076776,51085042,",0,SMAD4
NM_005359.6,chr18,+,51030212,51085042,12,"51030212,51046919,51048685,51049294,51054780,51058124,51058339,51059865,51065422,51067018,51076637,51078255,","51030623,51047295,51048860,51049324,51054993,51058244,51058456,51059916,51065606,51067187,51076776,51085042,",0,SMAD4
NR_176264.1,chr18,+,51030212,51065745,10,"51030212,51046919,51048685,51049294,51051353,51054780,51058124,51058339,51059865,51065422,","51030623,51047295,51048860,51049324,51051415,51054993,51058244,51058456,51059916,51065745,",0,SMAD4
NR_176265.1,chr18,+,51030212,51085042,13,"51030212,51046919,51048685,51049294,51054780,51058124,51058339,51059865,51065422,51067018,51076637,51077306,51078255,","51030623,51047295,51048860,51049324,51054993,51058244,51058456,51059916,51065606,51067187,51076776,51077419,51085042,",0,SMAD4
NM_000215.4,chr19,-,17824781,17847982,24,"17824781,17830107,17830502,17831227,17831673,17832518,17832789,17834570,17834851,17835082,17835923,17837128,17837931,17838262,17839476,17840229,17841388,17841639,17842315,17843026,17843379,17843776,17844233,17847945,","17826910,17830218,17830620,17831400,17831798,17832708,17832929,17834721,17835003,17835215,17836051,17837213,17838063,17838390,17839663,17840341,17841546,17841762,17842610,17843172,17843491,17843900,17844430,17847982,",0,JAK3
XM_006722846.3,chr19,+,10961309,11062273,36,"10961309,10984123,10985272,10986188,10986904,10987665,10989316,10991149,10994827,10996212,10996493,11003028,11003339,11007901,11010380,11012948,11018956,11019590,11021724,11023517,11024330,11025421,11026299,11027783,11030729,11033289,11033766,11034122,11034913,11039457,11041306,11058254,11058787,11059752,11060044,11061783,","10961729,10984373,10985405,10986593,10987003,10987924,10989443,10991323,10995001,10996380,10996544,11003159,11003397,11008023,11010531,11013112,11019023,11019701,11021967,11023631,11024438,11025508,11026346,11027950,11030893,11033517,11033865,11034200,11035132,11039553,11041560,11058363,11058889,11059885,11060187,11062273,",0,SMARCA4
NM_005027.4,chr19,+,18153162,18170532,16,"18153162,18155456,18160470,18160918,18161053,18161278,18161965,18162201,18162407,18162966,18163262,18166159,18167129,18168474,18168725,18169086,","18153294,18156201,18160563,18160969,18161185,18161495,18162051,18162310,18162506,18163147,18163388,18166302,18167306,18168546,18168896,18170532,",0,PIK3R2
XR_001753693.1,chr19,-,49058283,49062671,3,"49058283,49061163,49062638,","49058346,49062009,49062671,",0,NTF4
XR_001753694.1,chr19,-,49060721,49062671,3,"49060721,49061163,49062638,","49060809,49062009,49062671,",0,NTF4
NM_001374457.1,chr19,+,10961029,11062273,34,"10961029,10984123,10985272,10986188,10986904,10987665,10989316,10991149,10994827,10996212,10996493,11003028,11003339,11007901,11010380,11012948,11018956,11019590,11021724,11023517,11024330,11025421,11026299,11027783,11030729,11033289,11034122,11034913,11041306,11058254,11058787,11059752,11060044,11061783,","10961174,10984373,10985405,10986593,10987003,10987924,10989443,10991323,10995001,10996380,10996544,11003159,11003397,11008023,11010531,11013112,11019023,11019701,11021967,11023631,11024438,11025508,11026346,11027950,11030893,11033517,11034200,11035132,11041560,11058363,11058889,11059885,11060187,11062273,",0,SMARCA4
NR_027882.2,chr19,+,48954874,48961798,7,"48954874,48955547,48955686,48956197,48960238,48960809,48961531,","48954962,48955599,48955833,48956333,48960336,48960914,48961798,",0,BAX
XM_017026748.3,chr19,+,21505601,21540668,5,"21505601,21527389,21529658,21530588,21536279,","21505774,21527511,21529784,21530684,21540668,",0,ZNF429
XM_017026752.2,chr19,+,21529178,21540668,4,"21529178,21529657,21530588,21536279,","21529279,21529784,21530684,21540668,",0,ZNF429
NM_138761.4,chr19,+,48954874,48961798,6,"48954874,48955547,48955686,48956197,48960809,48961531,","48954962,48955599,48955833,48956333,48960914,48961798,",0,BAX
NM_138763.4,chr19,+,48954874,48961798,5,"48954874,48955547,48956197,48960809,48961531,","48954962,48955599,48956333,48960914,48961798,",0,BAX
NM_138764.5,chr19,+,48954874,48961798,6,"48954874,48955547,48955686,48956197,48960809,48961570,","48954962,48955599,48955833,48956333,48960914,48961798,",0,BAX
XM_011527008.3,chr19,-,49061127,49062750,2,"49061127,49062638,","49062009,49062750,",0,NTF4
XM_011527009.3,chr19,-,49061127,49064818,2,"49061127,49063733,","49062009,49064818,",0,NTF4
NR_162071.1,chr19,+,18153162,18170532,15,"18153162,18155456,18160470,18160918,18161053,18161965,18162201,18162407,18162966,18163262,18166159,18167129,18168474,18168725,18169086,","18153294,18156201,18160563,18160969,18161185,18162051,18162310,18162506,18163147,18163388,18166302,18167306,18168550,18168896,18170532,",0,PIK3R2
NM_001291428.2,chr19,+,48954874,48961798,6,"48954874,48955547,48955686,48956197,48960809,48961482,","48954962,48955599,48955833,48956333,48960914,48961798,",0,BAX
NM_001291430.2,chr19,+,48954874,48961798,3,"48954874,48956197,48960809,","48954962,48956333,48961798,",0,BAX
NM_001291429.2,chr19,+,48954874,48961798,4,"48954874,48955686,48956197,48960809,","48954962,48955833,48956333,48961798,",0,BAX
NM_001291431.2,chr19,+,48954874,48961798,4,"48954874,48956197,48960809,48961531,","48954962,48956333,48960914,48961798,",0,BAX
NM_006179.5,chr19,-,49061127,49064818,2,"49061127,49063738,","49062009,49064818,",0,NTF4
XM_047438565.1,chr19,-,421923,461033,13,"421923,422130,425096,430683,434708,436164,436379,436629,438717,438969,440861,441084,460528,","422088,422456,425231,430747,434865,436291,436431,436683,438837,439030,440932,441628,461033,",0,SHC2
XR_007066796.1,chr19,-,17831721,17847982,20,"17831721,17832433,17832789,17834570,17834851,17835082,17835923,17837128,17837931,17838262,17839476,17840229,17841388,17841639,17842315,17843026,17843379,17843776,17844233,17847945,","17831798,17832708,17832929,17834721,17835003,17835215,17836051,17837213,17838063,17838390,17839663,17840341,17841546,17841762,17842610,17843172,17843491,17843900,17844430,17847982,",0,JAK3
NR_073517.2,chr19,+,18153162,18170532,16,"18153162,18155456,18160470,18160918,18161053,18161278,18161965,18162201,18162407,18162966,18163262,18166110,18167129,18168474,18168725,18169086,","18153294,18156201,18160563,18160969,18161185,18161495,18162051,18162310,18162506,18163147,18163388,18166302,18167306,18168546,18168896,18170532,",0,PIK3R2
XM_047438765.1,chr19,+,21505601,21540668,5,"21505601,21527389,21529658,21530588,21536279,","21506080,21527511,21529784,21530684,21540668,",0,ZNF429
NM_002067.5,chr19,+,3094361,3123999,7,"3094361,3110148,3113329,3114943,3118923,3119205,3120988,","3094787,3110333,3113484,3115072,3119053,3119359,3123999,",0,GNA11
XM_047438891.1,chr19,-,49061127,49065035,3,"49061127,49063615,49064950,","49062009,49063862,49065035,",0,NTF4
XM_047438892.1,chr19,-,49061127,49064818,3,"49061127,49063615,49064687,","49062009,49063862,49064818,",0,NTF4
XM_024451658.2,chr19,+,10961029,11062273,37,"10961029,10980776,10984123,10985272,10986188,10986904,10987665,10989316,10991149,10994827,10996212,10996493,11003028,11003339,11007901,11010380,11012948,11018956,11019590,11021724,11023517,11024330,11025421,11026299,11027783,11030729,11033289,11033766,11034122,11034913,11039457,11041306,11058254,11058787,11059752,11060044,11061783,","10961174,10980852,10984373,10985405,10986593,10987003,10987924,10989443,10991323,10995001,10996380,10996544,11003159,11003397,11008023,11010531,11013112,11019023,11019701,11021967,11023631,11024438,11025508,11026346,11027950,11030893,11033517,11033865,11034200,11035132,11039553,11041560,11058363,11058889,11059885,11060187,11062273,",0,SMARCA4
XM_024451661.2,chr19,+,10961029,11062273,35,"10961029,10984120,10985272,10986188,10986904,10987665,10989316,10991149,10994827,10996212,10996493,11003028,11003339,11007901,11010380,11012948,11018956,11019590,11021724,11023517,11024330,11025421,11026299,11027783,11030729,11033289,11034122,11034913,11039457,11041306,11058254,11058787,11059752,11060044,11061783,","10961174,10984373,10985405,10986593,10987003,10987924,10989443,10991323,10995001,10996380,10996544,11003159,11003397,11008023,11010531,11013112,11019023,11019701,11021967,11023631,11024438,11025508,11026346,11027950,11030893,11033517,11034200,11035132,11039553,11041560,11058363,11058889,11059885,11060187,11062273,",0,SMARCA4
XM_024451663.2,chr19,+,10961029,11062273,35,"10961029,10984120,10985272,10986188,10986904,10987665,10989316,10991149,10994827,10996212,10996493,11003028,11003339,11007901,11010380,11012948,11018956,11019590,11021724,11023517,11024330,11025421,11026299,11027783,11030729,11033289,11034122,11034913,11039457,11041306,11058257,11058787,11059752,11060044,11061783,","10961174,10984373,10985405,10986593,10987003,10987924,10989443,10991323,10995001,10996380,10996544,11003159,11003397,11008023,11010531,11013112,11019023,11019701,11021967,11023631,11024438,11025508,11026346,11027950,11030893,11033517,11034200,11035132,11039553,11041560,11058363,11058889,11059885,11060187,11062273,",0,SMARCA4
XM_024451667.2,chr19,+,10961029,11062273,34,"10961029,10984120,10985272,10986188,10986904,10987665,10989316,10991149,10994827,10996212,10996493,11003028,11003339,11007901,11010380,11012948,11018956,11019590,11021724,11023517,11024330,11025421,11026299,11027783,11030729,11033289,11034122,11034913,11041306,11058257,11058787,11059752,11060044,11061783,","10961174,10984373,10985405,10986593,10987003,10987924,10989443,10991323,10995001,10996380,10996544,11003159,11003397,11008023,11010531,11013112,11019023,11019701,11021967,11023631,11024438,11025508,11026346,11027950,11030893,11033517,11034200,11035132,11041560,11058363,11058889,11059885,11060187,11062273,",0,SMARCA4
NM_001440439.1,chr19,-,17824781,17847982,24,"17824781,17830107,17830502,17831227,17831673,17832518,17832789,17834570,17834851,17835082,17835923,17837128,17837931,17838262,17839476,17840229,17841388,17841639,17842315,17843026,17843379,17843776,17844233,17847945,","17826910,17830218,17830620,17831400,17831798,17832708,17832929,17834721,17835003,17835215,17836051,17837213,17838063,17838390,17839663,17840341,17841546,17841762,17842610,17843172,17843491,17843900,17844461,17847982,",0,JAK3
XM_047439168.1,chr19,+,48954874,48961798,6,"48954874,48955547,48955686,48956197,48960809,48961482,","48954936,48955599,48955833,48956333,48960914,48961798,",0,BAX
XM_011527893.4,chr19,-,421869,461033,12,"421869,422130,425096,430683,434708,436164,436379,436629,438717,438969,440861,460528,","422088,422456,425231,430747,434865,436291,436431,436683,438837,439030,440932,461033,",0,SHC2
XM_011527894.3,chr19,-,421868,461033,11,"421868,422130,430683,434708,436164,436379,436629,438717,438969,440861,460528,","422088,422456,430747,434865,436291,436431,436683,438837,439030,440932,461033,",0,SHC2
XM_011527896.3,chr19,-,421923,461033,14,"421923,422130,425096,430683,434708,436164,436379,436629,438717,438969,440861,441084,441503,460528,","422088,422456,425231,430747,434865,436291,436431,436683,438837,439030,440932,441415,441628,461033,",0,SHC2
XM_047439243.1,chr19,+,10961309,11062273,36,"10961309,10984120,10985272,10986188,10986904,10987665,10989316,10991149,10994827,10996212,10996493,11003028,11003339,11007901,11010380,11012948,11018956,11019590,11021724,11023517,11024330,11025421,11026299,11027783,11030729,11033289,11033766,11034122,11034913,11039457,11041306,11058254,11058787,11059752,11060044,11061783,","10961729,10984373,10985405,10986593,10987003,10987924,10989443,10991323,10995001,10996380,10996544,11003159,11003397,11008023,11010531,11013112,11019023,11019701,11021967,11023631,11024438,11025508,11026346,11027950,11030893,11033517,11033865,11034200,11035132,11039553,11041560,11058363,11058889,11059885,11060187,11062273,",0,SMARCA4
XM_047439244.1,chr19,+,10961029,11062273,35,"10961029,10984123,10985272,10986188,10986904,10987665,10989316,10991149,10994827,10996212,10996493,11003028,11003339,11007901,11010380,11012948,11018956,11019590,11021724,11023517,11024330,11025421,11026299,11027783,11030729,11033289,11033766,11034122,11034913,11041306,11058254,11058787,11059752,11060044,11061783,","10961174,10984373,10985405,10986593,10987003,10987924,10989443,10991323,10995001,10996380,10996544,11003159,11003397,11008023,11010531,11013112,11019023,11019701,11021967,11023631,11024438,11025508,11026346,11027950,11030893,11033517,11033865,11034200,11035132,11041560,11058363,11058889,11059885,11060187,11062273,",0,SMARCA4
XM_047439246.1,chr19,+,10961029,11062273,35,"10961029,10984123,10985272,10986188,10986904,10987665,10989316,10991149,10994827,10996212,10996493,11003028,11003339,11007901,11010380,11012948,11018956,11019590,11021724,11023517,11024330,11025421,11026299,11027783,11030729,11033289,11034122,11034913,11039457,11041306,11058257,11058787,11059752,11060044,11061783,","10961174,10984373,10985405,10986593,10987003,10987924,10989443,10991323,10995001,10996380,10996544,11003159,11003397,11008023,11010531,11013112,11019023,11019701,11021967,11023631,11024438,11025508,11026346,11027950,11030893,11033517,11034200,11035132,11039553,11041560,11058363,11058889,11059885,11060187,11062273,",0,SMARCA4
XM_047439247.1,chr19,+,10961029,11062273,35,"10961029,10980776,10984123,10985272,10986188,10986904,10987665,10989316,10991149,10994827,10996212,10996493,11003028,11003339,11007901,11010380,11012948,11018956,11019590,11021724,11023517,11024330,11025421,11026299,11027783,11030729,11033289,11034122,11034913,11041306,11058254,11058787,11059752,11060044,11061783,","10961174,10980852,10984373,10985405,10986593,10987003,10987924,10989443,10991323,10995001,10996380,10996544,11003159,11003397,11008023,11010531,11013112,11019023,11019701,11021967,11023631,11024438,11025508,11026346,11027950,11030893,11033517,11034200,11035132,11041560,11058363,11058889,11059885,11060187,11062273,",0,SMARCA4
XM_047439248.1,chr19,+,10961309,11062273,34,"10961309,10984123,10985272,10986188,10986904,10987665,10989316,10991149,10994827,10996212,10996493,11003028,11003339,11007901,11010380,11012948,11018956,11019590,11021724,11023517,11024330,11025421,11026299,11027783,11030729,11033289,11034122,11034913,11041306,11058254,11058787,11059752,11060044,11061783,","10961729,10984373,10985405,10986593,10987003,10987924,10989443,10991323,10995001,10996380,10996544,11003159,11003397,11008023,11010531,11013112,11019023,11019701,11021967,11023631,11024438,11025508,11026346,11027950,11030893,11033517,11034200,11035132,11041560,11058363,11058889,11059885,11060187,11062273,",0,SMARCA4
XM_047439250.1,chr19,+,10961029,11062273,34,"10961029,10984123,10985272,10986188,10986904,10987665,10989316,10991149,10994827,10996212,10996493,11003028,11003339,11007901,11010380,11012948,11018956,11019590,11021724,11023517,11024330,11025421,11026299,11027783,11030729,11033289,11034122,11034913,11041306,11058257,11058787,11059752,11060044,11061783,","10961174,10984373,10985405,10986593,10987003,10987924,10989443,10991323,10995001,10996380,10996544,11003159,11003397,11008023,11010531,11013112,11019023,11019701,11021967,11023631,11024438,11025508,11026346,11027950,11030893,11033517,11034200,11035132,11041560,11058363,11058889,11059885,11060187,11062273,",0,SMARCA4
XM_047439249.1,chr19,+,10961029,11062273,35,"10961029,10980776,10984120,10985272,10986188,10986904,10987665,10989316,10991149,10994827,10996212,10996493,11003028,11003339,11007901,11010380,11012948,11018956,11019590,11021724,11023517,11024330,11025421,11026299,11027783,11030729,11033289,11034122,11034913,11041306,11058257,11058787,11059752,11060044,11061783,","10961174,10980852,10984373,10985405,10986593,10987003,10987924,10989443,10991323,10995001,10996380,10996544,11003159,11003397,11008023,11010531,11013112,11019023,11019701,11021967,11023631,11024438,11025508,11026346,11027950,11030893,11033517,11034200,11035132,11041560,11058363,11058889,11059885,11060187,11062273,",0,SMARCA4
XM_047439251.1,chr19,+,10961309,11062273,34,"10961309,10984123,10985272,10986188,10986904,10987665,10989316,10991149,10994827,10996212,10996493,11003028,11003339,11007901,11010380,11012948,11018956,11019590,11021724,11023517,11024330,11025421,11026299,11027783,11030729,11033289,11034122,11034913,11041306,11058257,11058787,11059752,11060044,11061783,","10961729,10984373,10985405,10986593,10987003,10987924,10989443,10991323,10995001,10996380,10996544,11003159,11003397,11008023,11010531,11013112,11019023,11019701,11021967,11023631,11024438,11025508,11026346,11027950,11030893,11033517,11034200,11035132,11041560,11058363,11058889,11059885,11060187,11062273,",0,SMARCA4
NM_001395489.1,chr19,-,49061127,49065035,3,"49061127,49063738,49064950,","49062009,49063862,49065035,",0,NTF4
XM_011527991.3,chr19,-,17836042,17847982,14,"17836042,17837128,17837931,17838262,17839476,17840229,17841388,17841639,17842315,17843026,17843379,17843776,17844233,17847945,","17836954,17837213,17838063,17838390,17839663,17840341,17841546,17841762,17842610,17843172,17843491,17843900,17844430,17847982,",0,JAK3
NM_012435.3,chr19,-,416588,461033,13,"416588,418922,422145,425096,430683,434708,436164,436379,436629,438717,438969,440861,460528,","417322,419056,422456,425231,430747,434865,436291,436431,436683,438837,439030,440932,461033,",0,SHC2
NM_001411150.1,chr19,+,10961029,11062273,35,"10961029,10984123,10985272,10986188,10986904,10987665,10989316,10991149,10994827,10996212,10996493,11003028,11003339,11007901,11010380,11012948,11018956,11019590,11021724,11023517,11024330,11025421,11026299,11027783,11030729,11033289,11034122,11034913,11039457,11041306,11058254,11058787,11059752,11060044,11061783,","10961174,10984373,10985405,10986593,10987003,10987924,10989443,10991323,10995001,10996380,10996544,11003159,11003397,11008023,11010531,11013112,11019023,11019701,11021967,11023631,11024438,11025508,11026346,11027950,11030893,11033517,11034200,11035132,11039553,11041560,11058363,11058889,11059885,11060187,11062273,",0,SMARCA4
XM_011528198.2,chr19,+,10961029,11062273,37,"10961029,10980776,10984120,10985272,10986188,10986904,10987665,10989316,10991149,10994827,10996212,10996493,11003028,11003339,11007901,11010380,11012948,11018956,11019590,11021724,11023517,11024330,11025421,11026299,11027783,11030729,11033289,11033766,11034122,11034913,11039457,11041306,11058254,11058787,11059752,11060044,11061783,","10961174,10980852,10984373,10985405,10986593,10987003,10987924,10989443,10991323,10995001,10996380,10996544,11003159,11003397,11008023,11010531,11013112,11019023,11019701,11021967,11023631,11024438,11025508,11026346,11027950,11030893,11033517,11033865,11034200,11035132,11039553,11041560,11058363,11058889,11059885,11060187,11062273,",0,SMARCA4
NM_001128844.3,chr19,+,10961029,11062273,36,"10961029,10980776,10984120,10985272,10986188,10986904,10987665,10989316,10991149,10994827,10996212,10996493,11003028,11003339,11007901,11010380,11012948,11018956,11019590,11021724,11023517,11024330,11025421,11026299,11027783,11030729,11033289,11033766,11034122,11034913,11041306,11058254,11058787,11059752,11060044,11061783,","10961174,10980852,10984373,10985405,10986593,10987003,10987924,10989443,10991323,10995001,10996380,10996544,11003159,11003397,11008023,11010531,11013112,11019023,11019701,11021967,11023631,11024438,11025508,11026346,11027950,11030893,11033517,11033865,11034200,11035132,11041560,11058363,11058889,11059885,11060187,11062273,",0,SMARCA4
NM_001128845.2,chr19,+,10984123,11062273,33,"10984123,10985272,10986188,10986904,10987665,10989316,10991149,10994827,10996212,10996493,11003028,11003339,11007901,11010380,11012948,11018956,11019590,11021724,11023517,11024330,11025421,11026299,11027783,11030729,11033289,11034122,11034913,11041297,11058254,11058787,11059752,11060044,11061783,","10984373,10985405,10986593,10987003,10987924,10989443,10991323,10995001,10996380,10996544,11003159,11003397,11008023,11010531,11013112,11019023,11019701,11021967,11023631,11024438,11025508,11026346,11027950,11030893,11033517,11034200,11035132,11041560,11058363,11058889,11059885,11060187,11062273,",0,SMARCA4
NM_001128846.2,chr19,+,10984123,11062273,33,"10984123,10985272,10986188,10986904,10987665,10989316,10991149,10994827,10996212,10996493,11003028,11003339,11007901,11010380,11012948,11018956,11019590,11021724,11023517,11024330,11025421,11026299,11027783,11030729,11033289,11034122,11034913,11041297,11058257,11058787,11059752,11060044,11061783,","10984373,10985405,10986593,10987003,10987924,10989443,10991323,10995001,10996380,10996544,11003159,11003397,11008023,11010531,11013112,11019023,11019701,11021967,11023631,11024438,11025508,11026346,11027950,11030893,11033517,11034200,11035132,11041560,11058363,11058889,11059885,11060187,11062273,",0,SMARCA4
NM_001128847.4,chr19,+,10961029,11062273,34,"10961029,10984120,10985272,10986188,10986904,10987665,10989316,10991149,10994827,10996212,10996493,11003028,11003339,11007901,11010380,11012948,11018956,11019590,11021724,11023517,11024330,11025421,11026299,11027783,11030729,11033289,11034122,11034913,11041306,11058254,11058787,11059752,11060044,11061783,","10961174,10984373,10985405,10986593,10987003,10987924,10989443,10991323,10995001,10996380,10996544,11003159,11003397,11008023,11010531,11013112,11019023,11019701,11021967,11023631,11024438,11025508,11026346,11027950,11030893,11033517,11034200,11035132,11041560,11058363,11058889,11059885,11060187,11062273,",0,SMARCA4
NM_001128848.2,chr19,+,10984123,11062273,33,"10984123,10985272,10986188,10986904,10987665,10989316,10991149,10994827,10996212,10996493,11003028,11003339,11007901,11010380,11012948,11018956,11019590,11021724,11023517,11024330,11025421,11026299,11027783,11030729,11033289,11034122,11034913,11041306,11058257,11058787,11059752,11060044,11061783,","10984373,10985405,10986593,10987003,10987924,10989443,10991323,10995001,10996380,10996544,11003159,11003397,11008023,11010531,11013112,11019023,11019701,11021967,11023631,11024438,11025508,11026346,11027950,11030893,11033517,11034200,11035132,11041560,11058363,11058889,11059885,11060187,11062273,",0,SMARCA4
NM_001128849.3,chr19,+,10961029,11062273,36,"10961029,10984120,10985272,10986188,10986904,10987665,10989316,10991149,10994827,10996212,10996493,11003028,11003339,11007901,11010380,11012948,11018956,11019590,11021724,11023517,11024330,11025421,11026299,11027783,11030729,11033289,11033766,11034122,11034913,11039457,11041306,11058254,11058787,11059752,11060044,11061783,","10961174,10984373,10985405,10986593,10987003,10987924,10989443,10991323,10995001,10996380,10996544,11003159,11003397,11008023,11010531,11013112,11019023,11019701,11021967,11023631,11024438,11025508,11026346,11027950,11030893,11033517,11033865,11034200,11035132,11039553,11041560,11058363,11058889,11059885,11060187,11062273,",0,SMARCA4
NM_001001415.4,chr19,+,21505601,21540668,4,"21505601,21529657,21530588,21536279,","21505774,21529784,21530684,21540668,",0,ZNF429
NM_003072.5,chr19,+,10961029,11062273,35,"10961029,10984120,10985272,10986188,10986904,10987665,10989316,10991149,10994827,10996212,10996493,11003028,11003339,11007901,11010380,11012948,11018956,11019590,11021724,11023517,11024330,11025421,11026299,11027783,11030729,11033289,11033766,11034122,11034913,11041306,11058254,11058787,11059752,11060044,11061783,","10961174,10984373,10985405,10986593,10987003,10987924,10989443,10991323,10995001,10996380,10996544,11003159,11003397,11008023,11010531,11013112,11019023,11019701,11021967,11023631,11024438,11025508,11026346,11027950,11030893,11033517,11033865,11034200,11035132,11041560,11058363,11058889,11059885,11060187,11062273,",0,SMARCA4
NM_001346912.2,chr19,+,21505601,21540668,4,"21505601,21529676,21530588,21536279,","21506080,21529784,21530684,21540668,",0,ZNF429
NM_001346913.2,chr19,+,21505601,21540668,5,"21505601,21505984,21529657,21530588,21536279,","21505774,21506080,21529784,21530684,21540668,",0,ZNF429
NM_001346914.2,chr19,+,21505601,21540668,4,"21505601,21529657,21530588,21536279,","21506080,21529784,21530684,21540668,",0,ZNF429
NM_001346915.2,chr19,+,21505601,21540668,5,"21505601,21529083,21529657,21530588,21536279,","21505774,21529172,21529784,21530684,21540668,",0,ZNF429
NM_001346916.2,chr19,+,21505601,21540668,3,"21505601,21530588,21536279,","21505774,21530684,21540668,",0,ZNF429
NR_144522.2,chr19,+,21505601,21520508,3,"21505601,21505984,21518574,","21505774,21506080,21520508,",0,ZNF429
NR_144523.2,chr19,+,21505601,21520508,2,"21505601,21518574,","21505774,21520508,",0,ZNF429
NR_144524.2,chr19,+,21505601,21520508,2,"21505601,21518574,","21506080,21520508,",0,ZNF429
NR_144525.2,chr19,+,21505601,21507662,3,"21505601,21505984,21507519,","21505774,21506080,21507662,",0,ZNF429
NR_144526.2,chr19,+,21505601,21507662,2,"21505601,21507519,","21506080,21507662,",0,ZNF429
NM_001387056.1,chr19,-,416588,461033,12,"416588,418922,422145,430683,434708,436164,436379,436629,438717,438969,440861,460528,","417322,419056,422456,430747,434865,436291,436431,436683,438837,439030,440932,461033,",0,SHC2
NM_001387283.1,chr19,+,10961029,11062273,36,"10961029,10984123,10985272,10986188,10986904,10987665,10989316,10991149,10994827,10996212,10996493,11003028,11003339,11007901,11010380,11012948,11018956,11019590,11021724,11023517,11024330,11025421,11026299,11027783,11030729,11033289,11033766,11034122,11034913,11039457,11041306,11058254,11058787,11059752,11060044,11061783,","10961174,10984373,10985405,10986593,10987003,10987924,10989443,10991323,10995001,10996380,10996544,11003159,11003397,11008023,11010531,11013112,11019023,11019701,11021967,11023631,11024438,11025508,11026346,11027950,11030893,11033517,11033865,11034200,11035132,11039553,11041560,11058363,11058889,11059885,11060187,11062273,",0,SMARCA4
NR_164683.1,chr19,+,10961029,11062273,36,"10961029,10984120,10985272,10986188,10986904,10987665,10989316,10991149,10994827,10996212,10996493,11003028,11003339,11007901,11010380,11012948,11018956,11019590,11021449,11021724,11023517,11024330,11025421,11026299,11027783,11030729,11033289,11034122,11034913,11039700,11041306,11058257,11058787,11059752,11060044,11061783,","10961174,10984373,10985405,10986593,10987003,10987924,10989443,10991323,10995001,10996380,10996544,11003159,11003397,11008023,11010531,11013112,11019023,11019701,11021563,11021967,11023631,11024438,11025508,11026346,11027950,11030893,11033517,11034200,11035132,11039899,11041560,11058363,11058889,11059885,11060187,11062273,",0,SMARCA4
NM_004324.4,chr19,+,48954874,48961798,5,"48954874,48955547,48955686,48956197,48960809,","48954962,48955599,48955833,48956333,48961798,",0,BAX
XM_047439945.1,chr20,+,32358330,32439319,11,"32358330,32366383,32369014,32428127,32428324,32429337,32431320,32431582,32432879,32433283,32434431,","32358832,32366466,32369123,32428248,32428422,32429431,32431484,32431679,32432985,32433917,32439319,",0,ASXL1
XM_006723727.4,chr20,+,32358330,32439319,12,"32358330,32366383,32369014,32428127,32428324,32429337,32429900,32431320,32431582,32432879,32433283,32434431,","32358832,32366466,32369123,32428248,32428422,32429431,32430053,32431484,32431679,32432985,32433917,32439319,",0,ASXL1
NM_015338.6,chr20,+,32358330,32439319,13,"32358330,32366383,32367726,32369014,32428127,32428324,32429337,32429900,32431320,32431582,32432879,32433283,32434431,","32358832,32366466,32367729,32369123,32428248,32428422,32429431,32430053,32431484,32431679,32432985,32433917,32439319,",0,ASXL1
XM_011528648.4,chr20,+,32358985,32439319,13,"32358985,32360709,32366383,32369014,32428127,32428324,32429337,32429900,32431320,32431582,32432879,32433283,32434431,","32359237,32360806,32366466,32369123,32428248,32428422,32429431,32430053,32431484,32431679,32432985,32433917,32439319,",0,ASXL1
XM_047439940.1,chr20,+,32359064,32439319,12,"32359064,32366383,32369014,32428127,32428324,32429337,32429900,32431320,32431582,32432879,32433283,32434431,","32359334,32366466,32369123,32428248,32428422,32429431,32430053,32431484,32431679,32432985,32433917,32439319,",0,ASXL1
NM_001363734.1,chr20,+,32359064,32439319,12,"32359064,32366383,32367726,32369014,32428127,32428324,32429337,32431320,32431582,32432879,32433283,32434431,","32359334,32366466,32367729,32369123,32428248,32428422,32429431,32431484,32431679,32432985,32433917,32439319,",0,ASXL1
XM_006723728.4,chr20,+,32359064,32439319,13,"32359064,32366383,32367726,32369014,32428127,32428324,32429337,32429900,32431320,32431582,32432879,32433283,32434431,","32359334,32366466,32367729,32369123,32428248,32428422,32429431,32430053,32431484,32431679,32432985,32433917,32439319,",0,ASXL1
XM_047439939.1,chr20,+,32359064,32439319,14,"32359064,32360797,32366383,32367726,32369014,32428127,32428324,32429337,32429900,32431320,32431582,32432879,32433283,32434431,","32359334,32360806,32366466,32367729,32369123,32428248,32428422,32429431,32430053,32431484,32431679,32432985,32433917,32439319,",0,ASXL1
XM_047439944.1,chr20,+,32359064,32439319,14,"32359064,32360793,32366383,32367726,32369014,32428127,32428324,32429337,32429900,32431320,32431582,32432879,32433283,32434431,","32359334,32360806,32366466,32367729,32369123,32428248,32428422,32429431,32430053,32431484,32431679,32432985,32433917,32439319,",0,ASXL1
XM_047439942.1,chr20,+,32359064,32439319,14,"32359064,32360709,32366383,32367726,32369014,32428127,32428324,32429337,32429900,32431320,32431582,32432879,32433283,32434431,","32359334,32360806,32366466,32367729,32369123,32428248,32428422,32429431,32430053,32431484,32431679,32432985,32433917,32439319,",0,ASXL1
XM_006723730.5,chr20,+,32359272,32439319,13,"32359272,32366383,32367726,32369014,32428127,32428324,32429337,32429900,32431320,32431582,32432879,32433283,32434431,","32359642,32366466,32367729,32369123,32428248,32428422,32429431,32430053,32431484,32431679,32432985,32433917,32439319,",0,ASXL1
XM_047439943.1,chr20,+,32359272,32439319,14,"32359272,32360793,32366383,32367726,32369014,32428127,32428324,32429337,32429900,32431320,32431582,32432879,32433283,32434431,","32359851,32360806,32366466,32367729,32369123,32428248,32428422,32429431,32430053,32431484,32431679,32432985,32433917,32439319,",0,ASXL1
XM_047439941.1,chr20,+,32359272,32439319,14,"32359272,32360709,32366383,32367726,32369014,32428127,32428324,32429337,32429900,32431320,32431582,32432879,32433283,32434431,","32359851,32360806,32366466,32367729,32369123,32428248,32428422,32429431,32430053,32431484,32431679,32432985,32433917,32439319,",0,ASXL1
XM_047440412.1,chr20,+,37344698,37406050,13,"37344698,37365203,37384149,37386074,37393894,37394173,37396161,37397698,37400114,37401601,37402434,37402748,37403170,","37344887,37365277,37384403,37386174,37393993,37394277,37396311,37397854,37400294,37401678,37402588,37402880,37406050,",0,SRC
NM_005417.5,chr20,+,37344698,37406050,14,"37344698,37365203,37382618,37384149,37386074,37393894,37394173,37396161,37397698,37400114,37401601,37402434,37402748,37403170,","37344887,37365277,37382786,37384403,37386174,37393993,37394277,37396311,37397854,37400294,37401678,37402588,37402880,37406050,",0,SRC
XM_017028026.2,chr20,+,37344698,37406050,15,"37344698,37365203,37382618,37384149,37386074,37386459,37393894,37394173,37396161,37397698,37400114,37401601,37402434,37402748,37403170,","37344887,37365277,37382786,37384403,37386174,37386477,37393993,37394277,37396311,37397854,37400294,37401678,37402588,37402880,37406050,",0,SRC
XM_047440409.1,chr20,+,37344698,37406050,14,"37344698,37365203,37382618,37383756,37386074,37393894,37394173,37396161,37397698,37400114,37401601,37402434,37402748,37403170,","37344887,37365277,37382786,37384403,37386174,37393993,37394277,37396311,37397854,37400294,37401678,37402588,37402880,37406050,",0,SRC
XM_047440413.1,chr20,+,37344698,37406050,14,"37344698,37345048,37365203,37384149,37386074,37393894,37394173,37396161,37397698,37400114,37401601,37402434,37402748,37403170,","37344887,37345229,37365277,37384403,37386174,37393993,37394277,37396311,37397854,37400294,37401678,37402588,37402880,37406050,",0,SRC
XM_047440403.1,chr20,+,37344698,37406050,15,"37344698,37345048,37365203,37382618,37384149,37386074,37393894,37394173,37396161,37397698,37400114,37401601,37402434,37402748,37403170,","37344887,37345229,37365277,37382786,37384403,37386174,37393993,37394277,37396311,37397854,37400294,37401678,37402588,37402880,37406050,",0,SRC
XM_047440398.1,chr20,+,37344698,37406050,16,"37344698,37345048,37365203,37382618,37384149,37386074,37386459,37393894,37394173,37396161,37397698,37400114,37401601,37402434,37402748,37403170,","37344887,37345229,37365277,37382786,37384403,37386174,37386477,37393993,37394277,37396311,37397854,37400294,37401678,37402588,37402880,37406050,",0,SRC
XM_047440406.1,chr20,+,37344698,37406050,16,"37344698,37345048,37365203,37380638,37382618,37384149,37386074,37393894,37394173,37396161,37397698,37400114,37401601,37402434,37402748,37403170,","37344887,37345229,37365277,37380810,37382786,37384403,37386174,37393993,37394277,37396311,37397854,37400294,37401678,37402588,37402880,37406050,",0,SRC
XM_047440410.1,chr20,+,37344698,37406050,14,"37344698,37345048,37365203,37384149,37386074,37393894,37394173,37396161,37397698,37400114,37401601,37402434,37402748,37403170,","37344887,37346255,37365277,37384403,37386174,37393993,37394277,37396311,37397854,37400294,37401678,37402588,37402880,37406050,",0,SRC
XM_047440401.1,chr20,+,37344698,37406050,15,"37344698,37345048,37365203,37382618,37384149,37386074,37393894,37394173,37396161,37397698,37400114,37401601,37402434,37402748,37403170,","37344887,37346255,37365277,37382786,37384403,37386174,37393993,37394277,37396311,37397854,37400294,37401678,37402588,37402880,37406050,",0,SRC
XM_047440397.1,chr20,+,37344698,37406050,16,"37344698,37345048,37365203,37382618,37384149,37386074,37386459,37393894,37394173,37396161,37397698,37400114,37401601,37402434,37402748,37403170,","37344887,37346255,37365277,37382786,37384403,37386174,37386477,37393993,37394277,37396311,37397854,37400294,37401678,37402588,37402880,37406050,",0,SRC
XM_047440408.1,chr20,+,37344698,37406050,15,"37344698,37345048,37365203,37382618,37383756,37386074,37393894,37394173,37396161,37397698,37400114,37401601,37402434,37402748,37403170,","37344887,37346255,37365277,37382786,37384403,37386174,37393993,37394277,37396311,37397854,37400294,37401678,37402588,37402880,37406050,",0,SRC
XM_047440405.1,chr20,+,37344698,37406050,16,"37344698,37345048,37365203,37380638,37382618,37384149,37386074,37393894,37394173,37396161,37397698,37400114,37401601,37402434,37402748,37403170,","37344887,37346255,37365277,37380810,37382786,37384403,37386174,37393993,37394277,37396311,37397854,37400294,37401678,37402588,37402880,37406050,",0,SRC
XM_047440411.1,chr20,+,37344698,37406050,15,"37344698,37345048,37347117,37365203,37384149,37386074,37393894,37394173,37396161,37397698,37400114,37401601,37402434,37402748,37403170,","37344887,37346255,37347236,37365277,37384403,37386174,37393993,37394277,37396311,37397854,37400294,37401678,37402588,37402880,37406050,",0,SRC
XM_047440402.1,chr20,+,37344698,37406050,16,"37344698,37345048,37347117,37365203,37382618,37384149,37386074,37393894,37394173,37396161,37397698,37400114,37401601,37402434,37402748,37403170,","37344887,37346255,37347236,37365277,37382786,37384403,37386174,37393993,37394277,37396311,37397854,37400294,37401678,37402588,37402880,37406050,",0,SRC
XM_047440396.1,chr20,+,37344698,37406050,17,"37344698,37345048,37347117,37365203,37382618,37384149,37386074,37386459,37393894,37394173,37396161,37397698,37400114,37401601,37402434,37402748,37403170,","37344887,37346255,37347236,37365277,37382786,37384403,37386174,37386477,37393993,37394277,37396311,37397854,37400294,37401678,37402588,37402880,37406050,",0,SRC
XM_047440407.1,chr20,+,37344698,37406050,16,"37344698,37345048,37347117,37365203,37382618,37383756,37386074,37393894,37394173,37396161,37397698,37400114,37401601,37402434,37402748,37403170,","37344887,37346255,37347236,37365277,37382786,37384403,37386174,37393993,37394277,37396311,37397854,37400294,37401678,37402588,37402880,37406050,",0,SRC
XM_047440400.1,chr20,+,37344698,37406050,18,"37344698,37345048,37347117,37350942,37365203,37382618,37384149,37386074,37386459,37393894,37394173,37396161,37397698,37400114,37401601,37402434,37402748,37403170,","37344887,37346255,37347236,37351070,37365277,37382786,37384403,37386174,37386477,37393993,37394277,37396311,37397854,37400294,37401678,37402588,37402880,37406050,",0,SRC
XM_047440399.1,chr20,+,37344698,37406050,19,"37344698,37345048,37347117,37350942,37351211,37365203,37382618,37384149,37386074,37386459,37393894,37394173,37396161,37397698,37400114,37401601,37402434,37402748,37403170,","37344887,37346255,37347236,37351070,37351320,37365277,37382786,37384403,37386174,37386477,37393993,37394277,37396311,37397854,37400294,37401678,37402588,37402880,37406050,",0,SRC
NM_198291.3,chr20,+,37346139,37406050,14,"37346139,37365203,37382618,37384149,37386074,37393894,37394173,37396161,37397698,37400114,37401601,37402434,37402748,37403170,","37346255,37365277,37382786,37384403,37386174,37393993,37394277,37396311,37397854,37400294,37401678,37402588,37402880,37406050,",0,SRC
XM_047440404.1,chr20,+,37354771,37406050,14,"37354771,37365203,37382618,37384149,37386074,37393894,37394173,37396161,37397698,37400114,37401601,37402434,37402748,37403170,","37354860,37365277,37382786,37384403,37386174,37393993,37394277,37396311,37397854,37400294,37401678,37402588,37402880,37406050,",0,SRC
XM_047440208.1,chr20,+,41137542,41172289,25,"41137542,41159605,41159869,41160105,41162451,41162641,41162957,41163202,41163377,41163714,41163920,41164080,41164932,41165244,41165449,41165638,41166193,41166475,41166678,41167851,41168766,41169078,41169456,41170160,41172192,","41137858,41159758,41159963,41160153,41162536,41162725,41162992,41163275,41163479,41163833,41164006,41164201,41165101,41165367,41165551,41165826,41166394,41166595,41166859,41167929,41168870,41169175,41169526,41170269,41172289,",0,PLCG1
XM_011528867.3,chr20,+,41137542,41172490,25,"41137542,41159605,41159869,41160105,41162451,41162641,41162957,41163202,41163377,41163714,41163920,41164080,41164932,41165244,41165449,41165638,41166193,41166475,41166678,41167851,41168766,41169078,41169456,41170160,41172420,","41137858,41159758,41159963,41160153,41162536,41162725,41162992,41163275,41163479,41163833,41164006,41164201,41165101,41165367,41165551,41165826,41166394,41166595,41166859,41167929,41168870,41169175,41169526,41170269,41172490,",0,PLCG1
XM_047440207.1,chr20,+,41137542,41172596,25,"41137542,41159605,41159869,41160105,41162451,41162641,41162957,41163202,41163377,41163714,41163920,41164080,41164932,41165244,41165449,41165638,41166193,41166475,41166678,41167851,41168766,41169078,41169456,41170111,41172420,","41137858,41159758,41159963,41160153,41162536,41162725,41162992,41163275,41163479,41163833,41164006,41164201,41165101,41165367,41165551,41165826,41166394,41166595,41166859,41167929,41168870,41169175,41169526,41170269,41172596,",0,PLCG1
NM_182811.2,chr20,+,41137542,41177626,32,"41137542,41159605,41159869,41160105,41162451,41162641,41162957,41163202,41163377,41163714,41163920,41164080,41164932,41165244,41165449,41165638,41166193,41166475,41166678,41167851,41168766,41169078,41169456,41170111,41172192,41172420,41172728,41173419,41173651,41173922,41174126,41174466,","41137858,41159758,41159963,41160153,41162536,41162725,41162992,41163275,41163479,41163833,41164006,41164201,41165101,41165367,41165551,41165826,41166394,41166595,41166859,41167929,41168870,41169175,41169526,41170269,41172289,41172645,41172877,41173534,41173813,41174011,41174311,41177626,",0,PLCG1
NM_002660.3,chr20,+,41137542,41177626,32,"41137542,41159605,41159869,41160105,41162451,41162641,41162957,41163202,41163377,41163714,41163920,41164080,41164932,41165244,41165449,41165638,41166193,41166475,41166678,41167851,41168766,41169078,41169456,41170111,41172192,41172420,41172728,41173419,41173651,41173922,41174123,41174466,","41137858,41159758,41159963,41160153,41162536,41162725,41162992,41163275,41163479,41163833,41164006,41164201,41165101,41165367,41165551,41165826,41166394,41166595,41166859,41167929,41168870,41169175,41169526,41170269,41172289,41172645,41172877,41173534,41173813,41174011,41174311,41177626,",0,PLCG1
XM_005260438.3,chr20,+,41137542,41177626,31,"41137542,41159605,41159869,41160105,41162451,41162641,41162957,41163202,41163377,41163714,41163920,41164080,41164932,41165244,41165449,41165638,41166193,41166475,41166678,41167851,41168766,41169078,41169456,41170111,41172192,41172420,41172728,41173419,41173922,41174123,41174466,","41137858,41159758,41159963,41160153,41162536,41162725,41162992,41163275,41163479,41163833,41164006,41164201,41165101,41165367,41165551,41165826,41166394,41166595,41166859,41167929,41168870,41169175,41169526,41170269,41172289,41172645,41172877,41173813,41174011,41174311,41177626,",0,PLCG1
NM_001164603.1,chr20,+,32358343,32372549,5,"32358343,32366383,32367726,32369014,32372163,","32358832,32366466,32367729,32369123,32372549,",0,ASXL1
XM_006723733.2,chr20,+,32429342,32439319,6,"32429342,32431320,32431582,32432879,32433283,32434431,","32431176,32431484,32431679,32432985,32433917,32439319,",0,ASXL1
NM_001001890.3,chr21,-,34787800,34888699,6,"34787800,34799300,34834409,34859473,34880556,34886842,","34792610,34799462,34834601,34859578,34880713,34888699,",0,RUNX1
XM_005261068.4,chr21,-,34787800,34889760,7,"34787800,34799300,34834409,34859473,34880556,34886842,34889676,","34792610,34799462,34834601,34859578,34880713,34887096,34889760,",0,RUNX1
XM_047441013.1,chr21,-,34787800,34889760,6,"34787800,34799300,34859473,34880556,34886842,34889676,","34792610,34799462,34859578,34880713,34887096,34889760,",0,RUNX1
XM_047441007.1,chr21,-,34787800,35049302,8,"34787800,34799300,34834409,34859473,34880556,34886842,34892924,35048841,","34792610,34799462,34834601,34859578,34880713,34887096,34892963,35049302,",0,RUNX1
XM_047441011.1,chr21,-,34787800,35049302,7,"34787800,34799300,34859473,34880556,34886842,34892924,35048841,","34792610,34799462,34859578,34880713,34887096,34892963,35049302,",0,RUNX1
XM_047441009.1,chr21,-,34787800,35049302,7,"34787800,34799300,34834409,34859473,34880556,34886842,35048841,","34792610,34799462,34834601,34859578,34880713,34887096,35049302,",0,RUNX1
XM_047441014.1,chr21,-,34787800,35049302,6,"34787800,34799300,34859473,34880556,34886842,35048841,","34792610,34799462,34859578,34880713,34887096,35049302,",0,RUNX1
XM_011529766.3,chr21,-,34787800,35049302,9,"34787800,34799300,34834409,34859473,34880556,34886842,34892924,35048841,35049080,","34792610,34799462,34834601,34859578,34880713,34887096,34892963,35048958,35049302,",0,RUNX1
XM_047441012.1,chr21,-,34787800,35049302,8,"34787800,34799300,34859473,34880556,34886842,34892924,35048841,35049080,","34792610,34799462,34859578,34880713,34887096,34892963,35048958,35049302,",0,RUNX1
XM_047441010.1,chr21,-,34787800,35049302,8,"34787800,34799300,34834409,34859473,34880556,34886842,35048841,35049080,","34792610,34799462,34834601,34859578,34880713,34887096,35048958,35049302,",0,RUNX1
XM_047441015.1,chr21,-,34787800,35049302,7,"34787800,34799300,34859473,34880556,34886842,35048841,35049080,","34792610,34799462,34859578,34880713,34887096,35048958,35049302,",0,RUNX1
NM_001754.5,chr21,-,34787800,35049302,9,"34787800,34799300,34834409,34859473,34880556,34886842,34892924,35048841,35049167,","34792610,34799462,34834601,34859578,34880713,34887096,34892963,35048958,35049302,",0,RUNX1
XM_005261069.5,chr21,-,34787800,35049302,8,"34787800,34799300,34859473,34880556,34886842,34892924,35048841,35049167,","34792610,34799462,34859578,34880713,34887096,34892963,35048958,35049302,",0,RUNX1
XM_011529767.3,chr21,-,34787800,35049302,8,"34787800,34799300,34834409,34859473,34880556,34886842,35048841,35049167,","34792610,34799462,34834601,34859578,34880713,34887096,35048958,35049302,",0,RUNX1
XM_011529768.3,chr21,-,34787800,35049302,7,"34787800,34799300,34859473,34880556,34886842,35048841,35049167,","34792610,34799462,34859578,34880713,34887096,35048958,35049302,",0,RUNX1
NM_001122607.2,chr21,-,34821278,34888699,5,"34821278,34834409,34859473,34880556,34886842,","34821696,34834601,34859578,34880713,34888699,",0,RUNX1
XM_011529770.3,chr21,-,34821278,35049302,8,"34821278,34834409,34859473,34880556,34886842,34892924,35048841,35049167,","34821696,34834601,34859578,34880713,34887096,34892963,35048958,35049302,",0,RUNX1
XM_047441016.1,chr21,-,34887208,34890081,2,"34887208,34889676,","34889471,34890081,",0,RUNX1
NM_001025204.2,chr21,-,43092955,43107570,9,"43092955,43094470,43094654,43095437,43095693,43100452,43101365,43104314,43107450,","43093249,43094563,43094788,43095536,43095743,43100519,43101432,43104402,43107570,",0,U2AF1
NM_006758.3,chr21,-,43092955,43107570,8,"43092955,43094470,43094654,43095437,43095693,43100452,43104314,43107450,","43093249,43094563,43094788,43095536,43095743,43100519,43104402,43107570,",0,U2AF1
XM_024452130.2,chr21,-,43092955,43107578,10,"43092955,43094470,43094654,43095437,43095693,43100452,43104314,43105501,43105785,43107450,","43093249,43094563,43094788,43095536,43095743,43100519,43104402,43105555,43105845,43107578,",0,U2AF1
XM_024452131.2,chr21,-,43092955,43107578,9,"43092955,43094470,43094654,43095437,43095693,43100452,43104314,43105785,43107450,","43093249,43094563,43094788,43095536,43095743,43100519,43104402,43105845,43107578,",0,U2AF1
XM_024452129.2,chr21,-,43092955,43107578,9,"43092955,43094470,43094654,43095437,43095693,43100452,43104314,43105501,43107450,","43093249,43094563,43094788,43095536,43095743,43100519,43104402,43105555,43107578,",0,U2AF1
NM_001025203.1,chr21,-,43092955,43107578,8,"43092955,43094470,43094654,43095437,43095693,43101365,43104314,43107450,","43093249,43094563,43094788,43095536,43095743,43101432,43104402,43107578,",0,U2AF1
XM_017028468.3,chr21,-,43092955,43107578,7,"43092955,43094470,43094654,43095693,43101365,43104314,43107450,","43093249,43094563,43094788,43095743,43101432,43104402,43107578,",0,U2AF1
XM_011529743.4,chr21,-,43092955,43107578,7,"43092955,43094470,43094654,43095693,43100452,43104314,43107450,","43093249,43094563,43094788,43095743,43100519,43104402,43107578,",0,U2AF1
NM_016418.5,chr22,+,29603555,29698600,17,"29603555,29636750,29639089,29642201,29654656,29655593,29658188,29661204,29664989,29668332,29671825,29673268,29674835,29678195,29681438,29683019,29694751,","29604112,29636876,29639212,29642285,29654725,29655676,29658264,29661339,29665064,29668446,29671948,29673486,29674941,29678323,29681601,29683064,29698600,",0,NF2
NM_181825.3,chr22,+,29603632,29683915,16,"29603632,29636750,29639089,29642201,29654656,29655593,29658188,29661204,29664989,29668332,29671825,29673268,29674835,29678195,29681438,29683019,","29604112,29636876,29639212,29642285,29654725,29655676,29658264,29661339,29665064,29668446,29671948,29673486,29674941,29678323,29681601,29683915,",0,NF2
NM_181831.3,chr22,+,29603632,29684175,15,"29603632,29642201,29654656,29655593,29658188,29661204,29664989,29668332,29671825,29673268,29674835,29678195,29681438,29683019,29683700,","29604112,29642285,29654725,29655676,29658264,29661339,29665064,29668446,29671948,29673486,29674941,29678323,29681601,29683064,29684175,",0,NF2
NM_001407066.1,chr22,+,29603632,29684175,17,"29603632,29636750,29639089,29642201,29654656,29655593,29658188,29661204,29664989,29668332,29671825,29673268,29674835,29678195,29681438,29683019,29683700,","29604112,29636876,29639212,29642285,29654725,29655676,29658264,29661339,29665064,29668446,29671948,29673486,29674941,29678323,29681601,29683064,29684175,",0,NF2
NM_001407064.1,chr22,+,29603632,29698598,13,"29603632,29642201,29654656,29655593,29658188,29661204,29664989,29668332,29671825,29673268,29674835,29678195,29694751,","29604112,29642285,29654725,29655676,29658264,29661339,29665064,29668446,29671948,29673486,29674941,29678323,29698598,",0,NF2
NM_181830.3,chr22,+,29603632,29698598,15,"29603632,29642201,29654656,29655593,29658188,29661204,29664989,29668332,29671825,29673268,29674835,29678195,29681438,29683019,29694751,","29604112,29642285,29654725,29655676,29658264,29661339,29665064,29668446,29671948,29673486,29674941,29678323,29681601,29683064,29698598,",0,NF2
NM_001407063.1,chr22,+,29603632,29698598,15,"29603632,29642201,29654656,29655593,29658188,29661204,29664989,29668332,29671825,29673268,29674835,29678195,29681438,29683019,29694751,","29604112,29642285,29654725,29655676,29658264,29661339,29665064,29668446,29671948,29673486,29674941,29678323,29681601,29683079,29698598,",0,NF2
NM_001407055.1,chr22,+,29603632,29698598,15,"29603632,29639089,29642201,29654656,29655593,29658188,29661204,29664989,29668332,29671825,29673268,29674835,29678195,29681438,29694751,","29604112,29639212,29642285,29654725,29655676,29658264,29661339,29665064,29668446,29671948,29673486,29674941,29678323,29681601,29698598,",0,NF2
NM_181828.3,chr22,+,29603632,29698598,16,"29603632,29639089,29642201,29654656,29655593,29658188,29661204,29664989,29668332,29671825,29673268,29674835,29678195,29681438,29683019,29694751,","29604112,29639212,29642285,29654725,29655676,29658264,29661339,29665064,29668446,29671948,29673486,29674941,29678323,29681601,29683064,29698598,",0,NF2
NM_001407062.1,chr22,+,29603632,29698598,14,"29603632,29636750,29642201,29654656,29655593,29658188,29664989,29668332,29671825,29673268,29674835,29678195,29681438,29694751,","29604112,29636876,29642285,29654725,29655676,29658264,29665064,29668446,29671948,29673486,29674941,29678323,29681601,29698598,",0,NF2
NM_001407054.1,chr22,+,29603632,29698598,15,"29603632,29636750,29642201,29654656,29655593,29658188,29661204,29664989,29668332,29671825,29673268,29674835,29678195,29681438,29694751,","29604112,29636876,29642285,29654725,29655676,29658264,29661339,29665064,29668446,29671948,29673486,29674941,29678323,29681601,29698598,",0,NF2
NM_181829.3,chr22,+,29603632,29698598,16,"29603632,29636750,29642201,29654656,29655593,29658188,29661204,29664989,29668332,29671825,29673268,29674835,29678195,29681438,29683019,29694751,","29604112,29636876,29642285,29654725,29655676,29658264,29661339,29665064,29668446,29671948,29673486,29674941,29678323,29681601,29683064,29698598,",0,NF2
NM_001407058.1,chr22,+,29603632,29698598,16,"29603632,29636750,29642201,29654656,29655593,29658188,29661204,29664989,29668332,29671825,29673268,29674835,29678195,29681438,29683019,29694751,","29604112,29636876,29642285,29654725,29655676,29658264,29661339,29665064,29668446,29671948,29673486,29674941,29678323,29681601,29683079,29698598,",0,NF2
NM_181833.3,chr22,+,29603632,29698598,5,"29603632,29636750,29639089,29642201,29694751,","29604112,29636876,29639212,29642285,29698598,",0,NF2
NM_001407057.1,chr22,+,29603632,29698598,15,"29603632,29636750,29639089,29642201,29654656,29655593,29658188,29664989,29668332,29671825,29673268,29674835,29678195,29681438,29694751,","29604112,29636876,29639212,29642285,29654725,29655676,29658264,29665064,29668446,29671948,29673486,29674941,29678323,29681601,29698598,",0,NF2
NM_001407059.1,chr22,+,29603632,29698598,16,"29603632,29636750,29639089,29642201,29654656,29655593,29658188,29664989,29668332,29671825,29673268,29674835,29678195,29681438,29683019,29694751,","29604112,29636876,29639212,29642285,29654725,29655676,29658264,29665064,29668446,29671948,29673486,29674941,29678323,29681601,29683064,29698598,",0,NF2
NM_001407060.1,chr22,+,29603632,29698598,15,"29603632,29636750,29639089,29642201,29654656,29655593,29658188,29661204,29664989,29668332,29671825,29673268,29674835,29678195,29694751,","29604112,29636876,29639212,29642285,29654725,29655676,29658264,29661339,29665064,29668446,29671948,29673486,29674941,29678323,29698598,",0,NF2
NM_000268.4,chr22,+,29603632,29698598,16,"29603632,29636750,29639089,29642201,29654656,29655593,29658188,29661204,29664989,29668332,29671825,29673268,29674835,29678195,29681438,29694751,","29604112,29636876,29639212,29642285,29654725,29655676,29658264,29661339,29665064,29668446,29671948,29673486,29674941,29678323,29681601,29698598,",0,NF2
NM_181832.3,chr22,+,29603632,29698598,17,"29603632,29636750,29639089,29642201,29654656,29655593,29658188,29661204,29664989,29668332,29671825,29673268,29674835,29678195,29681438,29683019,29694751,","29604112,29636876,29639212,29642285,29654725,29655676,29658264,29661339,29665064,29668446,29671948,29673486,29674941,29678323,29681601,29683079,29698598,",0,NF2
NM_001407065.1,chr22,+,29603632,29698598,18,"29603632,29636750,29639089,29642201,29654656,29654974,29655593,29658188,29661204,29664989,29668332,29671825,29673268,29674835,29678195,29681438,29683019,29694751,","29604112,29636876,29639212,29642285,29654725,29655080,29655676,29658264,29661339,29665064,29668446,29671948,29673486,29674941,29678323,29681601,29683064,29698598,",0,NF2
NM_001407067.1,chr22,+,29603632,29698598,17,"29603632,29636750,29639089,29642201,29654656,29655593,29658188,29661204,29664989,29668332,29671825,29673268,29674835,29678195,29681438,29683019,29694751,","29604112,29636901,29639212,29642285,29654725,29655676,29658264,29661339,29665064,29668446,29671948,29673486,29674941,29678323,29681601,29683064,29698598,",0,NF2
NM_001407053.1,chr22,+,29603632,29698598,17,"29603632,29628657,29636750,29639089,29642201,29654656,29655593,29658188,29661204,29664989,29668332,29671825,29673268,29674835,29678195,29681438,29694751,","29604112,29628773,29636876,29639212,29642285,29654725,29655676,29658264,29661339,29665064,29668446,29671948,29673486,29674941,29678323,29681601,29698598,",0,NF2
NM_001407056.1,chr22,+,29603632,29698598,18,"29603632,29628657,29636750,29639089,29642201,29654656,29655593,29658188,29661204,29664989,29668332,29671825,29673268,29674835,29678195,29681438,29683019,29694751,","29604112,29628773,29636876,29639212,29642285,29654725,29655676,29658264,29661339,29665064,29668446,29671948,29673486,29674941,29678323,29681601,29683064,29698598,",0,NF2
NR_176267.1,chr22,+,29603632,29698598,8,"29603632,29642201,29661204,29664989,29668332,29674835,29678195,29694751,","29604112,29642285,29661339,29665064,29668446,29674941,29678323,29698598,",0,NF2
NM_001362843.2,chr22,+,41092591,41180077,30,"41092591,41117186,41125863,41127486,41129889,41131387,41135812,41137652,41140139,41141047,41147836,41149037,41149760,41151832,41152205,41154994,41157168,41158411,41160641,41162722,41164052,41166598,41168448,41168720,41169502,41170405,41172498,41173622,41176246,41176772,","41093098,41117821,41126040,41127748,41130003,41131633,41135906,41137790,41140257,41141222,41147946,41149175,41150198,41152012,41152350,41155113,41157408,41158500,41160722,41162779,41164130,41166666,41168599,41168867,41169616,41170571,41172663,41173784,41176528,41180077,",0,EP300
NM_001429.4,chr22,+,41092591,41180077,31,"41092591,41117186,41125863,41127486,41129889,41131387,41135812,41137652,41140139,41141047,41146738,41147836,41149037,41149760,41151832,41152205,41154994,41157168,41158411,41160641,41162722,41164052,41166598,41168448,41168720,41169502,41170405,41172498,41173622,41176246,41176772,","41093098,41117821,41126040,41127748,41130003,41131633,41135906,41137790,41140257,41141222,41146816,41147946,41149175,41150198,41152012,41152350,41155113,41157408,41158500,41160722,41162779,41164130,41166666,41168599,41168867,41169616,41170571,41172663,41173784,41176528,41180077,",0,EP300
NM_005207.4,chr22,+,20917406,20953747,3,"20917406,20933778,20949710,","20918245,20934244,20953747,",0,CRKL
NR_156180.2,chr22,+,20917406,20953747,4,"20917406,20933778,20949710,20953205,","20918245,20934244,20951265,20953747,",0,CRKL
NM_006767.4,chr22,+,20982296,20999032,21,"20982296,20983026,20985840,20987503,20988009,20988788,20989624,20990385,20991627,20992213,20992793,20993661,20993923,20994103,20994557,20994869,20995745,20995962,20996695,20996885,20997231,","20982571,20983089,20985897,20987583,20988118,20988872,20989682,20990525,20991829,20992369,20992904,20993754,20994019,20994269,20994727,20995026,20995872,20996112,20996801,20996966,20999032,",0,LZTR1
NM_001007468.3,chr22,+,23786965,23838009,9,"23786965,23791755,23793558,23800943,23803294,23816769,23825224,23833571,23834140,","23787262,23791867,23793688,23801081,23803422,23816936,23825415,23833703,23838009,",0,SMARCB1
NM_001317946.2,chr22,+,23786965,23838009,9,"23786965,23791755,23793558,23800943,23803294,23816769,23825224,23833571,23834140,","23787262,23791867,23793688,23801135,23803422,23816936,23825415,23833703,23838009,",0,SMARCB1
NM_003073.5,chr22,+,23786965,23838009,9,"23786965,23791755,23793558,23800943,23803294,23816769,23825224,23833571,23834140,","23787262,23791894,23793688,23801081,23803422,23816936,23825415,23833703,23838009,",0,SMARCB1
NM_001362877.2,chr22,+,23786965,23838009,9,"23786965,23791755,23793558,23800943,23803294,23816769,23825224,23833571,23834140,","23787262,23791894,23793688,23801135,23803422,23816936,23825415,23833703,23838009,",0,SMARCB1
XM_047441202.1,chr22,+,29268267,29288790,8,"29268267,29272215,29272379,29273740,29278029,29282389,29286922,29288605,","29268349,29272252,29272431,29273864,29278216,29282557,29287134,29288790,",0,EWSR1
NM_001163287.2,chr22,+,29268267,29290684,9,"29268267,29272215,29272379,29273740,29278029,29282389,29286922,29288605,29290412,","29268349,29272252,29272431,29273864,29278216,29282557,29287134,29288786,29290684,",0,EWSR1
NM_001438563.1,chr22,+,29268267,29300521,14,"29268267,29272215,29272379,29273740,29278029,29286922,29292136,29292487,29296238,29297826,29298732,29299233,29299598,29300121,","29268349,29272252,29272431,29273864,29278216,29287134,29292169,29292606,29296368,29297949,29298895,29299331,29299851,29300521,",0,EWSR1
NM_001438562.1,chr22,+,29268267,29300521,15,"29268267,29272215,29272379,29273740,29278029,29286922,29288605,29291564,29292136,29292487,29296238,29298732,29299233,29299598,29300121,","29268349,29272252,29272431,29273864,29278216,29287134,29288786,29291599,29292169,29292606,29296368,29298895,29299331,29299851,29300521,",0,EWSR1
NM_001438559.1,chr22,+,29268267,29300521,16,"29268267,29272215,29272379,29273740,29278029,29286922,29288605,29291564,29292136,29292487,29296238,29297826,29298732,29299233,29299598,29300121,","29268349,29272252,29272431,29273864,29278216,29287134,29288786,29291599,29292169,29292606,29296368,29297949,29298895,29299280,29299851,29300521,",0,EWSR1
NM_001438554.1,chr22,+,29268267,29300521,16,"29268267,29272215,29272379,29273740,29278029,29286922,29288605,29291564,29292136,29292487,29296238,29297826,29298732,29299233,29299598,29300121,","29268349,29272252,29272431,29273864,29278216,29287134,29288786,29291599,29292169,29292606,29296368,29297949,29298895,29299331,29299851,29300521,",0,EWSR1
NM_001438549.1,chr22,+,29268267,29300521,16,"29268267,29272215,29272379,29273740,29278029,29286922,29288605,29291564,29292136,29292487,29296238,29297826,29298732,29299194,29299598,29300121,","29268349,29272252,29272431,29273864,29278216,29287134,29288786,29291599,29292169,29292606,29296368,29297949,29298895,29299331,29299851,29300521,",0,EWSR1
XM_047441197.1,chr22,+,29268267,29300521,16,"29268267,29272215,29272379,29273740,29278029,29286922,29288605,29291561,29292136,29292487,29296238,29297826,29298732,29299233,29299598,29300121,","29268349,29272252,29272431,29273864,29278216,29287134,29288786,29291599,29292169,29292606,29296368,29297949,29298895,29299280,29299851,29300521,",0,EWSR1
NM_001163286.2,chr22,+,29268267,29300521,16,"29268267,29272215,29272379,29273740,29278029,29286922,29288605,29291561,29292136,29292487,29296238,29297826,29298732,29299233,29299598,29300121,","29268349,29272252,29272431,29273864,29278216,29287134,29288786,29291599,29292169,29292606,29296368,29297949,29298895,29299331,29299851,29300521,",0,EWSR1
NM_001438557.1,chr22,+,29268267,29300521,16,"29268267,29272215,29272379,29273740,29278029,29286922,29288605,29291561,29292136,29292487,29296238,29297826,29298732,29299194,29299598,29300121,","29268349,29272252,29272431,29273864,29278216,29287134,29288786,29291599,29292169,29292606,29296368,29297949,29298895,29299280,29299851,29300521,",0,EWSR1
NM_001438548.1,chr22,+,29268267,29300521,16,"29268267,29272215,29272379,29273740,29278029,29286922,29288605,29291561,29292136,29292487,29296238,29297826,29298732,29299194,29299598,29300121,","29268349,29272252,29272431,29273864,29278216,29287134,29288786,29291599,29292169,29292606,29296368,29297949,29298895,29299331,29299851,29300521,",0,EWSR1
XM_047441200.1,chr22,+,29268267,29300521,14,"29268267,29272215,29272379,29273740,29278029,29282389,29286922,29292136,29292487,29296238,29298732,29299233,29299598,29300121,","29268349,29272252,29272431,29273864,29278216,29282557,29287134,29292169,29292606,29296368,29298895,29299331,29299851,29300521,",0,EWSR1
NM_001438561.1,chr22,+,29268267,29300521,15,"29268267,29272215,29272379,29273740,29278029,29282389,29286922,29292136,29292487,29296238,29297826,29298732,29299233,29299598,29300121,","29268349,29272252,29272431,29273864,29278216,29282557,29287134,29292169,29292606,29296368,29297949,29298895,29299280,29299851,29300521,",0,EWSR1
NM_001438558.1,chr22,+,29268267,29300521,15,"29268267,29272215,29272379,29273740,29278029,29282389,29286922,29292136,29292487,29296238,29297826,29298732,29299233,29299598,29300121,","29268349,29272252,29272431,29273864,29278216,29282557,29287134,29292169,29292606,29296368,29297949,29298895,29299331,29299851,29300521,",0,EWSR1
NM_001438560.1,chr22,+,29268267,29300521,15,"29268267,29272215,29272379,29273740,29278029,29282389,29286922,29292136,29292487,29296238,29297826,29298732,29299194,29299598,29300121,","29268349,29272252,29272431,29273864,29278216,29282557,29287134,29292169,29292606,29296368,29297949,29298895,29299280,29299851,29300521,",0,EWSR1
NM_001438556.1,chr22,+,29268267,29300521,15,"29268267,29272215,29272379,29273740,29278029,29282389,29286922,29292136,29292487,29296238,29297826,29298732,29299194,29299598,29300121,","29268349,29272252,29272431,29273864,29278216,29282557,29287134,29292169,29292606,29296368,29297949,29298895,29299331,29299851,29300521,",0,EWSR1
NM_001438555.1,chr22,+,29268267,29300521,16,"29268267,29272215,29272379,29273740,29278029,29282389,29286922,29288605,29291564,29292136,29292487,29296238,29298732,29299233,29299598,29300121,","29268349,29272252,29272431,29273864,29278216,29282557,29287134,29288786,29291599,29292169,29292606,29296368,29298895,29299280,29299851,29300521,",0,EWSR1
NM_001438547.1,chr22,+,29268267,29300521,16,"29268267,29272215,29272379,29273740,29278029,29282389,29286922,29288605,29291564,29292136,29292487,29296238,29298732,29299233,29299598,29300121,","29268349,29272252,29272431,29273864,29278216,29282557,29287134,29288786,29291599,29292169,29292606,29296368,29298895,29299331,29299851,29300521,",0,EWSR1
XM_047441189.1,chr22,+,29268267,29300521,16,"29268267,29272215,29272379,29273740,29278029,29282389,29286922,29288605,29291564,29292136,29292487,29296238,29298732,29299194,29299598,29300121,","29268349,29272252,29272431,29273864,29278216,29282557,29287134,29288786,29291599,29292169,29292606,29296368,29298895,29299331,29299851,29300521,",0,EWSR1
NM_001438543.1,chr22,+,29268267,29300521,17,"29268267,29272215,29272379,29273740,29278029,29282389,29286922,29288605,29291564,29292136,29292487,29296238,29297826,29298732,29299233,29299598,29300121,","29268349,29272252,29272431,29273864,29278216,29282557,29287134,29288786,29291599,29292169,29292606,29296368,29297949,29298895,29299280,29299851,29300521,",0,EWSR1
NM_001163285.2,chr22,+,29268267,29300521,17,"29268267,29272215,29272379,29273740,29278029,29282389,29286922,29288605,29291564,29292136,29292487,29296238,29297826,29298732,29299233,29299598,29300121,","29268349,29272252,29272431,29273864,29278216,29282557,29287134,29288786,29291599,29292169,29292606,29296368,29297949,29298895,29299331,29299851,29300521,",0,EWSR1
NM_001438540.1,chr22,+,29268267,29300521,17,"29268267,29272215,29272379,29273740,29278029,29282389,29286922,29288605,29291564,29292136,29292487,29296238,29297826,29298732,29299194,29299598,29300121,","29268349,29272252,29272431,29273864,29278216,29282557,29287134,29288786,29291599,29292169,29292606,29296368,29297949,29298895,29299280,29299851,29300521,",0,EWSR1
NM_001438531.1,chr22,+,29268267,29300521,17,"29268267,29272215,29272379,29273740,29278029,29282389,29286922,29288605,29291564,29292136,29292487,29296238,29297826,29298732,29299194,29299598,29300121,","29268349,29272252,29272431,29273864,29278216,29282557,29287134,29288786,29291599,29292169,29292606,29296368,29297949,29298895,29299331,29299851,29300521,",0,EWSR1
NM_001438545.1,chr22,+,29268267,29300521,16,"29268267,29272215,29272379,29273740,29278029,29282389,29286922,29288605,29291561,29292136,29292487,29296238,29298732,29299233,29299598,29300121,","29268349,29272252,29272431,29273864,29278216,29282557,29287134,29288786,29291599,29292169,29292606,29296368,29298895,29299331,29299851,29300521,",0,EWSR1
NM_001438550.1,chr22,+,29268267,29300521,16,"29268267,29272215,29272379,29273740,29278029,29282389,29286922,29288605,29291561,29292136,29292487,29296238,29298732,29299194,29299598,29300121,","29268349,29272252,29272431,29273864,29278216,29282557,29287134,29288786,29291599,29292169,29292606,29296368,29298895,29299280,29299851,29300521,",0,EWSR1
XM_047441188.1,chr22,+,29268267,29300521,16,"29268267,29272215,29272379,29273740,29278029,29282389,29286922,29288605,29291561,29292136,29292487,29296238,29298732,29299194,29299598,29300121,","29268349,29272252,29272431,29273864,29278216,29282557,29287134,29288786,29291599,29292169,29292606,29296368,29298895,29299331,29299851,29300521,",0,EWSR1
NM_001438542.1,chr22,+,29268267,29300521,17,"29268267,29272215,29272379,29273740,29278029,29282389,29286922,29288605,29291561,29292136,29292487,29296238,29297826,29298732,29299233,29299598,29300121,","29268349,29272252,29272431,29273864,29278216,29282557,29287134,29288786,29291599,29292169,29292606,29296368,29297949,29298895,29299280,29299851,29300521,",0,EWSR1
NM_005243.4,chr22,+,29268267,29300521,17,"29268267,29272215,29272379,29273740,29278029,29282389,29286922,29288605,29291561,29292136,29292487,29296238,29297826,29298732,29299233,29299598,29300121,","29268349,29272252,29272431,29273864,29278216,29282557,29287134,29288786,29291599,29292169,29292606,29296368,29297949,29298895,29299331,29299851,29300521,",0,EWSR1
NM_001438539.1,chr22,+,29268267,29300521,17,"29268267,29272215,29272379,29273740,29278029,29282389,29286922,29288605,29291561,29292136,29292487,29296238,29297826,29298732,29299194,29299598,29300121,","29268349,29272252,29272431,29273864,29278216,29282557,29287134,29288786,29291599,29292169,29292606,29296368,29297949,29298895,29299280,29299851,29300521,",0,EWSR1
NM_001438528.1,chr22,+,29268267,29300521,17,"29268267,29272215,29272379,29273740,29278029,29282389,29286922,29288605,29291561,29292136,29292487,29296238,29297826,29298732,29299194,29299598,29300121,","29268349,29272252,29272431,29273864,29278216,29282557,29287134,29288786,29291599,29292169,29292606,29296368,29297949,29298895,29299331,29299851,29300521,",0,EWSR1
NM_013986.4,chr22,+,29268267,29300521,18,"29268267,29272215,29272379,29273740,29274264,29278029,29282389,29286922,29288605,29291564,29292136,29292487,29296238,29297826,29298732,29299233,29299598,29300121,","29268349,29272252,29272431,29273864,29274282,29278216,29282557,29287134,29288786,29291599,29292169,29292606,29296368,29297949,29298895,29299331,29299851,29300521,",0,EWSR1
NM_001438553.1,chr22,+,29268267,29300521,16,"29268267,29272215,29272379,29273737,29278029,29286922,29288605,29291564,29292136,29292487,29296238,29297826,29298732,29299233,29299598,29300121,","29268349,29272252,29272431,29273864,29278216,29287134,29288786,29291599,29292169,29292606,29296368,29297949,29298895,29299331,29299851,29300521,",0,EWSR1
XM_017028654.2,chr22,+,29268267,29300521,16,"29268267,29272215,29272379,29273737,29278029,29286922,29288605,29291564,29292136,29292487,29296238,29297826,29298732,29299194,29299598,29300121,","29268349,29272252,29272431,29273864,29278216,29287134,29288786,29291599,29292169,29292606,29296368,29297949,29298895,29299331,29299851,29300521,",0,EWSR1
NM_001438551.1,chr22,+,29268267,29300521,16,"29268267,29272215,29272379,29273737,29278029,29286922,29288605,29291561,29292136,29292487,29296238,29297826,29298732,29299233,29299598,29300121,","29268349,29272252,29272431,29273864,29278216,29287134,29288786,29291599,29292169,29292606,29296368,29297949,29298895,29299331,29299851,29300521,",0,EWSR1
XM_011530001.3,chr22,+,29268267,29300521,16,"29268267,29272215,29272379,29273737,29278029,29286922,29288605,29291561,29292136,29292487,29296238,29297826,29298732,29299194,29299598,29300121,","29268349,29272252,29272431,29273864,29278216,29287134,29288786,29291599,29292169,29292606,29296368,29297949,29298895,29299331,29299851,29300521,",0,EWSR1
XM_047441199.1,chr22,+,29268267,29300521,14,"29268267,29272215,29272379,29273737,29278029,29282389,29286922,29292136,29292487,29296238,29298732,29299233,29299598,29300121,","29268349,29272252,29272431,29273864,29278216,29282557,29287134,29292169,29292606,29296368,29298895,29299331,29299851,29300521,",0,EWSR1
NM_001438463.1,chr22,+,29268267,29300521,15,"29268267,29272215,29272379,29273737,29278029,29282389,29286922,29292136,29292487,29296238,29297826,29298732,29299233,29299598,29300121,","29268349,29272252,29272431,29273864,29278216,29282557,29287134,29292169,29292606,29296368,29297949,29298895,29299331,29299851,29300521,",0,EWSR1
XM_024452180.2,chr22,+,29268267,29300521,15,"29268267,29272215,29272379,29273737,29278029,29282389,29286922,29292136,29292487,29296238,29297826,29298732,29299194,29299598,29300121,","29268349,29272252,29272431,29273864,29278216,29282557,29287134,29292169,29292606,29296368,29297949,29298895,29299280,29299851,29300521,",0,EWSR1
XM_011530002.4,chr22,+,29268267,29300521,15,"29268267,29272215,29272379,29273737,29278029,29282389,29286922,29292136,29292487,29296238,29297826,29298732,29299194,29299598,29300121,","29268349,29272252,29272431,29273864,29278216,29282557,29287134,29292169,29292606,29296368,29297949,29298895,29299331,29299851,29300521,",0,EWSR1
NM_001438546.1,chr22,+,29268267,29300521,16,"29268267,29272215,29272379,29273737,29278029,29282389,29286922,29288605,29291564,29292136,29292487,29296238,29298732,29299233,29299598,29300121,","29268349,29272252,29272431,29273864,29278216,29282557,29287134,29288786,29291599,29292169,29292606,29296368,29298895,29299331,29299851,29300521,",0,EWSR1
XM_047441187.1,chr22,+,29268267,29300521,17,"29268267,29272215,29272379,29273737,29278029,29282389,29286922,29288605,29291564,29292136,29292487,29296238,29297826,29298732,29299233,29299598,29300121,","29268349,29272252,29272431,29273864,29278216,29282557,29287134,29288786,29291599,29292169,29292606,29296368,29297949,29298895,29299280,29299851,29300521,",0,EWSR1
NM_001438535.1,chr22,+,29268267,29300521,17,"29268267,29272215,29272379,29273737,29278029,29282389,29286922,29288605,29291564,29292136,29292487,29296238,29297826,29298732,29299233,29299598,29300121,","29268349,29272252,29272431,29273864,29278216,29282557,29287134,29288786,29291599,29292169,29292606,29296368,29297949,29298895,29299331,29299851,29300521,",0,EWSR1
XM_017028646.3,chr22,+,29268267,29300521,17,"29268267,29272215,29272379,29273737,29278029,29282389,29286922,29288605,29291564,29292136,29292487,29296238,29297826,29298732,29299194,29299598,29300121,","29268349,29272252,29272431,29273864,29278216,29282557,29287134,29288786,29291599,29292169,29292606,29296368,29297949,29298895,29299280,29299851,29300521,",0,EWSR1
NM_001438530.1,chr22,+,29268267,29300521,17,"29268267,29272215,29272379,29273737,29278029,29282389,29286922,29288605,29291564,29292136,29292487,29296238,29297826,29298732,29299194,29299598,29300121,","29268349,29272252,29272431,29273864,29278216,29282557,29287134,29288786,29291599,29292169,29292606,29296368,29297949,29298895,29299331,29299851,29300521,",0,EWSR1
XM_047441192.1,chr22,+,29268267,29300521,16,"29268267,29272215,29272379,29273737,29278029,29282389,29286922,29288605,29291561,29292136,29292487,29296238,29298732,29299233,29299598,29300121,","29268349,29272252,29272431,29273864,29278216,29282557,29287134,29288786,29291599,29292169,29292606,29296368,29298895,29299280,29299851,29300521,",0,EWSR1
NM_001438544.1,chr22,+,29268267,29300521,16,"29268267,29272215,29272379,29273737,29278029,29282389,29286922,29288605,29291561,29292136,29292487,29296238,29298732,29299233,29299598,29300121,","29268349,29272252,29272431,29273864,29278216,29282557,29287134,29288786,29291599,29292169,29292606,29296368,29298895,29299331,29299851,29300521,",0,EWSR1
XM_047441190.1,chr22,+,29268267,29300521,16,"29268267,29272215,29272379,29273737,29278029,29282389,29286922,29288605,29291561,29292136,29292487,29296238,29298732,29299194,29299598,29300121,","29268349,29272252,29272431,29273864,29278216,29282557,29287134,29288786,29291599,29292169,29292606,29296368,29298895,29299280,29299851,29300521,",0,EWSR1
XM_017028649.3,chr22,+,29268267,29300521,16,"29268267,29272215,29272379,29273737,29278029,29282389,29286922,29288605,29291561,29292136,29292487,29296238,29298732,29299194,29299598,29300121,","29268349,29272252,29272431,29273864,29278216,29282557,29287134,29288786,29291599,29292169,29292606,29296368,29298895,29299331,29299851,29300521,",0,EWSR1
NM_001438541.1,chr22,+,29268267,29300521,17,"29268267,29272215,29272379,29273737,29278029,29282389,29286922,29288605,29291561,29292136,29292487,29296238,29297826,29298732,29299233,29299598,29300121,","29268349,29272252,29272431,29273864,29278216,29282557,29287134,29288786,29291599,29292169,29292606,29296368,29297949,29298895,29299280,29299851,29300521,",0,EWSR1
NM_001438532.1,chr22,+,29268267,29300521,17,"29268267,29272215,29272379,29273737,29278029,29282389,29286922,29288605,29291561,29292136,29292487,29296238,29297826,29298732,29299233,29299598,29300121,","29268349,29272252,29272431,29273864,29278216,29282557,29287134,29288786,29291599,29292169,29292606,29296368,29297949,29298895,29299331,29299851,29300521,",0,EWSR1
NM_001438536.1,chr22,+,29268267,29300521,17,"29268267,29272215,29272379,29273737,29278029,29282389,29286922,29288605,29291561,29292136,29292487,29296238,29297826,29298732,29299194,29299598,29300121,","29268349,29272252,29272431,29273864,29278216,29282557,29287134,29288786,29291599,29292169,29292606,29296368,29297949,29298895,29299280,29299851,29300521,",0,EWSR1
NM_001438500.1,chr22,+,29268267,29300521,17,"29268267,29272215,29272379,29273737,29278029,29282389,29286922,29288605,29291561,29292136,29292487,29296238,29297826,29298732,29299194,29299598,29300121,","29268349,29272252,29272431,29273864,29278216,29282557,29287134,29288786,29291599,29292169,29292606,29296368,29297949,29298895,29299331,29299851,29300521,",0,EWSR1
XM_017028809.3,chr22,+,29628628,29698600,16,"29628628,29636750,29639089,29642201,29654656,29655593,29658188,29661204,29664989,29668332,29671825,29673268,29674835,29678195,29681438,29694751,","29628773,29636876,29639212,29642285,29654725,29655676,29658264,29661339,29665064,29668446,29671948,29673486,29674941,29678323,29681601,29698600,",0,NF2
XM_047441386.1,chr22,+,29628628,29698600,17,"29628628,29636750,29639089,29642201,29654656,29655593,29658188,29661204,29664989,29668332,29671825,29673268,29674835,29678195,29681438,29683019,29694751,","29628773,29636876,29639212,29642285,29654725,29655676,29658264,29661339,29665064,29668446,29671948,29673486,29674941,29678323,29681601,29683079,29698600,",0,NF2
NM_033016.3,chr22,-,39223358,39240909,7,"39223358,39225694,39230083,39231621,39233434,39235777,39240854,","39225313,39225847,39230228,39231827,39233524,39235874,39240909,",0,PDGFB
XM_047441393.1,chr22,-,39223358,39241127,7,"39223358,39225694,39230083,39231621,39233434,39235777,39241012,","39225313,39225847,39230228,39231827,39233524,39235874,39241127,",0,PDGFB
XM_047441394.1,chr22,-,39223358,39243935,7,"39223358,39225694,39230083,39231621,39233434,39235777,39242925,","39225313,39225847,39230228,39231827,39233524,39235874,39243935,",0,PDGFB
NM_002608.4,chr22,-,39223358,39244982,7,"39223358,39225694,39230083,39231621,39233434,39235777,39243900,","39225313,39225847,39230228,39231827,39233524,39235874,39244982,",0,PDGFB
NM_001267798.2,chr1_GL383520v2_alt,+,280444,336576,4,"280444,280630,333751,335422,","280542,280746,333778,336576,",0,PTPRC
NM_080921.4,chr1_GL383520v2_alt,+,280444,359708,11,"280444,280630,333751,344702,345876,348138,349537,351091,354357,358086,359498,","280542,280746,333778,344777,345903,348357,349666,351229,354477,358245,359708,",0,PTPRC
NM_002838.5,chr1_GL383520v2_alt,+,280444,359708,14,"280444,280630,333751,338116,340968,343791,344702,345876,348138,349537,351091,354357,358086,359498,","280542,280746,333778,338314,341109,343935,344777,345903,348357,349666,351229,354477,358245,359708,",0,PTPRC
NR_052021.2,chr1_GL383520v2_alt,+,280444,334611,3,"280444,280630,333751,","280542,280746,334611,",0,PTPRC
XM_054328534.1,chr6_GL000250v2_alt,-,2029311,2043626,14,"2029311,2032057,2032256,2032608,2032922,2033125,2036887,2037069,2040915,2041170,2041377,2043151,2043306,2043534,","2030137,2032168,2032382,2032791,2033042,2035603,2036958,2037861,2041008,2041230,2042858,2043221,2043436,2043626,",0,MDC1
XM_054328528.1,chr6_GL000250v2_alt,-,2029311,2046737,15,"2029311,2032057,2032256,2032608,2032922,2033125,2036887,2037069,2040915,2041170,2041377,2043151,2043306,2044543,2046385,","2030137,2032168,2032382,2032791,2033042,2035603,2036958,2037861,2041008,2041230,2042858,2043221,2043687,2044682,2046737,",0,MDC1
XM_054328532.1,chr6_GL000250v2_alt,-,2029311,2046737,16,"2029311,2032057,2032256,2032608,2032922,2033125,2036887,2037069,2040915,2041170,2041377,2043151,2043306,2044543,2045091,2046587,","2030137,2032168,2032382,2032791,2033042,2035603,2036958,2037861,2041008,2041230,2042858,2043221,2043687,2044682,2045211,2046737,",0,MDC1
XM_054328527.1,chr6_GL000250v2_alt,-,2029311,2046785,16,"2029311,2032057,2032256,2032608,2032922,2033125,2036887,2037069,2040915,2041170,2041377,2043151,2043306,2044543,2046385,2046748,","2030137,2032168,2032382,2032791,2033042,2035603,2036958,2037861,2041008,2041230,2042858,2043221,2043687,2044682,2046587,2046785,",0,MDC1
XM_054328535.1,chr6_GL000250v2_alt,-,2029311,2046785,16,"2029311,2032057,2032256,2032608,2032922,2033125,2036887,2037639,2040915,2041170,2041377,2043151,2043306,2044543,2046385,2046748,","2030137,2032168,2032382,2032791,2033042,2035603,2036958,2037861,2041008,2041230,2042858,2043221,2043687,2044682,2046587,2046785,",0,MDC1
XM_054328537.1,chr6_GL000250v2_alt,-,2029311,2046785,15,"2029311,2032057,2032256,2032608,2032922,2033125,2036887,2040915,2041170,2041377,2043151,2043306,2044543,2046385,2046748,","2030137,2032168,2032382,2032791,2033042,2035603,2036958,2041008,2041230,2042858,2043221,2043687,2044682,2046587,2046785,",0,MDC1
XM_054328529.1,chr6_GL000250v2_alt,-,2029311,2046785,16,"2029311,2032057,2032256,2032608,2032922,2033125,2036887,2037069,2040915,2041170,2041377,2043151,2043306,2044543,2046385,2046748,","2030137,2032168,2032382,2032791,2033042,2035603,2036958,2037861,2041005,2041230,2042858,2043221,2043687,2044682,2046587,2046785,",0,MDC1
XM_054328536.1,chr6_GL000250v2_alt,-,2029311,2046785,16,"2029311,2032057,2032256,2032608,2032922,2033125,2036887,2037639,2040915,2041170,2041377,2043151,2043306,2044543,2046385,2046748,","2030137,2032168,2032382,2032791,2033042,2035603,2036958,2037861,2041005,2041230,2042858,2043221,2043687,2044682,2046587,2046785,",0,MDC1
XM_054328538.1,chr6_GL000250v2_alt,-,2029311,2046785,15,"2029311,2032057,2032256,2032608,2032922,2033125,2036887,2040915,2041170,2041377,2043151,2043306,2044543,2046385,2046748,","2030137,2032168,2032382,2032791,2033042,2035603,2036958,2041005,2041230,2042858,2043221,2043687,2044682,2046587,2046785,",0,MDC1
XM_054328533.1,chr6_GL000250v2_alt,-,2029311,2046785,16,"2029311,2032057,2032256,2032608,2032922,2033125,2036887,2037069,2040915,2041170,2041377,2043151,2043306,2044543,2046541,2046748,","2030137,2032168,2032382,2032791,2033042,2035603,2036958,2037861,2041008,2041230,2042858,2043221,2043687,2044682,2046587,2046785,",0,MDC1
XM_054328531.1,chr6_GL000250v2_alt,-,2029311,2046785,16,"2029311,2032057,2032256,2032608,2032922,2033125,2036887,2037069,2040915,2041170,2041377,2043151,2043306,2044543,2045091,2046748,","2030137,2032168,2032382,2032791,2033042,2035603,2036958,2037861,2041008,2041230,2042858,2043221,2043687,2044682,2045211,2046785,",0,MDC1
NM_014641.3,chr6_GL000250v2_alt,-,2029311,2046785,15,"2029311,2032057,2032256,2032608,2032922,2033125,2036887,2037069,2040915,2041170,2041377,2043151,2043306,2044543,2046748,","2030137,2032168,2032382,2032791,2033042,2035603,2036958,2037861,2041008,2041230,2042858,2043221,2043687,2044682,2046785,",0,MDC1
XM_054328539.1,chr6_GL000250v2_alt,-,2029311,2047033,14,"2029311,2032057,2032256,2032608,2032922,2033125,2036887,2040915,2041170,2041377,2043151,2043306,2044543,2046752,","2030137,2032168,2032382,2032791,2033042,2035603,2036958,2041008,2041230,2042858,2043221,2043687,2044682,2047033,",0,MDC1
XM_054328540.1,chr6_GL000250v2_alt,-,2029311,2047034,14,"2029311,2032057,2032256,2032608,2032922,2033125,2036887,2040915,2041170,2041377,2043151,2043306,2044543,2046752,","2030137,2032168,2032382,2032791,2033042,2035603,2036958,2041005,2041230,2042858,2043221,2043687,2044682,2047034,",0,MDC1
XM_054328530.1,chr6_GL000250v2_alt,-,2029311,2047039,15,"2029311,2032057,2032256,2032608,2032922,2033125,2036887,2037069,2040915,2041170,2041377,2043151,2043306,2044543,2046752,","2030137,2032168,2032382,2032791,2033042,2035603,2036958,2037861,2041008,2041230,2042858,2043221,2043687,2044682,2047039,",0,MDC1
XM_054329938.1,chr6_GL000251v2_alt,-,2179546,2193862,14,"2179546,2182293,2182492,2182844,2183158,2183361,2187123,2187305,2191151,2191406,2191613,2193387,2193542,2193770,","2180372,2182404,2182618,2183027,2183278,2185839,2187194,2188097,2191244,2191466,2193094,2193457,2193672,2193862,",0,MDC1
XM_054329932.1,chr6_GL000251v2_alt,-,2179546,2196972,15,"2179546,2182293,2182492,2182844,2183158,2183361,2187123,2187305,2191151,2191406,2191613,2193387,2193542,2194779,2196621,","2180372,2182404,2182618,2183027,2183278,2185839,2187194,2188097,2191244,2191466,2193094,2193457,2193923,2194918,2196972,",0,MDC1
XM_054329936.1,chr6_GL000251v2_alt,-,2179546,2196972,16,"2179546,2182293,2182492,2182844,2183158,2183361,2187123,2187305,2191151,2191406,2191613,2193387,2193542,2194779,2195327,2196823,","2180372,2182404,2182618,2183027,2183278,2185839,2187194,2188097,2191244,2191466,2193094,2193457,2193923,2194918,2195447,2196972,",0,MDC1
XM_054329943.1,chr6_GL000251v2_alt,-,2179546,2196980,14,"2179546,2182293,2182492,2182844,2183158,2183361,2187123,2191151,2191406,2191613,2193387,2193542,2194779,2196621,","2180372,2182404,2182618,2183027,2183278,2185839,2187194,2191244,2191466,2193094,2193457,2193923,2194918,2196980,",0,MDC1
XM_054329931.1,chr6_GL000251v2_alt,-,2179546,2197021,16,"2179546,2182293,2182492,2182844,2183158,2183361,2187123,2187305,2191151,2191406,2191613,2193387,2193542,2194779,2196621,2196984,","2180372,2182404,2182618,2183027,2183278,2185839,2187194,2188097,2191244,2191466,2193094,2193457,2193923,2194918,2196823,2197021,",0,MDC1
XM_054329939.1,chr6_GL000251v2_alt,-,2179546,2197021,16,"2179546,2182293,2182492,2182844,2183158,2183361,2187123,2187875,2191151,2191406,2191613,2193387,2193542,2194779,2196621,2196984,","2180372,2182404,2182618,2183027,2183278,2185839,2187194,2188097,2191244,2191466,2193094,2193457,2193923,2194918,2196823,2197021,",0,MDC1
XM_054329942.1,chr6_GL000251v2_alt,-,2179546,2197021,15,"2179546,2182293,2182492,2182844,2183158,2183361,2187123,2191151,2191406,2191613,2193387,2193542,2194779,2196621,2196984,","2180372,2182404,2182618,2183027,2183278,2185839,2187194,2191244,2191466,2193094,2193457,2193923,2194918,2196823,2197021,",0,MDC1
XM_054329933.1,chr6_GL000251v2_alt,-,2179546,2197021,16,"2179546,2182293,2182492,2182844,2183158,2183361,2187123,2187305,2191151,2191406,2191613,2193387,2193542,2194779,2196621,2196984,","2180372,2182404,2182618,2183027,2183278,2185839,2187194,2188097,2191241,2191466,2193094,2193457,2193923,2194918,2196823,2197021,",0,MDC1
XM_054329940.1,chr6_GL000251v2_alt,-,2179546,2197021,16,"2179546,2182293,2182492,2182844,2183158,2183361,2187123,2187875,2191151,2191406,2191613,2193387,2193542,2194779,2196621,2196984,","2180372,2182404,2182618,2183027,2183278,2185839,2187194,2188097,2191241,2191466,2193094,2193457,2193923,2194918,2196823,2197021,",0,MDC1
XM_054329944.1,chr6_GL000251v2_alt,-,2179546,2197021,15,"2179546,2182293,2182492,2182844,2183158,2183361,2187123,2191151,2191406,2191613,2193387,2193542,2194779,2196621,2196984,","2180372,2182404,2182618,2183027,2183278,2185839,2187194,2191241,2191466,2193094,2193457,2193923,2194918,2196823,2197021,",0,MDC1
XM_054329937.1,chr6_GL000251v2_alt,-,2179546,2197021,16,"2179546,2182293,2182492,2182844,2183158,2183361,2187123,2187305,2191151,2191406,2191613,2193387,2193542,2194779,2196777,2196984,","2180372,2182404,2182618,2183027,2183278,2185839,2187194,2188097,2191244,2191466,2193094,2193457,2193923,2194918,2196823,2197021,",0,MDC1
XM_054329935.1,chr6_GL000251v2_alt,-,2179546,2197021,16,"2179546,2182293,2182492,2182844,2183158,2183361,2187123,2187305,2191151,2191406,2191613,2193387,2193542,2194779,2195327,2196984,","2180372,2182404,2182618,2183027,2183278,2185839,2187194,2188097,2191244,2191466,2193094,2193457,2193923,2194918,2195447,2197021,",0,MDC1
NM_014641.3,chr6_GL000251v2_alt,-,2179546,2197021,15,"2179546,2182293,2182492,2182844,2183158,2183361,2187123,2187305,2191151,2191406,2191613,2193387,2193542,2194779,2196984,","2180372,2182404,2182618,2183027,2183278,2185839,2187194,2188097,2191244,2191466,2193094,2193457,2193923,2194918,2197021,",0,MDC1
XM_054329945.1,chr6_GL000251v2_alt,-,2179546,2198547,14,"2179546,2182293,2182492,2182844,2183158,2183361,2187123,2191151,2191406,2191613,2193387,2193542,2194779,2196988,","2180372,2182404,2182618,2183027,2183278,2185839,2187194,2191244,2191466,2193094,2193457,2193923,2194918,2198547,",0,MDC1
XM_054329946.1,chr6_GL000251v2_alt,-,2179546,2198549,14,"2179546,2182293,2182492,2182844,2183158,2183361,2187123,2191151,2191406,2191613,2193387,2193542,2194779,2196988,","2180372,2182404,2182618,2183027,2183278,2185839,2187194,2191241,2191466,2193094,2193457,2193923,2194918,2198549,",0,MDC1
XM_054329941.1,chr6_GL000251v2_alt,-,2179546,2198551,15,"2179546,2182293,2182492,2182844,2183158,2183361,2187123,2187875,2191151,2191406,2191613,2193387,2193542,2194779,2196988,","2180372,2182404,2182618,2183027,2183278,2185839,2187194,2188097,2191244,2191466,2193094,2193457,2193923,2194918,2198551,",0,MDC1
XM_054329934.1,chr6_GL000251v2_alt,-,2179546,2198636,15,"2179546,2182293,2182492,2182844,2183158,2183361,2187123,2187305,2191151,2191406,2191613,2193387,2193542,2194779,2196988,","2180372,2182404,2182618,2183027,2183278,2185839,2187194,2188097,2191244,2191466,2193094,2193457,2193923,2194918,2198636,",0,MDC1
XM_054330432.1,chr6_GL000252v2_alt,-,1955658,1969973,14,"1955658,1958404,1958603,1958955,1959269,1959472,1963234,1963416,1967262,1967517,1967724,1969498,1969653,1969881,","1956484,1958515,1958729,1959138,1959389,1961950,1963305,1964208,1967355,1967577,1969205,1969568,1969783,1969973,",0,MDC1
XM_054330436.1,chr6_GL000252v2_alt,-,1955658,1973083,14,"1955658,1958404,1958603,1958955,1959269,1959472,1963234,1967262,1967517,1967724,1969498,1969653,1970890,1972732,","1956484,1958515,1958729,1959138,1959389,1961950,1963305,1967355,1967577,1969205,1969568,1970034,1971029,1973083,",0,MDC1
XM_054330425.1,chr6_GL000252v2_alt,-,1955658,1973084,15,"1955658,1958404,1958603,1958955,1959269,1959472,1963234,1963416,1967262,1967517,1967724,1969498,1969653,1970890,1972732,","1956484,1958515,1958729,1959138,1959389,1961950,1963305,1964208,1967355,1967577,1969205,1969568,1970034,1971029,1973084,",0,MDC1
XM_054330430.1,chr6_GL000252v2_alt,-,1955658,1973084,16,"1955658,1958404,1958603,1958955,1959269,1959472,1963234,1963416,1967262,1967517,1967724,1969498,1969653,1970890,1971438,1972934,","1956484,1958515,1958729,1959138,1959389,1961950,1963305,1964208,1967355,1967577,1969205,1969568,1970034,1971029,1971558,1973084,",0,MDC1
XM_054330427.1,chr6_GL000252v2_alt,-,1955658,1973084,15,"1955658,1958404,1958603,1958955,1959269,1959472,1963234,1963416,1967262,1967517,1967724,1969498,1969653,1970890,1972934,","1956484,1958515,1958729,1959138,1959389,1961950,1963305,1964208,1967355,1967577,1969205,1969568,1970034,1971029,1973084,",0,MDC1
XM_054330424.1,chr6_GL000252v2_alt,-,1955658,1973132,16,"1955658,1958404,1958603,1958955,1959269,1959472,1963234,1963416,1967262,1967517,1967724,1969498,1969653,1970890,1972732,1973095,","1956484,1958515,1958729,1959138,1959389,1961950,1963305,1964208,1967355,1967577,1969205,1969568,1970034,1971029,1972934,1973132,",0,MDC1
XM_054330433.1,chr6_GL000252v2_alt,-,1955658,1973132,16,"1955658,1958404,1958603,1958955,1959269,1959472,1963234,1963986,1967262,1967517,1967724,1969498,1969653,1970890,1972732,1973095,","1956484,1958515,1958729,1959138,1959389,1961950,1963305,1964208,1967355,1967577,1969205,1969568,1970034,1971029,1972934,1973132,",0,MDC1
XM_054330435.1,chr6_GL000252v2_alt,-,1955658,1973132,15,"1955658,1958404,1958603,1958955,1959269,1959472,1963234,1967262,1967517,1967724,1969498,1969653,1970890,1972732,1973095,","1956484,1958515,1958729,1959138,1959389,1961950,1963305,1967355,1967577,1969205,1969568,1970034,1971029,1972934,1973132,",0,MDC1
XM_054330426.1,chr6_GL000252v2_alt,-,1955658,1973132,16,"1955658,1958404,1958603,1958955,1959269,1959472,1963234,1963416,1967262,1967517,1967724,1969498,1969653,1970890,1972732,1973095,","1956484,1958515,1958729,1959138,1959389,1961950,1963305,1964208,1967352,1967577,1969205,1969568,1970034,1971029,1972934,1973132,",0,MDC1
XM_054330434.1,chr6_GL000252v2_alt,-,1955658,1973132,16,"1955658,1958404,1958603,1958955,1959269,1959472,1963234,1963986,1967262,1967517,1967724,1969498,1969653,1970890,1972732,1973095,","1956484,1958515,1958729,1959138,1959389,1961950,1963305,1964208,1967352,1967577,1969205,1969568,1970034,1971029,1972934,1973132,",0,MDC1
XM_054330437.1,chr6_GL000252v2_alt,-,1955658,1973132,15,"1955658,1958404,1958603,1958955,1959269,1959472,1963234,1967262,1967517,1967724,1969498,1969653,1970890,1972732,1973095,","1956484,1958515,1958729,1959138,1959389,1961950,1963305,1967352,1967577,1969205,1969568,1970034,1971029,1972934,1973132,",0,MDC1
XM_054330431.1,chr6_GL000252v2_alt,-,1955658,1973132,16,"1955658,1958404,1958603,1958955,1959269,1959472,1963234,1963416,1967262,1967517,1967724,1969498,1969653,1970890,1972888,1973095,","1956484,1958515,1958729,1959138,1959389,1961950,1963305,1964208,1967355,1967577,1969205,1969568,1970034,1971029,1972934,1973132,",0,MDC1
XM_054330429.1,chr6_GL000252v2_alt,-,1955658,1973132,16,"1955658,1958404,1958603,1958955,1959269,1959472,1963234,1963416,1967262,1967517,1967724,1969498,1969653,1970890,1971438,1973095,","1956484,1958515,1958729,1959138,1959389,1961950,1963305,1964208,1967355,1967577,1969205,1969568,1970034,1971029,1971558,1973132,",0,MDC1
NM_014641.3,chr6_GL000252v2_alt,-,1955658,1973132,15,"1955658,1958404,1958603,1958955,1959269,1959472,1963234,1963416,1967262,1967517,1967724,1969498,1969653,1970890,1973095,","1956484,1958515,1958729,1959138,1959389,1961950,1963305,1964208,1967355,1967577,1969205,1969568,1970034,1971029,1973132,",0,MDC1
XM_054330438.1,chr6_GL000252v2_alt,-,1955658,1974662,14,"1955658,1958404,1958603,1958955,1959269,1959472,1963234,1967262,1967517,1967724,1969498,1969653,1970890,1973099,","1956484,1958515,1958729,1959138,1959389,1961950,1963305,1967355,1967577,1969205,1969568,1970034,1971029,1974662,",0,MDC1
XM_054330439.1,chr6_GL000252v2_alt,-,1955658,1974665,14,"1955658,1958404,1958603,1958955,1959269,1959472,1963234,1967262,1967517,1967724,1969498,1969653,1970890,1973099,","1956484,1958515,1958729,1959138,1959389,1961950,1963305,1967352,1967577,1969205,1969568,1970034,1971029,1974665,",0,MDC1
XM_054330428.1,chr6_GL000252v2_alt,-,1955658,1974752,15,"1955658,1958404,1958603,1958955,1959269,1959472,1963234,1963416,1967262,1967517,1967724,1969498,1969653,1970890,1973099,","1956484,1958515,1958729,1959138,1959389,1961950,1963305,1964208,1967355,1967577,1969205,1969568,1970034,1971029,1974752,",0,MDC1
XM_054330700.1,chr6_GL000253v2_alt,-,2010058,2024373,14,"2010058,2012804,2013003,2013355,2013669,2013872,2017634,2017816,2021662,2021917,2022124,2023898,2024053,2024281,","2010884,2012915,2013129,2013538,2013789,2016350,2017705,2018608,2021755,2021977,2023605,2023968,2024183,2024373,",0,MDC1
XM_054330695.1,chr6_GL000253v2_alt,-,2010058,2025429,14,"2010058,2012804,2013003,2013355,2013669,2013872,2017634,2017816,2021662,2021917,2022124,2023898,2024053,2025290,","2010884,2012915,2013129,2013538,2013789,2016350,2017705,2018608,2021752,2021977,2023605,2023968,2024434,2025429,",0,MDC1
XM_054330701.1,chr6_GL000253v2_alt,-,2010058,2025429,14,"2010058,2012804,2013003,2013355,2013669,2013872,2017634,2018386,2021662,2021917,2022124,2023898,2024053,2025290,","2010884,2012915,2013129,2013538,2013789,2016350,2017705,2018608,2021752,2021977,2023605,2023968,2024434,2025429,",0,MDC1
XM_054330698.1,chr6_GL000253v2_alt,-,2010058,2027483,16,"2010058,2012804,2013003,2013355,2013669,2013872,2017634,2017816,2021662,2021917,2022124,2023898,2024053,2025290,2025838,2027334,","2010884,2012915,2013129,2013538,2013789,2016350,2017705,2018608,2021755,2021977,2023605,2023968,2024434,2025429,2025958,2027483,",0,MDC1
XM_054330699.1,chr6_GL000253v2_alt,-,2010058,2027532,16,"2010058,2012804,2013003,2013355,2013669,2013872,2017634,2017816,2021662,2021917,2022124,2023898,2024053,2025290,2027288,2027495,","2010884,2012915,2013129,2013538,2013789,2016350,2017705,2018608,2021755,2021977,2023605,2023968,2024434,2025429,2027334,2027532,",0,MDC1
XM_054330697.1,chr6_GL000253v2_alt,-,2010058,2027532,16,"2010058,2012804,2013003,2013355,2013669,2013872,2017634,2017816,2021662,2021917,2022124,2023898,2024053,2025290,2025838,2027495,","2010884,2012915,2013129,2013538,2013789,2016350,2017705,2018608,2021755,2021977,2023605,2023968,2024434,2025429,2025958,2027532,",0,MDC1
NM_014641.3,chr6_GL000253v2_alt,-,2010058,2027532,15,"2010058,2012804,2013003,2013355,2013669,2013872,2017634,2017816,2021662,2021917,2022124,2023898,2024053,2025290,2027495,","2010884,2012915,2013129,2013538,2013789,2016350,2017705,2018608,2021755,2021977,2023605,2023968,2024434,2025429,2027532,",0,MDC1
XM_054330703.1,chr6_GL000253v2_alt,-,2010058,2030457,14,"2010058,2012804,2013003,2013355,2013669,2013872,2017634,2021662,2021917,2022124,2023898,2024053,2025290,2027499,","2010884,2012915,2013129,2013538,2013789,2016350,2017705,2021755,2021977,2023605,2023968,2024434,2025429,2030457,",0,MDC1
XM_054330704.1,chr6_GL000253v2_alt,-,2010058,2030459,14,"2010058,2012804,2013003,2013355,2013669,2013872,2017634,2021662,2021917,2022124,2023898,2024053,2025290,2027499,","2010884,2012915,2013129,2013538,2013789,2016350,2017705,2021752,2021977,2023605,2023968,2024434,2025429,2030459,",0,MDC1
XM_054330702.1,chr6_GL000253v2_alt,-,2010058,2030460,15,"2010058,2012804,2013003,2013355,2013669,2013872,2017634,2018386,2021662,2021917,2022124,2023898,2024053,2025290,2027499,","2010884,2012915,2013129,2013538,2013789,2016350,2017705,2018608,2021755,2021977,2023605,2023968,2024434,2025429,2030460,",0,MDC1
XM_054330696.1,chr6_GL000253v2_alt,-,2010058,2030465,15,"2010058,2012804,2013003,2013355,2013669,2013872,2017634,2017816,2021662,2021917,2022124,2023898,2024053,2025290,2027499,","2010884,2012915,2013129,2013538,2013789,2016350,2017705,2018608,2021755,2021977,2023605,2023968,2024434,2025429,2030465,",0,MDC1
XM_054330925.1,chr6_GL000254v2_alt,-,2043882,2058197,14,"2043882,2046628,2046827,2047179,2047493,2047696,2051458,2051640,2055486,2055741,2055948,2057722,2057877,2058105,","2044708,2046739,2046953,2047362,2047613,2050174,2051529,2052432,2055579,2055801,2057429,2057792,2058007,2058197,",0,MDC1
XM_054330918.1,chr6_GL000254v2_alt,-,2043882,2061307,15,"2043882,2046628,2046827,2047179,2047493,2047696,2051458,2051640,2055486,2055741,2055948,2057722,2057877,2059114,2060956,","2044708,2046739,2046953,2047362,2047613,2050174,2051529,2052432,2055579,2055801,2057429,2057792,2058258,2059253,2061307,",0,MDC1
XM_054330923.1,chr6_GL000254v2_alt,-,2043882,2061307,16,"2043882,2046628,2046827,2047179,2047493,2047696,2051458,2051640,2055486,2055741,2055948,2057722,2057877,2059114,2059662,2061158,","2044708,2046739,2046953,2047362,2047613,2050174,2051529,2052432,2055579,2055801,2057429,2057792,2058258,2059253,2059782,2061307,",0,MDC1
XM_054330920.1,chr6_GL000254v2_alt,-,2043882,2061307,15,"2043882,2046628,2046827,2047179,2047493,2047696,2051458,2051640,2055486,2055741,2055948,2057722,2057877,2059114,2061158,","2044708,2046739,2046953,2047362,2047613,2050174,2051529,2052432,2055579,2055801,2057429,2057792,2058258,2059253,2061307,",0,MDC1
XM_054330930.1,chr6_GL000254v2_alt,-,2043882,2061315,14,"2043882,2046628,2046827,2047179,2047493,2047696,2051458,2055486,2055741,2055948,2057722,2057877,2059114,2060956,","2044708,2046739,2046953,2047362,2047613,2050174,2051529,2055579,2055801,2057429,2057792,2058258,2059253,2061315,",0,MDC1
XM_054330917.1,chr6_GL000254v2_alt,-,2043882,2061356,16,"2043882,2046628,2046827,2047179,2047493,2047696,2051458,2051640,2055486,2055741,2055948,2057722,2057877,2059114,2060956,2061319,","2044708,2046739,2046953,2047362,2047613,2050174,2051529,2052432,2055579,2055801,2057429,2057792,2058258,2059253,2061158,2061356,",0,MDC1
XM_054330926.1,chr6_GL000254v2_alt,-,2043882,2061356,16,"2043882,2046628,2046827,2047179,2047493,2047696,2051458,2052210,2055486,2055741,2055948,2057722,2057877,2059114,2060956,2061319,","2044708,2046739,2046953,2047362,2047613,2050174,2051529,2052432,2055579,2055801,2057429,2057792,2058258,2059253,2061158,2061356,",0,MDC1
XM_054330929.1,chr6_GL000254v2_alt,-,2043882,2061356,15,"2043882,2046628,2046827,2047179,2047493,2047696,2051458,2055486,2055741,2055948,2057722,2057877,2059114,2060956,2061319,","2044708,2046739,2046953,2047362,2047613,2050174,2051529,2055579,2055801,2057429,2057792,2058258,2059253,2061158,2061356,",0,MDC1
XM_054330919.1,chr6_GL000254v2_alt,-,2043882,2061356,16,"2043882,2046628,2046827,2047179,2047493,2047696,2051458,2051640,2055486,2055741,2055948,2057722,2057877,2059114,2060956,2061319,","2044708,2046739,2046953,2047362,2047613,2050174,2051529,2052432,2055576,2055801,2057429,2057792,2058258,2059253,2061158,2061356,",0,MDC1
XM_054330927.1,chr6_GL000254v2_alt,-,2043882,2061356,16,"2043882,2046628,2046827,2047179,2047493,2047696,2051458,2052210,2055486,2055741,2055948,2057722,2057877,2059114,2060956,2061319,","2044708,2046739,2046953,2047362,2047613,2050174,2051529,2052432,2055576,2055801,2057429,2057792,2058258,2059253,2061158,2061356,",0,MDC1
XM_054330931.1,chr6_GL000254v2_alt,-,2043882,2061356,15,"2043882,2046628,2046827,2047179,2047493,2047696,2051458,2055486,2055741,2055948,2057722,2057877,2059114,2060956,2061319,","2044708,2046739,2046953,2047362,2047613,2050174,2051529,2055576,2055801,2057429,2057792,2058258,2059253,2061158,2061356,",0,MDC1
XM_054330924.1,chr6_GL000254v2_alt,-,2043882,2061356,16,"2043882,2046628,2046827,2047179,2047493,2047696,2051458,2051640,2055486,2055741,2055948,2057722,2057877,2059114,2061112,2061319,","2044708,2046739,2046953,2047362,2047613,2050174,2051529,2052432,2055579,2055801,2057429,2057792,2058258,2059253,2061158,2061356,",0,MDC1
XM_054330921.1,chr6_GL000254v2_alt,-,2043882,2061356,16,"2043882,2046628,2046827,2047179,2047493,2047696,2051458,2051640,2055486,2055741,2055948,2057722,2057877,2059114,2059662,2061319,","2044708,2046739,2046953,2047362,2047613,2050174,2051529,2052432,2055579,2055801,2057429,2057792,2058258,2059253,2059782,2061356,",0,MDC1
NM_014641.3,chr6_GL000254v2_alt,-,2043882,2061356,15,"2043882,2046628,2046827,2047179,2047493,2047696,2051458,2051640,2055486,2055741,2055948,2057722,2057877,2059114,2061319,","2044708,2046739,2046953,2047362,2047613,2050174,2051529,2052432,2055579,2055801,2057429,2057792,2058258,2059253,2061356,",0,MDC1
XM_054330932.1,chr6_GL000254v2_alt,-,2043882,2064281,14,"2043882,2046628,2046827,2047179,2047493,2047696,2051458,2055486,2055741,2055948,2057722,2057877,2059114,2061323,","2044708,2046739,2046953,2047362,2047613,2050174,2051529,2055579,2055801,2057429,2057792,2058258,2059253,2064281,",0,MDC1
XM_054330933.1,chr6_GL000254v2_alt,-,2043882,2064283,14,"2043882,2046628,2046827,2047179,2047493,2047696,2051458,2055486,2055741,2055948,2057722,2057877,2059114,2061323,","2044708,2046739,2046953,2047362,2047613,2050174,2051529,2055576,2055801,2057429,2057792,2058258,2059253,2064283,",0,MDC1
XM_054330928.1,chr6_GL000254v2_alt,-,2043882,2064284,15,"2043882,2046628,2046827,2047179,2047493,2047696,2051458,2052210,2055486,2055741,2055948,2057722,2057877,2059114,2061323,","2044708,2046739,2046953,2047362,2047613,2050174,2051529,2052432,2055579,2055801,2057429,2057792,2058258,2059253,2064284,",0,MDC1
XM_054330922.1,chr6_GL000254v2_alt,-,2043882,2064289,15,"2043882,2046628,2046827,2047179,2047493,2047696,2051458,2051640,2055486,2055741,2055948,2057722,2057877,2059114,2061323,","2044708,2046739,2046953,2047362,2047613,2050174,2051529,2052432,2055579,2055801,2057429,2057792,2058258,2059253,2064289,",0,MDC1
XM_054331205.1,chr6_GL000255v2_alt,-,1954919,1969234,14,"1954919,1957666,1957865,1958217,1958531,1958734,1962495,1962677,1966523,1966778,1966985,1968759,1968914,1969142,","1955745,1957777,1957991,1958400,1958651,1961212,1962566,1963469,1966616,1966838,1968466,1968829,1969044,1969234,",0,MDC1
XM_054331206.1,chr6_GL000255v2_alt,-,1954919,1972344,15,"1954919,1957666,1957865,1958217,1958531,1958734,1962495,1963247,1966523,1966778,1966985,1968759,1968914,1970151,1971993,","1955745,1957777,1957991,1958400,1958651,1961212,1962566,1963469,1966616,1966838,1968466,1968829,1969295,1970290,1972344,",0,MDC1
XM_054331207.1,chr6_GL000255v2_alt,-,1954919,1972344,15,"1954919,1957666,1957865,1958217,1958531,1958734,1962495,1963247,1966523,1966778,1966985,1968759,1968914,1970151,1971993,","1955745,1957777,1957991,1958400,1958651,1961212,1962566,1963469,1966613,1966838,1968466,1968829,1969295,1970290,1972344,",0,MDC1
XM_054331199.1,chr6_GL000255v2_alt,-,1954919,1972345,15,"1954919,1957666,1957865,1958217,1958531,1958734,1962495,1962677,1966523,1966778,1966985,1968759,1968914,1970151,1971993,","1955745,1957777,1957991,1958400,1958651,1961212,1962566,1963469,1966616,1966838,1968466,1968829,1969295,1970290,1972345,",0,MDC1
XM_054331200.1,chr6_GL000255v2_alt,-,1954919,1972345,15,"1954919,1957666,1957865,1958217,1958531,1958734,1962495,1962677,1966523,1966778,1966985,1968759,1968914,1970151,1971993,","1955745,1957777,1957991,1958400,1958651,1961212,1962566,1963469,1966613,1966838,1968466,1968829,1969295,1970290,1972345,",0,MDC1
XM_054331203.1,chr6_GL000255v2_alt,-,1954919,1972345,16,"1954919,1957666,1957865,1958217,1958531,1958734,1962495,1962677,1966523,1966778,1966985,1968759,1968914,1970151,1970699,1972195,","1955745,1957777,1957991,1958400,1958651,1961212,1962566,1963469,1966616,1966838,1968466,1968829,1969295,1970290,1970819,1972345,",0,MDC1
XM_054331198.1,chr6_GL000255v2_alt,-,1954919,1972393,16,"1954919,1957666,1957865,1958217,1958531,1958734,1962495,1962677,1966523,1966778,1966985,1968759,1968914,1970151,1971993,1972356,","1955745,1957777,1957991,1958400,1958651,1961212,1962566,1963469,1966616,1966838,1968466,1968829,1969295,1970290,1972195,1972393,",0,MDC1
XM_054331209.1,chr6_GL000255v2_alt,-,1954919,1972393,15,"1954919,1957666,1957865,1958217,1958531,1958734,1962495,1966523,1966778,1966985,1968759,1968914,1970151,1971993,1972356,","1955745,1957777,1957991,1958400,1958651,1961212,1962566,1966616,1966838,1968466,1968829,1969295,1970290,1972195,1972393,",0,MDC1
XM_054331210.1,chr6_GL000255v2_alt,-,1954919,1972393,15,"1954919,1957666,1957865,1958217,1958531,1958734,1962495,1966523,1966778,1966985,1968759,1968914,1970151,1971993,1972356,","1955745,1957777,1957991,1958400,1958651,1961212,1962566,1966613,1966838,1968466,1968829,1969295,1970290,1972195,1972393,",0,MDC1
XM_054331204.1,chr6_GL000255v2_alt,-,1954919,1972393,16,"1954919,1957666,1957865,1958217,1958531,1958734,1962495,1962677,1966523,1966778,1966985,1968759,1968914,1970151,1972149,1972356,","1955745,1957777,1957991,1958400,1958651,1961212,1962566,1963469,1966616,1966838,1968466,1968829,1969295,1970290,1972195,1972393,",0,MDC1
XM_054331202.1,chr6_GL000255v2_alt,-,1954919,1972393,16,"1954919,1957666,1957865,1958217,1958531,1958734,1962495,1962677,1966523,1966778,1966985,1968759,1968914,1970151,1970699,1972356,","1955745,1957777,1957991,1958400,1958651,1961212,1962566,1963469,1966616,1966838,1968466,1968829,1969295,1970290,1970819,1972393,",0,MDC1
NM_014641.3,chr6_GL000255v2_alt,-,1954919,1972393,15,"1954919,1957666,1957865,1958217,1958531,1958734,1962495,1962677,1966523,1966778,1966985,1968759,1968914,1970151,1972356,","1955745,1957777,1957991,1958400,1958651,1961212,1962566,1963469,1966616,1966838,1968466,1968829,1969295,1970290,1972393,",0,MDC1
XM_054331211.1,chr6_GL000255v2_alt,-,1954919,1972640,14,"1954919,1957666,1957865,1958217,1958531,1958734,1962495,1966523,1966778,1966985,1968759,1968914,1970151,1972360,","1955745,1957777,1957991,1958400,1958651,1961212,1962566,1966616,1966838,1968466,1968829,1969295,1970290,1972640,",0,MDC1
XM_054331212.1,chr6_GL000255v2_alt,-,1954919,1972641,14,"1954919,1957666,1957865,1958217,1958531,1958734,1962495,1966523,1966778,1966985,1968759,1968914,1970151,1972360,","1955745,1957777,1957991,1958400,1958651,1961212,1962566,1966613,1966838,1968466,1968829,1969295,1970290,1972641,",0,MDC1
XM_054331208.1,chr6_GL000255v2_alt,-,1954919,1972642,15,"1954919,1957666,1957865,1958217,1958531,1958734,1962495,1963247,1966523,1966778,1966985,1968759,1968914,1970151,1972360,","1955745,1957777,1957991,1958400,1958651,1961212,1962566,1963469,1966616,1966838,1968466,1968829,1969295,1970290,1972642,",0,MDC1
XM_054331201.1,chr6_GL000255v2_alt,-,1954919,1972647,15,"1954919,1957666,1957865,1958217,1958531,1958734,1962495,1962677,1966523,1966778,1966985,1968759,1968914,1970151,1972360,","1955745,1957777,1957991,1958400,1958651,1961212,1962566,1963469,1966616,1966838,1968466,1968829,1969295,1970290,1972647,",0,MDC1
XM_054331442.1,chr6_GL000256v2_alt,-,2000592,2014907,14,"2000592,2003338,2003537,2003889,2004203,2004406,2008168,2008350,2012196,2012451,2012658,2014432,2014587,2014815,","2001418,2003449,2003663,2004072,2004323,2006884,2008239,2009142,2012289,2012511,2014139,2014502,2014717,2014907,",0,MDC1
XM_054331441.1,chr6_GL000256v2_alt,-,2000592,2017847,15,"2000592,2003338,2003537,2003889,2004203,2004406,2008168,2008350,2012196,2012451,2012658,2014432,2014587,2015824,2017823,","2001418,2003449,2003663,2004072,2004323,2006884,2008239,2009142,2012289,2012511,2014139,2014502,2014968,2015963,2017847,",0,MDC1
XM_054331446.1,chr6_GL000256v2_alt,-,2000592,2018018,14,"2000592,2003338,2003537,2003889,2004203,2004406,2008168,2012196,2012451,2012658,2014432,2014587,2015824,2017667,","2001418,2003449,2003663,2004072,2004323,2006884,2008239,2012289,2012511,2014139,2014502,2014968,2015963,2018018,",0,MDC1
XM_054331440.1,chr6_GL000256v2_alt,-,2000592,2018019,16,"2000592,2003338,2003537,2003889,2004203,2004406,2008168,2008350,2012196,2012451,2012658,2014432,2014587,2015824,2016372,2017869,","2001418,2003449,2003663,2004072,2004323,2006884,2008239,2009142,2012289,2012511,2014139,2014502,2014968,2015963,2016492,2018019,",0,MDC1
XM_054331436.1,chr6_GL000256v2_alt,-,2000592,2018067,16,"2000592,2003338,2003537,2003889,2004203,2004406,2008168,2008350,2012196,2012451,2012658,2014432,2014587,2015824,2017667,2018030,","2001418,2003449,2003663,2004072,2004323,2006884,2008239,2009142,2012289,2012511,2014139,2014502,2014968,2015963,2017869,2018067,",0,MDC1
XM_054331443.1,chr6_GL000256v2_alt,-,2000592,2018067,16,"2000592,2003338,2003537,2003889,2004203,2004406,2008168,2008920,2012196,2012451,2012658,2014432,2014587,2015824,2017667,2018030,","2001418,2003449,2003663,2004072,2004323,2006884,2008239,2009142,2012289,2012511,2014139,2014502,2014968,2015963,2017869,2018067,",0,MDC1
XM_054331445.1,chr6_GL000256v2_alt,-,2000592,2018067,15,"2000592,2003338,2003537,2003889,2004203,2004406,2008168,2012196,2012451,2012658,2014432,2014587,2015824,2017667,2018030,","2001418,2003449,2003663,2004072,2004323,2006884,2008239,2012289,2012511,2014139,2014502,2014968,2015963,2017869,2018067,",0,MDC1
XM_054331437.1,chr6_GL000256v2_alt,-,2000592,2018067,16,"2000592,2003338,2003537,2003889,2004203,2004406,2008168,2008350,2012196,2012451,2012658,2014432,2014587,2015824,2017667,2018030,","2001418,2003449,2003663,2004072,2004323,2006884,2008239,2009142,2012286,2012511,2014139,2014502,2014968,2015963,2017869,2018067,",0,MDC1
XM_054331444.1,chr6_GL000256v2_alt,-,2000592,2018067,16,"2000592,2003338,2003537,2003889,2004203,2004406,2008168,2008920,2012196,2012451,2012658,2014432,2014587,2015824,2017667,2018030,","2001418,2003449,2003663,2004072,2004323,2006884,2008239,2009142,2012286,2012511,2014139,2014502,2014968,2015963,2017869,2018067,",0,MDC1
XM_054331447.1,chr6_GL000256v2_alt,-,2000592,2018067,15,"2000592,2003338,2003537,2003889,2004203,2004406,2008168,2012196,2012451,2012658,2014432,2014587,2015824,2017667,2018030,","2001418,2003449,2003663,2004072,2004323,2006884,2008239,2012286,2012511,2014139,2014502,2014968,2015963,2017869,2018067,",0,MDC1
XM_054331439.1,chr6_GL000256v2_alt,-,2000592,2018067,16,"2000592,2003338,2003537,2003889,2004203,2004406,2008168,2008350,2012196,2012451,2012658,2014432,2014587,2015824,2016372,2018030,","2001418,2003449,2003663,2004072,2004323,2006884,2008239,2009142,2012289,2012511,2014139,2014502,2014968,2015963,2016492,2018067,",0,MDC1
NM_014641.3,chr6_GL000256v2_alt,-,2000592,2018067,15,"2000592,2003338,2003537,2003889,2004203,2004406,2008168,2008350,2012196,2012451,2012658,2014432,2014587,2015824,2018030,","2001418,2003449,2003663,2004072,2004323,2006884,2008239,2009142,2012289,2012511,2014139,2014502,2014968,2015963,2018067,",0,MDC1
XM_054331438.1,chr6_GL000256v2_alt,-,2000592,2019687,15,"2000592,2003338,2003537,2003889,2004203,2004406,2008168,2008350,2012196,2012451,2012658,2014432,2014587,2015824,2018034,","2001418,2003449,2003663,2004072,2004323,2006884,2008239,2009142,2012289,2012511,2014139,2014502,2014968,2015963,2019687,",0,MDC1
NM_001304718.2,chr10_KQ090021v1_fix,+,79448,187719,9,"79448,109847,146837,148804,158399,167906,173641,176682,181075,","80371,109932,146881,149043,158558,168048,173808,176907,187719,",0,PTEN
NM_000314.8,chr10_KQ090021v1_fix,+,79448,187719,9,"79448,109847,141304,146837,148804,167906,173641,176682,181075,","80371,109932,141349,146881,149043,168048,173808,176907,187719,",0,PTEN
NM_001304717.5,chr10_KQ090021v1_fix,+,79448,187719,9,"79448,109847,141304,146837,148804,167906,173641,176682,181075,","80371,109932,141349,146881,149043,168048,173808,176907,187719,",0,PTEN
NM_176795.5,chr11_KI270832v1_alt,-,61882,65217,6,"61882,62917,63093,63406,63852,65056,","62396,62999,63253,63585,64016,65217,",0,HRAS
NM_001318054.2,chr11_KI270832v1_alt,-,61882,65217,7,"61882,62271,62917,63093,63406,63852,65056,","62163,62396,62999,63253,63585,64016,65217,",0,HRAS
NM_001130442.3,chr11_KI270832v1_alt,-,61882,65217,5,"61882,63093,63406,63852,65056,","62396,63253,63585,64016,65217,",0,HRAS
NM_005343.4,chr11_KI270832v1_alt,-,61882,65217,6,"61882,62271,63093,63406,63852,65056,","62163,62396,63253,63585,64016,65217,",0,HRAS
NM_001008781.3,chr11_KQ090022v1_fix,+,123861,157427,4,"123861,128368,137445,157137,","127169,128380,137463,157427,",0,FAT3
NM_001367949.2,chr11_KQ090022v1_fix,+,123861,157427,4,"123861,128368,137445,157137,","127169,128380,137463,157427,",0,FAT3
NM_001378141.1,chr11_KQ090022v1_fix,+,123861,127171,1,"123861,","127171,",0,FAT3
NM_001128147.3,chr17_MU273380v1_fix,+,174150,301938,15,"174150,235156,238183,242359,249064,260595,260883,261681,279595,280210,280584,285413,293624,298178,301023,","174543,235300,238267,242550,249171,260663,260959,261839,279769,280333,280659,285545,293759,298292,301938,",0,NF1
NM_000267.4,chr17_MU273380v1_fix,+,174150,456538,57,"174150,235156,238183,242359,249064,260595,260883,261681,279595,280210,280584,285413,293624,298178,301023,302617,304268,305608,306391,306696,308198,309008,309433,310015,311246,311873,312175,314784,315091,328157,337517,338205,339542,340884,344401,404966,406624,409421,413607,415189,415491,416224,416675,416881,417560,419361,421879,427988,429051,431124,435327,435827,436136,437347,437836,439354,452875,","174543,235300,238267,242550,249171,260663,260959,261839,279769,280333,280659,285545,293759,298292,301103,302741,304424,305858,306465,306780,308639,309148,309556,310099,311363,312055,312387,314946,315195,328293,337676,338303,339689,341031,344512,405399,406965,409624,413801,415330,415771,416439,416737,416996,417662,419502,422006,428120,429187,431282,435450,435958,436237,437490,437883,439571,456538,",0,NF1
NM_001042492.3,chr17_MU273380v1_fix,+,174150,456538,58,"174150,235156,238183,242359,249064,260595,260883,261681,279595,280210,280584,285413,293624,298178,301023,302617,304268,305608,306391,306696,308198,309008,309433,310015,311246,311873,312175,314784,315091,328157,332111,337517,338205,339542,340884,344401,404966,406624,409421,413607,415189,415491,416224,416675,416881,417560,419361,421879,427988,429051,431124,435327,435827,436136,437347,437836,439354,452875,","174543,235300,238267,242550,249171,260663,260959,261839,279769,280333,280659,285545,293759,298292,301103,302741,304424,305858,306465,306780,308639,309148,309556,310099,311363,312055,312387,314946,315195,328293,332174,337676,338303,339689,341031,344512,405399,406965,409624,413801,415330,415771,416439,416737,416996,417662,419502,422006,428120,429187,431282,435450,435958,436237,437490,437883,439571,456538,",0,NF1
XM_054333298.1,chr20_MU273389v1_fix,+,254200,315552,13,"254200,274705,293651,295576,303396,303675,305663,307200,309616,311103,311936,312250,312672,","254389,274779,293905,295676,303495,303779,305813,307356,309796,311180,312090,312382,315552,",0,SRC
NM_005417.5,chr20_MU273389v1_fix,+,254200,315552,14,"254200,274705,292120,293651,295576,303396,303675,305663,307200,309616,311103,311936,312250,312672,","254389,274779,292288,293905,295676,303495,303779,305813,307356,309796,311180,312090,312382,315552,",0,SRC
XM_054333284.1,chr20_MU273389v1_fix,+,254200,315552,15,"254200,274705,292120,293651,295576,295961,303396,303675,305663,307200,309616,311103,311936,312250,312672,","254389,274779,292288,293905,295676,295979,303495,303779,305813,307356,309796,311180,312090,312382,315552,",0,SRC
XM_054333295.1,chr20_MU273389v1_fix,+,254200,315552,14,"254200,274705,292120,293258,295576,303396,303675,305663,307200,309616,311103,311936,312250,312672,","254389,274779,292288,293905,295676,303495,303779,305813,307356,309796,311180,312090,312382,315552,",0,SRC
XM_054333299.1,chr20_MU273389v1_fix,+,254200,315552,14,"254200,254550,274705,293651,295576,303396,303675,305663,307200,309616,311103,311936,312250,312672,","254389,254731,274779,293905,295676,303495,303779,305813,307356,309796,311180,312090,312382,315552,",0,SRC
XM_054333289.1,chr20_MU273389v1_fix,+,254200,315552,15,"254200,254550,274705,292120,293651,295576,303396,303675,305663,307200,309616,311103,311936,312250,312672,","254389,254731,274779,292288,293905,295676,303495,303779,305813,307356,309796,311180,312090,312382,315552,",0,SRC
XM_054333283.1,chr20_MU273389v1_fix,+,254200,315552,16,"254200,254550,274705,292120,293651,295576,295961,303396,303675,305663,307200,309616,311103,311936,312250,312672,","254389,254731,274779,292288,293905,295676,295979,303495,303779,305813,307356,309796,311180,312090,312382,315552,",0,SRC
XM_054333292.1,chr20_MU273389v1_fix,+,254200,315552,16,"254200,254550,274705,290140,292120,293651,295576,303396,303675,305663,307200,309616,311103,311936,312250,312672,","254389,254731,274779,290312,292288,293905,295676,303495,303779,305813,307356,309796,311180,312090,312382,315552,",0,SRC
XM_054333296.1,chr20_MU273389v1_fix,+,254200,315552,14,"254200,254550,274705,293651,295576,303396,303675,305663,307200,309616,311103,311936,312250,312672,","254389,255757,274779,293905,295676,303495,303779,305813,307356,309796,311180,312090,312382,315552,",0,SRC
XM_054333287.1,chr20_MU273389v1_fix,+,254200,315552,15,"254200,254550,274705,292120,293651,295576,303396,303675,305663,307200,309616,311103,311936,312250,312672,","254389,255757,274779,292288,293905,295676,303495,303779,305813,307356,309796,311180,312090,312382,315552,",0,SRC
XM_054333282.1,chr20_MU273389v1_fix,+,254200,315552,16,"254200,254550,274705,292120,293651,295576,295961,303396,303675,305663,307200,309616,311103,311936,312250,312672,","254389,255757,274779,292288,293905,295676,295979,303495,303779,305813,307356,309796,311180,312090,312382,315552,",0,SRC
XM_054333294.1,chr20_MU273389v1_fix,+,254200,315552,15,"254200,254550,274705,292120,293258,295576,303396,303675,305663,307200,309616,311103,311936,312250,312672,","254389,255757,274779,292288,293905,295676,303495,303779,305813,307356,309796,311180,312090,312382,315552,",0,SRC
XM_054333291.1,chr20_MU273389v1_fix,+,254200,315552,16,"254200,254550,274705,290140,292120,293651,295576,303396,303675,305663,307200,309616,311103,311936,312250,312672,","254389,255757,274779,290312,292288,293905,295676,303495,303779,305813,307356,309796,311180,312090,312382,315552,",0,SRC
XM_054333297.1,chr20_MU273389v1_fix,+,254200,315552,15,"254200,254550,256619,274705,293651,295576,303396,303675,305663,307200,309616,311103,311936,312250,312672,","254389,255757,256738,274779,293905,295676,303495,303779,305813,307356,309796,311180,312090,312382,315552,",0,SRC
XM_054333288.1,chr20_MU273389v1_fix,+,254200,315552,16,"254200,254550,256619,274705,292120,293651,295576,303396,303675,305663,307200,309616,311103,311936,312250,312672,","254389,255757,256738,274779,292288,293905,295676,303495,303779,305813,307356,309796,311180,312090,312382,315552,",0,SRC
XM_054333281.1,chr20_MU273389v1_fix,+,254200,315552,17,"254200,254550,256619,274705,292120,293651,295576,295961,303396,303675,305663,307200,309616,311103,311936,312250,312672,","254389,255757,256738,274779,292288,293905,295676,295979,303495,303779,305813,307356,309796,311180,312090,312382,315552,",0,SRC
XM_054333293.1,chr20_MU273389v1_fix,+,254200,315552,16,"254200,254550,256619,274705,292120,293258,295576,303396,303675,305663,307200,309616,311103,311936,312250,312672,","254389,255757,256738,274779,292288,293905,295676,303495,303779,305813,307356,309796,311180,312090,312382,315552,",0,SRC
XM_054333286.1,chr20_MU273389v1_fix,+,254200,315552,18,"254200,254550,256619,260444,274705,292120,293651,295576,295961,303396,303675,305663,307200,309616,311103,311936,312250,312672,","254389,255757,256738,260572,274779,292288,293905,295676,295979,303495,303779,305813,307356,309796,311180,312090,312382,315552,",0,SRC
XM_054333285.1,chr20_MU273389v1_fix,+,254200,315552,19,"254200,254550,256619,260444,260713,274705,292120,293651,295576,295961,303396,303675,305663,307200,309616,311103,311936,312250,312672,","254389,255757,256738,260572,260822,274779,292288,293905,295676,295979,303495,303779,305813,307356,309796,311180,312090,312382,315552,",0,SRC
NM_198291.3,chr20_MU273389v1_fix,+,255641,315552,14,"255641,274705,292120,293651,295576,303396,303675,305663,307200,309616,311103,311936,312250,312672,","255757,274779,292288,293905,295676,303495,303779,305813,307356,309796,311180,312090,312382,315552,",0,SRC
XM_054333290.1,chr20_MU273389v1_fix,+,264278,315552,14,"264278,274705,292120,293651,295576,303396,303675,305663,307200,309616,311103,311936,312250,312672,","264362,274779,292288,293905,295676,303495,303779,305813,307356,309796,311180,312090,312382,315552,",0,SRC
NM_001007468.3,chr22_KI270879v1_alt,+,23327,74371,9,"23327,28117,29920,37305,39656,53131,61586,69933,70502,","23624,28229,30050,37443,39784,53298,61777,70065,74371,",0,SMARCB1
NM_001317946.2,chr22_KI270879v1_alt,+,23327,74371,9,"23327,28117,29920,37305,39656,53131,61586,69933,70502,","23624,28229,30050,37497,39784,53298,61777,70065,74371,",0,SMARCB1
NM_003073.5,chr22_KI270879v1_alt,+,23327,74371,9,"23327,28117,29920,37305,39656,53131,61586,69933,70502,","23624,28256,30050,37443,39784,53298,61777,70065,74371,",0,SMARCB1
NM_001362877.2,chr22_KI270879v1_alt,+,23327,74371,9,"23327,28117,29920,37305,39656,53131,61586,69933,70502,","23624,28256,30050,37497,39784,53298,61777,70065,74371,",0,SMARCB1
